HR600541_1:101		
339.441	1653	
339.794	1699	
340.147	1753	
340.499	1669	
340.852	1800	
341.204	1686	
341.557	1670	
341.909	1703	
342.261	1777	
342.614	1797	
342.966	1783	
343.319	1819	
343.671	1850	
344.023	1711	
344.376	1744	
344.728	1807	
345.08	1849	
345.432	1825	
345.785	1915	
346.137	1686	
346.489	1916	
346.841	1875	
347.193	1942	
347.546	1795	
347.898	1798	
348.25	1847	
348.602	1836	
348.954	1887	
349.306	1845	
349.658	1780	
350.01	1843	
350.362	1910	
350.714	1893	
351.066	1880	
351.418	1876	
351.77	1925	
352.122	2042	
352.473	2066	
352.825	1919	
353.177	2097	
353.529	2347	
353.881	2387	
354.232	2287	
354.584	2241	
354.936	2111	
355.288	2069	
355.639	1947	
355.991	2080	
356.343	2217	
356.694	2298	
357.046	2685	
357.397	2962	
357.749	3421	
358.101	3431	
358.452	3354	
358.804	2964	
359.155	2312	
359.507	2032	
359.858	1983	
360.209	1874	
360.561	1969	
360.912	1889	
361.264	1959	
361.615	1944	
361.966	1859	
362.318	1907	
362.669	1999	
363.02	1854	
363.371	1906	
363.723	1909	
364.074	1913	
364.425	1871	
364.776	1841	
365.127	1811	
365.478	1830	
365.83	1846	
366.181	1934	
366.532	1890	
366.883	1879	
367.234	2740	
367.585	1832	
367.936	1924	
368.287	1890	
368.638	2066	
368.989	1753	
369.34	1990	
369.69	1938	
370.041	1870	
370.392	1901	
370.743	1980	
371.094	1978	
371.445	1992	
371.795	2221	
372.146	1932	
372.497	1971	
372.848	1777	
373.198	1904	
373.549	1996	
373.9	2078	
374.25	2023	
374.601	2070	
374.952	2318	
375.302	2333	
375.653	2543	
376.003	2374	
376.354	2384	
376.704	2295	
377.055	1971	
377.405	1879	
377.756	2076	
378.106	1937	
378.456	1945	
378.807	1953	
379.157	2204	
379.507	2267	
379.858	2505	
380.208	2607	
380.558	2731	
380.909	2752	
381.259	2786	
381.609	2520	
381.959	2109	
382.31	2027	
382.66	1976	
383.01	1941	
383.36	1994	
383.71	1846	
384.06	2125	
384.41	1959	
384.76	1848	
385.11	1829	
385.46	1991	
385.81	1818	
386.16	1872	
386.51	1751	
386.86	1823	
387.21	1971	
387.56	1935	
387.91	1886	
388.26	2109	
388.609	1852	
388.959	1950	
389.309	1917	
389.659	2076	
390.009	1904	
390.358	1929	
390.708	1849	
391.058	1776	
391.407	1901	
391.757	1933	
392.107	1910	
392.456	1951	
392.806	1970	
393.155	1963	
393.505	1986	
393.854	1994	
394.204	2000	
394.553	2029	
394.903	2087	
395.252	1996	
395.602	1954	
395.951	1898	
396.301	1984	
396.65	1895	
396.999	2019	
397.349	1840	
397.698	2040	
398.047	2199	
398.396	1970	
398.746	2125	
399.095	2107	
399.444	2215	
399.793	2348	
400.143	2332	
400.492	2252	
400.841	2394	
401.19	2101	
401.539	1888	
401.888	1845	
402.237	1944	
402.586	1856	
402.935	1965	
403.284	1754	
403.633	2026	
403.982	2052	
404.331	1958	
404.68	1941	
405.029	2239	
405.378	2246	
405.727	2307	
406.075	2308	
406.424	2372	
406.773	2306	
407.122	2223	
407.47	1923	
407.819	1800	
408.168	1748	
408.517	1892	
408.865	1822	
409.214	1878	
409.563	1950	
409.911	1898	
410.26	1898	
410.608	1933	
410.957	1715	
411.305	1862	
411.654	1869	
412.002	1893	
412.351	1997	
412.699	1971	
413.048	1829	
413.396	1901	
413.745	1839	
414.093	1867	
414.441	2110	
414.79	1810	
415.138	1965	
415.486	1885	
415.835	1820	
416.183	2058	
416.531	1954	
416.879	2002	
417.227	1982	
417.576	2014	
417.924	1932	
418.272	1895	
418.62	1954	
418.968	1929	
419.316	1995	
419.664	1987	
420.012	2055	
420.36	2186	
420.708	2156	
421.056	2174	
421.404	2050	
421.752	1978	
422.1	1926	
422.448	1928	
422.796	1932	
423.144	1873	
423.491	1811	
423.839	1844	
424.187	1948	
424.535	2014	
424.883	1854	
425.23	1969	
425.578	1876	
425.926	2058	
426.273	2128	
426.621	2399	
426.969	2088	
427.316	2233	
427.664	2182	
428.011	2021	
428.359	2068	
428.707	1839	
429.054	1953	
429.402	1999	
429.749	1983	
430.096	1961	
430.444	1996	
430.791	1990	
431.139	2003	
431.486	1786	
431.833	1891	
432.181	1827	
432.528	1947	
432.875	1844	
433.223	1773	
433.57	1919	
433.917	1980	
434.264	1949	
434.611	2126	
434.959	2049	
435.306	2059	
435.653	1972	
436	1843	
436.347	1890	
436.694	1920	
437.041	1862	
437.388	1733	
437.735	1904	
438.082	1850	
438.429	1939	
438.776	1794	
439.123	1761	
439.47	1822	
439.817	1850	
440.164	1873	
440.511	1809	
440.858	2023	
441.204	2030	
441.551	1776	
441.898	1926	
442.245	1881	
442.591	1846	
442.938	1807	
443.285	1799	
443.631	1944	
443.978	1813	
444.325	1728	
444.671	1818	
445.018	1770	
445.364	1985	
445.711	1809	
446.058	1874	
446.404	1849	
446.751	1789	
447.097	2052	
447.443	1780	
447.79	1856	
448.136	1925	
448.483	1888	
448.829	1789	
449.175	1861	
449.522	1915	
449.868	1943	
450.214	1855	
450.561	1911	
450.907	1968	
451.253	1935	
451.599	2210	
451.945	2012	
452.292	1955	
452.638	1928	
452.984	1938	
453.33	1861	
453.676	1940	
454.022	1855	
454.368	1805	
454.714	1808	
455.06	2047	
455.406	1966	
455.752	1932	
456.098	1906	
456.444	1984	
456.79	1855	
457.136	1910	
457.482	1934	
457.827	1815	
458.173	1919	
458.519	2010	
458.865	2074	
459.211	1766	
459.556	1755	
459.902	1855	
460.248	1745	
460.593	1806	
460.939	1891	
461.285	1820	
461.63	1824	
461.976	1909	
462.322	1848	
462.667	1847	
463.013	1931	
463.358	1882	
463.704	1869	
464.049	1829	
464.395	1881	
464.74	1831	
465.085	1855	
465.431	1950	
465.776	1923	
466.122	1810	
466.467	1765	
466.812	1944	
467.158	1859	
467.503	2080	
467.848	1792	
468.193	1903	
468.539	1874	
468.884	1746	
469.229	1808	
469.574	1880	
469.919	1900	
470.264	1849	
470.609	1793	
470.955	1937	
471.3	1830	
471.645	1949	
471.99	1861	
472.335	1767	
472.68	1925	
473.025	1797	
473.369	1758	
473.714	1825	
474.059	1848	
474.404	1917	
474.749	1854	
475.094	1858	
475.439	1935	
475.783	1841	
476.128	1832	
476.473	1834	
476.818	1784	
477.162	1829	
477.507	1835	
477.852	1876	
478.196	1821	
478.541	1822	
478.886	1851	
479.23	1860	
479.575	1898	
479.919	1768	
480.264	1846	
480.608	1793	
480.953	1938	
481.297	1747	
481.642	1773	
481.986	1896	
482.331	1842	
482.675	1932	
483.019	1922	
483.364	1969	
483.708	1869	
484.052	2008	
484.397	1852	
484.741	1787	
485.085	1790	
485.429	1863	
485.774	1783	
486.118	1700	
486.462	1882	
486.806	1760	
487.15	1828	
487.494	1846	
487.838	1865	
488.182	1833	
488.526	1887	
488.87	1840	
489.214	1716	
489.558	1793	
489.902	1835	
490.246	1945	
490.59	1892	
490.934	1921	
491.278	1869	
491.622	1890	
491.966	1931	
492.309	1682	
492.653	1792	
492.997	1842	
493.341	1930	
493.685	1887	
494.028	1799	
494.372	1908	
494.716	1908	
495.059	1801	
495.403	1887	
495.747	1773	
496.09	1842	
496.434	1828	
496.777	1794	
497.121	1848	
497.464	1823	
497.808	1822	
498.151	1983	
498.495	1926	
498.838	1727	
499.182	1819	
499.525	1876	
499.868	1743	
500.212	1795	
500.555	1808	
500.898	1898	
501.242	1771	
501.585	1841	
501.928	1797	
502.271	1848	
502.614	1941	
502.958	1876	
503.301	1823	
503.644	1831	
503.987	1911	
504.33	2052	
504.673	1863	
505.016	1842	
505.359	1875	
505.702	1745	
506.045	1857	
506.388	1902	
506.731	1928	
507.074	1866	
507.417	1851	
507.76	1799	
508.103	1789	
508.446	1910	
508.789	1899	
509.131	2061	
509.474	1729	
509.817	1884	
510.16	1887	
510.503	1685	
510.845	1908	
511.188	1934	
511.531	1862	
511.873	1876	
512.216	1909	
512.558	1740	
512.901	1911	
513.244	1895	
513.586	1960	
513.929	1764	
514.271	1811	
514.614	1834	
514.956	1799	
515.299	1868	
515.641	1868	
515.983	1752	
516.326	1799	
516.668	1829	
517.011	1846	
517.353	1874	
517.695	1856	
518.037	1838	
518.38	1809	
518.722	1847	
519.064	1876	
519.406	1862	
519.749	2015	
520.091	1959	
520.433	1864	
520.775	1957	
521.117	1802	
521.459	1766	
521.801	1817	
522.143	1762	
522.485	1974	
522.827	1875	
523.169	1859	
523.511	1751	
523.853	1912	
524.195	1781	
524.537	1912	
524.879	1941	
525.221	1724	
525.563	1903	
525.904	1844	
526.246	1911	
526.588	1898	
526.93	1898	
527.271	1684	
527.613	1865	
527.955	1869	
528.296	1869	
528.638	1931	
528.98	1875	
529.321	1811	
529.663	1903	
530.004	1773	
530.346	1887	
530.688	2050	
531.029	1855	
531.371	1846	
531.712	1783	
532.053	1871	
532.395	1781	
532.736	1786	
533.078	2003	
533.419	1898	
533.76	1882	
534.102	1779	
534.443	1932	
534.784	1855	
535.126	1945	
535.467	1820	
535.808	1866	
536.149	1790	
536.49	1843	
536.831	1865	
537.173	1813	
537.514	1805	
537.855	1878	
538.196	1812	
538.537	1880	
538.878	2001	
539.219	1812	
539.56	1897	
539.901	1782	
540.242	1852	
540.583	1877	
540.924	1880	
541.265	1783	
541.605	1890	
541.946	1822	
542.287	1905	
542.628	1867	
542.969	1890	
543.31	1873	
543.65	1893	
543.991	1806	
544.332	1926	
544.672	1802	
545.013	1818	
545.354	3031	
545.694	1740	
546.035	1965	
546.375	1768	
546.716	1791	
547.057	1852	
547.397	1828	
547.738	1820	
548.078	1856	
548.418	1699	
548.759	1902	
549.099	1740	
549.44	1866	
549.78	1857	
550.12	1949	
550.461	1850	
550.801	1890	
551.141	1897	
551.482	1959	
551.822	1870	
552.162	1864	
552.502	1831	
552.842	1898	
553.183	1892	
553.523	1757	
553.863	1814	
554.203	1795	
554.543	1787	
554.883	2003	
555.223	1862	
555.563	1765	
555.903	1952	
556.243	1851	
556.583	1877	
556.923	1835	
557.263	1880	
557.603	1849	
557.943	1802	
558.283	1826	
558.622	1900	
558.962	1849	
559.302	1830	
559.642	1824	
559.982	1859	
560.321	1863	
560.661	1758	
561.001	1896	
561.34	1865	
561.68	1933	
562.02	1840	
562.359	1772	
562.699	1925	
563.038	1888	
563.378	1814	
563.718	1846	
564.057	1820	
564.396	1832	
564.736	1869	
565.075	1913	
565.415	1844	
565.754	1920	
566.094	1863	
566.433	1908	
566.772	1762	
567.112	1877	
567.451	1880	
567.79	1835	
568.129	1993	
568.469	1781	
568.808	1839	
569.147	1933	
569.486	1758	
569.825	1813	
570.165	1908	
570.504	1897	
570.843	1883	
571.182	1849	
571.521	1857	
571.86	1779	
572.199	1833	
572.538	1883	
572.877	1847	
573.216	1864	
573.555	1826	
573.894	1833	
574.232	1801	
574.571	1813	
574.91	1837	
575.249	1830	
575.588	1874	
575.927	1842	
576.265	1945	
576.604	1874	
576.943	1823	
577.281	2012	
577.62	1805	
577.959	1922	
578.297	1913	
578.636	1912	
578.975	1841	
579.313	2011	
579.652	1846	
579.99	1930	
580.329	1986	
580.667	1919	
581.006	1909	
581.344	1928	
581.683	1937	
582.021	1901	
582.359	1834	
582.698	1949	
583.036	1993	
583.374	1881	
583.713	1799	
584.051	1850	
584.389	1994	
584.727	2030	
585.066	1871	
585.404	1991	
585.742	1849	
586.08	2008	
586.418	2010	
586.756	1925	
587.095	1833	
587.433	1959	
587.771	1874	
588.109	1841	
588.447	2056	
588.785	1878	
589.123	1996	
589.461	2058	
589.798	1962	
590.136	1922	
590.474	1988	
590.812	2008	
591.15	1938	
591.488	1884	
591.826	1844	
592.163	1960	
592.501	1961	
592.839	1972	
593.177	1869	
593.514	2023	
593.852	2044	
594.19	1963	
594.527	1862	
594.865	2016	
595.202	1854	
595.54	2009	
595.878	1928	
596.215	2035	
596.553	2049	
596.89	1887	
597.228	1913	
597.565	1845	
597.902	1796	
598.24	1884	
598.577	1963	
598.915	1980	
599.252	2003	
599.589	1998	
599.926	2007	
600.264	1942	
600.601	1974	
600.938	1983	
601.275	2010	
601.613	2064	
601.95	1942	
602.287	2053	
602.624	1970	
602.961	1970	
603.298	1964	
603.635	2089	
603.972	1993	
604.309	2057	
604.646	2130	
604.983	2015	
605.32	2034	
605.657	2046	
605.994	1908	
606.331	1947	
606.668	1974	
607.005	2062	
607.342	2062	
607.679	1856	
608.015	2056	
608.352	1912	
608.689	1950	
609.026	1823	
609.362	1791	
609.699	1930	
610.036	1965	
610.372	1857	
610.709	1986	
611.046	1913	
611.382	2063	
611.719	1983	
612.055	1938	
612.392	1965	
612.728	1976	
613.065	1943	
613.401	2019	
613.738	1848	
614.074	1991	
614.41	2001	
614.747	1889	
615.083	1761	
615.42	1893	
615.756	1852	
616.092	1845	
616.428	1790	
616.765	1764	
617.101	1897	
617.437	2004	
617.773	1973	
618.109	1878	
618.446	1948	
618.782	1907	
619.118	1893	
619.454	1792	
619.79	1885	
620.126	1811	
620.462	1751	
620.798	1836	
621.134	1925	
621.47	1811	
621.806	1842	
622.142	1828	
622.478	1854	
622.814	1863	
623.149	1888	
623.485	1980	
623.821	1796	
624.157	1839	
624.493	1909	
624.828	1867	
625.164	1823	
625.5	1874	
625.836	1935	
626.171	1825	
626.507	1878	
626.842	1817	
627.178	1900	
627.514	1956	
627.849	1801	
628.185	1920	
628.52	1868	
628.856	1772	
629.191	1972	
629.527	1901	
629.862	1960	
630.197	1960	
630.533	1892	
630.868	2100	
631.204	2023	
631.539	2013	
631.874	1967	
632.21	1846	
632.545	1907	
632.88	1825	
633.215	1807	
633.55	1911	
633.886	1867	
634.221	1849	
634.556	1858	
634.891	1918	
635.226	1898	
635.561	1893	
635.896	1869	
636.231	1930	
636.566	2073	
636.901	1938	
637.236	1982	
637.571	2067	
637.906	1982	
638.241	2031	
638.576	1929	
638.911	2064	
639.246	2055	
639.58	1898	
639.915	2022	
640.25	1996	
640.585	1844	
640.919	1878	
641.254	1914	
641.589	1868	
641.924	1892	
642.258	1930	
642.593	1905	
642.927	1916	
643.262	1989	
643.597	2044	
643.931	1985	
644.266	2018	
644.6	2032	
644.935	2113	
645.269	1958	
645.604	2060	
645.938	2072	
646.272	2082	
646.607	2070	
646.941	2131	
647.275	2145	
647.61	2195	
647.944	1950	
648.278	1872	
648.613	1896	
648.947	2043	
649.281	1915	
649.615	1879	
649.949	1957	
650.284	2074	
650.618	2012	
650.952	2037	
651.286	2106	
651.62	2076	
651.954	2208	
652.288	2226	
652.622	2142	
652.956	2264	
653.29	2091	
653.624	2113	
653.958	2209	
654.292	2252	
654.625	2234	
654.959	2150	
655.293	2182	
655.627	2106	
655.961	2098	
656.294	2029	
656.628	2088	
656.962	2149	
657.296	2154	
657.629	2133	
657.963	2132	
658.297	2140	
658.63	2164	
658.964	2097	
659.297	2339	
659.631	2274	
659.964	2392	
660.298	2605	
660.631	2518	
660.965	2470	
661.298	2413	
661.632	2573	
661.965	2573	
662.299	2450	
662.632	2483	
662.965	2352	
663.299	2444	
663.632	2289	
663.965	2162	
664.298	2053	
664.632	1935	
664.965	2006	
665.298	1974	
665.631	1999	
665.964	2122	
666.298	2017	
666.631	2211	
666.964	2245	
667.297	2329	
667.63	2509	
667.963	2543	
668.296	2658	
668.629	2658	
668.962	2453	
669.295	2522	
669.628	2416	
669.961	2616	
670.293	2499	
670.626	2672	
670.959	2534	
671.292	2436	
671.625	2373	
671.957	2160	
672.29	2150	
672.623	2150	
672.956	2013	
673.288	1970	
673.621	2009	
673.954	2006	
674.286	2034	
674.619	2001	
674.951	2089	
675.284	2251	
675.616	2378	
675.949	2322	
676.281	2671	
676.614	2384	
676.946	2403	
677.279	2318	
677.611	2367	
677.944	2417	
678.276	2396	
678.608	2424	
678.941	2335	
679.273	2191	
679.605	2241	
679.937	2157	
680.27	2122	
680.602	1901	
680.934	1986	
681.266	2106	
681.598	1933	
681.931	1888	
682.263	1956	
682.595	1771	
682.927	2075	
683.259	1823	
683.591	1850	
683.923	1862	
684.255	1951	
684.587	1976	
684.919	1967	
685.251	2042	
685.582	1956	
685.914	2050	
686.246	2021	
686.578	2004	
686.91	1995	
687.242	1970	
687.573	2130	
687.905	2163	
688.237	2164	
688.569	2015	
688.9	1930	
689.232	1902	
689.564	1903	
689.895	1997	
690.227	1738	
690.558	1776	
690.89	1911	
691.221	1761	
691.553	1757	
691.884	1801	
692.216	1869	
692.547	1795	
692.879	1727	
693.21	1864	
693.542	1759	
693.873	1823	
694.204	1760	
694.536	2039	
694.867	1860	
695.198	1846	
695.529	1825	
695.861	1826	
696.192	1868	
696.523	1856	
696.854	2013	
697.185	2170	
697.516	2341	
697.848	2253	
698.179	1880	
698.51	1865	
698.841	1791	
699.172	1727	
699.503	1771	
699.834	1924	
700.165	1810	
700.496	1893	
700.826	1777	
701.157	1717	
701.488	1731	
701.819	1774	
702.15	1723	
702.481	1805	
702.811	1809	
703.142	1804	
703.473	1962	
703.804	1965	
704.134	1919	
704.465	1895	
704.796	1862	
705.126	1898	
705.457	1780	
705.788	1852	
706.118	1865	
706.449	1842	
706.779	1946	
707.11	1962	
707.44	2466	
707.771	2503	
708.101	2289	
708.431	1984	
708.762	1940	
709.092	1768	
709.423	1806	
709.753	1774	
710.083	1763	
710.414	1804	
710.744	1896	
711.074	1757	
711.404	1946	
711.734	1721	
712.065	1744	
712.395	1857	
712.725	1870	
713.055	1918	
713.385	1876	
713.715	1887	
714.045	2015	
714.375	1783	
714.705	1900	
715.035	1786	
715.365	1932	
715.695	1980	
716.025	1939	
716.355	1806	
716.685	1795	
717.015	1904	
717.345	1866	
717.674	1912	
718.004	1789	
718.334	1734	
718.664	1874	
718.993	1786	
719.323	1876	
719.653	1890	
719.983	1839	
720.312	1842	
720.642	1802	
720.971	1881	
721.301	1817	
721.631	1979	
721.96	1968	
722.29	1913	
722.619	1835	
722.949	1857	
723.278	1967	
723.607	1972	
723.937	1975	
724.266	2042	
724.596	2067	
724.925	2054	
725.254	2088	
725.584	2074	
725.913	1971	
726.242	2037	
726.571	1979	
726.901	2083	
727.23	2091	
727.559	2038	
727.888	2121	
728.217	2346	
728.546	2113	
728.875	2071	
729.204	1960	
729.533	1883	
729.862	1741	
730.191	1989	
730.52	1936	
730.849	1825	
731.178	1927	
731.507	1888	
731.836	1992	
732.165	1905	
732.494	2026	
732.823	1965	
733.151	2042	
733.48	2048	
733.809	2058	
734.138	2127	
734.466	2303	
734.795	2260	
735.124	2232	
735.452	2244	
735.781	2503	
736.11	2442	
736.438	2347	
736.767	2248	
737.095	2405	
737.424	2334	
737.752	2501	
738.081	2593	
738.409	2507	
738.738	2541	
739.066	3209	
739.395	3766	
739.723	3343	
740.051	2417	
740.38	2068	
740.708	2147	
741.036	1965	
741.365	1898	
741.693	1958	
742.021	2031	
742.349	1958	
742.677	1960	
743.006	2092	
743.334	2060	
743.662	2040	
743.99	2006	
744.318	2170	
744.646	2186	
744.974	2135	
745.302	2383	
745.63	2362	
745.958	2502	
746.286	2621	
746.614	2611	
746.942	2725	
747.27	2798	
747.597	2711	
747.925	2612	
748.253	2670	
748.581	2722	
748.909	2764	
749.236	2703	
749.564	2809	
749.892	2883	
750.219	2889	
750.547	2970	
750.875	5166	
751.202	9075	
751.53	9609	
751.858	6281	
752.185	5082	
752.513	5497	
752.84	4074	
753.168	2691	
753.495	2298	
753.823	2201	
754.15	2082	
754.477	2090	
754.805	2003	
755.132	1998	
755.459	1982	
755.787	2017	
756.114	2099	
756.441	2182	
756.769	2188	
757.096	2085	
757.423	2207	
757.75	2352	
758.077	2375	
758.404	2514	
758.732	2676	
759.059	2691	
759.386	2569	
759.713	2605	
760.04	2499	
760.367	2559	
760.694	2590	
761.021	2675	
761.348	2596	
761.675	2722	
762.001	2883	
762.328	2972	
762.655	2695	
762.982	2501	
763.309	2950	
763.636	2884	
763.962	3516	
764.289	5840	
764.616	6495	
764.943	4356	
765.269	2585	
765.596	2177	
765.923	1942	
766.249	1980	
766.576	1932	
766.902	1879	
767.229	1951	
767.555	2082	
767.882	2012	
768.208	2140	
768.535	1954	
768.861	2032	
769.188	1962	
769.514	2148	
769.841	2164	
770.167	2301	
770.493	2338	
770.82	2408	
771.146	2590	
771.472	2732	
771.798	2554	
772.125	2534	
772.451	2593	
772.777	2743	
773.103	3485	
773.429	4151	
773.755	3482	
774.081	2907	
774.407	2538	
774.734	2875	
775.06	2620	
775.386	2409	
775.712	2552	
776.038	2568	
776.363	3919	
776.689	2176	
777.015	2006	
777.341	1870	
777.667	2071	
777.993	2092	
778.319	2114	
778.644	1885	
778.97	1814	
779.296	1758	
779.622	1793	
779.947	1743	
780.273	1872	
780.599	1859	
780.924	1754	
781.25	1905	
781.576	1789	
781.901	1860	
782.227	1725	
782.552	1807	
782.878	1874	
783.203	1694	
783.529	1722	
783.854	1864	
784.179	1744	
784.505	1706	
784.83	1751	
785.156	1857	
785.481	1734	
785.806	1798	
786.132	1943	
786.457	1851	
786.782	1821	
787.107	1819	
787.432	1871	
787.758	1777	
788.083	1887	
788.408	1813	
788.733	1803	
789.058	1794	
789.383	1733	
789.708	1835	
790.033	1874	
790.358	1827	
790.683	1869	
791.008	1767	
791.333	1871	
791.658	1777	
791.983	1735	
792.308	1880	
792.633	1830	
792.957	1771	
793.282	1868	
793.607	1777	
793.932	1839	
794.257	1799	
794.581	1847	
794.906	1784	
795.231	2098	
795.555	2876	
795.88	3498	
796.205	2661	
796.529	1951	
796.854	1914	
797.178	1838	
797.503	1892	
797.827	1835	
798.152	1841	
798.476	1911	
798.801	1730	
799.125	1841	
799.449	1895	
799.774	1778	
800.098	1929	
800.422	1784	
800.747	1848	
801.071	2038	
801.395	2450	
801.719	2799	
802.044	2803	
802.368	3626	
802.692	3498	
803.016	2465	
803.34	1989	
803.664	1928	
803.989	1854	
804.313	1959	
804.637	2014	
804.961	1855	
805.285	1878	
805.609	1904	
805.933	1953	
806.256	1864	
806.58	1708	
806.904	1895	
807.228	1769	
807.552	1818	
807.876	1851	
808.2	1839	
808.523	1839	
808.847	1879	
809.171	1962	
809.495	1877	
809.818	1868	
810.142	1938	
810.466	1895	
810.789	2365	
811.113	3825	
811.436	4649	
811.76	3834	
812.083	4620	
812.407	8292	
812.73	8424	
813.054	4463	
813.377	2413	
813.701	2053	
814.024	1942	
814.348	2009	
814.671	1875	
814.994	1939	
815.318	1781	
815.641	1921	
815.964	1815	
816.287	1797	
816.611	1834	
816.934	1832	
817.257	1930	
817.58	1850	
817.903	1801	
818.226	1679	
818.549	1725	
818.873	1855	
819.196	1824	
819.519	1709	
819.842	1691	
820.165	1660	
820.488	1835	
820.81	1850	
821.133	1889	
821.456	1787	
821.779	1747	
822.102	1756	
822.425	1942	
822.748	1722	
823.07	1628	
823.393	1804	
823.716	1837	
824.039	1855	
824.361	1771	
824.684	1672	
825.007	1776	
825.329	1713	
825.652	1759	
825.974	1873	
826.297	1758	
826.62	1826	
826.942	2015	
827.265	2615	
827.587	2797	
827.91	2262	
828.232	2024	
828.554	1741	
828.877	1922	
829.199	1789	
829.521	1800	
829.844	1824	
830.166	1853	
830.488	1701	
830.811	1807	
831.133	1879	
831.455	1797	
831.777	1705	
832.099	1777	
832.422	1855	
832.744	1819	
833.066	1788	
833.388	1771	
833.71	1748	
834.032	1857	
834.354	1849	
834.676	1901	
834.998	1840	
835.32	1947	
835.642	1721	
835.964	1785	
836.286	1789	
836.607	1778	
836.929	1738	
837.251	1840	
837.573	1788	
837.895	1812	
838.216	1697	
838.538	1894	
838.86	1834	
839.181	1852	
839.503	1704	
839.825	1888	
840.146	1787	
840.468	1893	
840.789	1848	
841.111	2033	
841.433	2882	
841.754	4340	
842.076	4310	
842.397	2677	
842.718	2286	
843.04	3184	
843.361	5062	
843.683	5064	
844.004	3128	
844.325	2302	
844.647	1923	
844.968	2033	
845.289	1936	
845.61	1864	
845.932	1888	
846.253	1975	
846.574	1848	
846.895	1853	
847.216	1840	
847.537	1871	
847.858	1801	
848.179	1807	
848.5	1825	
848.821	1880	
849.142	2003	
849.463	1897	
849.784	1964	
850.105	1931	
850.426	1834	
850.747	1981	
851.068	1914	
851.389	1912	
851.71	1956	
852.03	2060	
852.351	1952	
852.672	2104	
852.993	2719	
853.313	2903	
853.634	2242	
853.955	2135	
854.275	1888	
854.596	1844	
854.917	2015	
855.237	1977	
855.558	1742	
855.878	1798	
856.199	1742	
856.519	1848	
856.84	1797	
857.16	1775	
857.48	1820	
857.801	1761	
858.121	1761	
858.442	1865	
858.762	1863	
859.082	1797	
859.403	1758	
859.723	1824	
860.043	1761	
860.363	1728	
860.683	1886	
861.004	1986	
861.324	1792	
861.644	1818	
861.964	1935	
862.284	1798	
862.604	2016	
862.924	2103	
863.244	1904	
863.564	1900	
863.884	1962	
864.204	1926	
864.524	1899	
864.844	1961	
865.164	2015	
865.484	1944	
865.803	2092	
866.123	2244	
866.443	2137	
866.763	2139	
867.083	2205	
867.402	2272	
867.722	2424	
868.042	2474	
868.361	2231	
868.681	2198	
869.001	2175	
869.32	2126	
869.64	2213	
869.959	2289	
870.279	2362	
870.598	2340	
870.918	2329	
871.237	2341	
871.557	2367	
871.876	2127	
872.196	2149	
872.515	2147	
872.834	2293	
873.154	2225	
873.473	2052	
873.792	2011	
874.111	1917	
874.431	1912	
874.75	1870	
875.069	1823	
875.388	1934	
875.707	1813	
876.026	1819	
876.346	1853	
876.665	1853	
876.984	1777	
877.303	1835	
877.622	1811	
877.941	1839	
878.26	1807	
878.579	1853	
878.898	1858	
879.216	1852	
879.535	1889	
879.854	1890	
880.173	1905	
880.492	1887	
880.811	1881	
881.129	1999	
881.448	1893	
881.767	1903	
882.086	1912	
882.404	1896	
882.723	2043	
883.041	2007	
883.36	2021	
883.679	2044	
883.997	2215	
884.316	2108	
884.634	2146	
884.953	2249	
885.271	2205	
885.59	2325	
885.908	2258	
886.227	2288	
886.545	2339	
886.863	2316	
887.182	2133	
887.5	2199	
887.818	2159	
888.137	2275	
888.455	2447	
888.773	2440	
889.091	2324	
889.409	2311	
889.728	2426	
890.046	2482	
890.364	2365	
890.682	2282	
891	2282	
891.318	2264	
891.636	2356	
891.954	2304	
892.272	2357	
892.59	2150	
892.908	1939	
893.226	1920	
893.544	1891	
893.862	1881	
894.179	2022	
894.497	1856	
894.815	1932	
895.133	2013	
895.451	1948	
895.768	1838	
896.086	1723	
896.404	1749	
896.721	1795	
897.039	1746	
897.357	1801	
897.674	1906	
897.992	1855	
898.309	1829	
898.627	1675	
898.944	1715	
899.262	1751	
899.579	1789	
899.897	1704	
900.214	1822	
900.532	1742	
900.849	1877	
901.166	1902	
901.484	1737	
901.801	1716	
902.118	1785	
902.436	1785	
902.753	1838	
903.07	1784	
903.387	1835	
903.704	1698	
904.022	1744	
904.339	1852	
904.656	1829	
904.973	1731	
905.29	1870	
905.607	1756	
905.924	1862	
906.241	1792	
906.558	1773	
906.875	1787	
907.192	1829	
907.509	1770	
907.826	1871	
908.143	1852	
908.459	1746	
908.776	1789	
909.093	1861	
909.41	1762	
909.726	1874	
910.043	1840	
910.36	1884	
910.677	1852	
910.993	1894	
911.31	1864	
911.626	1798	
911.943	1837	
912.26	1959	
912.576	2044	
912.893	2777	
913.209	3878	
913.526	3943	
913.842	2846	
914.159	2256	
914.475	2039	
914.791	1957	
915.108	1940	
915.424	1929	
915.74	1872	
916.057	1784	
916.373	1704	
916.689	1802	
917.005	1904	
917.322	1859	
917.638	1894	
917.954	1811	
918.27	1878	
918.586	1854	
918.902	1685	
919.218	1901	
919.534	1814	
919.85	1814	
920.166	1837	
920.482	2024	
920.798	1849	
921.114	1801	
921.43	1806	
921.746	1859	
922.062	1807	
922.378	1800	
922.694	1842	
923.009	1888	
923.325	2115	
923.641	2183	
923.957	1865	
924.272	1972	
924.588	1773	
924.904	1750	
925.219	1790	
925.535	1730	
925.851	1689	
926.166	1801	
926.482	1771	
926.797	1704	
927.113	1784	
927.428	1723	
927.744	1839	
928.059	1768	
928.375	1708	
928.69	1810	
929.005	1809	
929.321	1771	
929.636	1825	
929.951	1715	
930.267	1895	
930.582	1785	
930.897	1754	
931.212	2535	
931.527	1763	
931.843	1711	
932.158	1700	
932.473	1761	
932.788	1751	
933.103	1761	
933.418	1863	
933.733	1844	
934.048	1908	
934.363	1770	
934.678	1844	
934.993	1731	
935.308	1766	
935.623	1766	
935.938	1975	
936.253	1791	
936.567	1829	
936.882	1943	
937.197	1850	
937.512	1813	
937.827	1921	
938.141	1856	
938.456	1872	
938.771	2061	
939.085	1877	
939.4	1829	
939.714	1813	
940.029	1813	
940.344	1953	
940.658	1883	
940.973	1974	
941.287	1926	
941.602	1853	
941.916	1838	
942.23	1914	
942.545	1827	
942.859	1821	
943.174	1747	
943.488	1776	
943.802	1848	
944.116	1864	
944.431	1777	
944.745	1962	
945.059	1832	
945.373	1757	
945.688	1741	
946.002	1746	
946.316	1721	
946.63	1785	
946.944	1790	
947.258	1794	
947.572	1738	
947.886	1753	
948.2	1786	
948.514	1858	
948.828	1780	
949.142	1837	
949.456	1720	
949.77	1819	
950.084	1677	
950.397	1740	
950.711	1784	
951.025	1827	
951.339	1791	
951.652	2007	
951.966	1748	
952.28	1858	
952.594	1712	
952.907	1731	
953.221	1817	
953.534	1784	
953.848	1701	
954.162	1755	
954.475	1790	
954.789	1773	
955.102	1717	
955.416	1763	
955.729	1859	
956.042	1812	
956.356	1733	
956.669	1666	
956.983	1759	
957.296	1917	
957.609	1689	
957.922	1885	
958.236	1772	
958.549	1733	
958.862	1830	
959.175	1666	
959.488	1772	
959.802	1876	
960.115	1848	
960.428	1765	
960.741	2015	
961.054	1862	
961.367	1871	
961.68	1647	
961.993	1897	
962.306	1795	
962.619	1848	
962.932	1745	
963.245	1819	
963.558	1713	
963.87	1825	
964.183	1848	
964.496	1894	
964.809	1795	
965.122	1904	
965.434	1803	
965.747	1844	
966.06	1817	
966.372	1955	
966.685	2160	
966.998	2140	
967.31	1836	
967.623	1912	
967.935	1956	
968.248	2051	
968.56	1861	
968.873	1835	
969.185	1821	
969.498	1820	
969.81	1793	
970.123	1809	
970.435	1745	
970.747	1795	
971.06	1758	
971.372	1861	
971.684	1743	
971.997	1719	
972.309	1781	
972.621	1801	
972.933	1713	
973.245	1714	
973.557	1702	
973.87	1883	
974.182	1832	
974.494	1675	
974.806	1756	
975.118	1705	
975.43	1739	
975.742	1672	
976.054	1828	
976.366	1733	
976.678	1789	
976.99	1747	
977.301	1743	
977.613	1691	
977.925	1718	
978.237	1779	
978.549	1724	
978.86	1709	
979.172	1751	
979.484	1742	
979.796	1731	
980.107	1866	
980.419	1747	
980.73	1779	
981.042	1734	
981.354	1787	
981.665	1771	
981.977	1775	
982.288	1710	
982.6	1689	
982.911	1937	
983.223	1836	
983.534	1802	
983.845	1787	
984.157	1868	
984.468	1730	
984.779	1861	
985.091	1861	
985.402	1800	
985.713	1785	
986.024	1816	
986.336	1677	
986.647	1865	
986.958	1724	
987.269	1684	
987.58	1781	
987.891	1798	
988.202	1905	
988.513	1806	
988.824	1912	
989.135	1843	
989.446	1697	
989.757	1942	
990.068	1726	
990.379	1898	
990.69	1801	
991.001	1862	
991.312	1748	
991.623	1792	
991.933	1766	
992.244	1880	
992.555	1909	
992.866	1871	
993.176	1831	
993.487	1732	
993.798	1766	
994.108	1698	
994.419	1836	
994.729	1809	
995.04	1758	
995.351	1905	
995.661	1778	
995.972	1840	
996.282	1751	
996.592	1931	
996.903	1940	
997.213	1771	
997.524	1875	
997.834	1935	
998.144	1709	
998.455	1705	
998.765	1869	
999.075	1825	
999.385	1769	
999.696	1799	
1000.006	1761	
1000.316	1855	
1000.626	1654	
1000.936	1901	
1001.246	1779	
1001.556	1758	
1001.867	1854	
1002.177	1705	
1002.487	1832	
1002.797	1682	
1003.106	1773	
1003.416	1780	
1003.726	1752	
1004.036	1821	
1004.346	1770	
1004.656	1810	
1004.966	2050	
1005.276	1698	
1005.585	1741	
1005.895	1678	
1006.205	1764	
1006.515	1797	
1006.824	1778	
1007.134	1789	
1007.444	1779	
1007.753	1833	
1008.063	1744	
1008.372	1761	
1008.682	1752	
1008.991	1779	
1009.301	1748	
1009.61	1697	
1009.92	1782	
1010.229	1780	
1010.539	1773	
1010.848	1678	
1011.157	1675	
1011.467	1764	
1011.776	1796	
1012.085	1679	
1012.395	1732	
1012.704	1738	
1013.013	1732	
1013.322	1691	
1013.632	1718	
1013.941	1703	
1014.25	1647	
1014.559	1734	
1014.868	1706	
1015.177	1715	
1015.486	1658	
1015.795	1602	
1016.104	1626	
1016.413	1612	
1016.722	1625	
1017.031	1577	
1017.34	1581	
1017.649	1575	
