HR600541_1:101		
339.441	1672	
339.794	1696	
340.147	1745	
340.499	1690	
340.852	1819	
341.204	1713	
341.557	1648	
341.909	1715	
342.261	1784	
342.614	1788	
342.966	1796	
343.319	1834	
343.671	1857	
344.023	1717	
344.376	1746	
344.728	1832	
345.08	1851	
345.432	1822	
345.785	1954	
346.137	1691	
346.489	1916	
346.841	1898	
347.193	1988	
347.546	1804	
347.898	1844	
348.25	1852	
348.602	1855	
348.954	1935	
349.306	1815	
349.658	1804	
350.01	1860	
350.362	1930	
350.714	1910	
351.066	1875	
351.418	1877	
351.77	1968	
352.122	2068	
352.473	2129	
352.825	1938	
353.177	2153	
353.529	2386	
353.881	2402	
354.232	2350	
354.584	2314	
354.936	2185	
355.288	2085	
355.639	2016	
355.991	2140	
356.343	2253	
356.694	2318	
357.046	2747	
357.397	3053	
357.749	3431	
358.101	3484	
358.452	3447	
358.804	2958	
359.155	2324	
359.507	2057	
359.858	2010	
360.209	1900	
360.561	1987	
360.912	1852	
361.264	1992	
361.615	1966	
361.966	1897	
362.318	1944	
362.669	2036	
363.02	1892	
363.371	1946	
363.723	1980	
364.074	1929	
364.425	1962	
364.776	1901	
365.127	1830	
365.478	1865	
365.83	1895	
366.181	1921	
366.532	1931	
366.883	1913	
367.234	2329	
367.585	1866	
367.936	1932	
368.287	1930	
368.638	2086	
368.989	1796	
369.34	2048	
369.69	1991	
370.041	1882	
370.392	1920	
370.743	2017	
371.094	1997	
371.445	2032	
371.795	2213	
372.146	1950	
372.497	1991	
372.848	1809	
373.198	1931	
373.549	2023	
373.9	2081	
374.25	2030	
374.601	2117	
374.952	2337	
375.302	2393	
375.653	2551	
376.003	2398	
376.354	2415	
376.704	2289	
377.055	2005	
377.405	1916	
377.756	2108	
378.106	1956	
378.456	1977	
378.807	1998	
379.157	2240	
379.507	2353	
379.858	2537	
380.208	2671	
380.558	2715	
380.909	2778	
381.259	2857	
381.609	2590	
381.959	2142	
382.31	2046	
382.66	2026	
383.01	1978	
383.36	1992	
383.71	1889	
384.06	2160	
384.41	1957	
384.76	1892	
385.11	1823	
385.46	1983	
385.81	1833	
386.16	1913	
386.51	1769	
386.86	1844	
387.21	2001	
387.56	1963	
387.91	1853	
388.26	2136	
388.609	1868	
388.959	1995	
389.309	1911	
389.659	2082	
390.009	1929	
390.358	1944	
390.708	1859	
391.058	1788	
391.407	1928	
391.757	1934	
392.107	1956	
392.456	1956	
392.806	1987	
393.155	2031	
393.505	2029	
393.854	2010	
394.204	2048	
394.553	2056	
394.903	2097	
395.252	2026	
395.602	1999	
395.951	1922	
396.301	1982	
396.65	1916	
396.999	2053	
397.349	1872	
397.698	2056	
398.047	2227	
398.396	1986	
398.746	2158	
399.095	2121	
399.444	2282	
399.793	2429	
400.143	2393	
400.492	2340	
400.841	2377	
401.19	2131	
401.539	1886	
401.888	1862	
402.237	2020	
402.586	1867	
402.935	2027	
403.284	1814	
403.633	2027	
403.982	2081	
404.331	2019	
404.68	1987	
405.029	2267	
405.378	2302	
405.727	2345	
406.075	2353	
406.424	2392	
406.773	2344	
407.122	2273	
407.47	1977	
407.819	1837	
408.168	1779	
408.517	1932	
408.865	1859	
409.214	1928	
409.563	1942	
409.911	1945	
410.26	1886	
410.608	1954	
410.957	1744	
411.305	1871	
411.654	1890	
412.002	1921	
412.351	2044	
412.699	1985	
413.048	1879	
413.396	1915	
413.745	1877	
414.093	1913	
414.441	2172	
414.79	1839	
415.138	1990	
415.486	1911	
415.835	1870	
416.183	2077	
416.531	1989	
416.879	2013	
417.227	2003	
417.576	2052	
417.924	1952	
418.272	1924	
418.62	2022	
418.968	1955	
419.316	2024	
419.664	2017	
420.012	2102	
420.36	2237	
420.708	2255	
421.056	2218	
421.404	2112	
421.752	2006	
422.1	1968	
422.448	1962	
422.796	1973	
423.144	1843	
423.491	1833	
423.839	1880	
424.187	1966	
424.535	2030	
424.883	1866	
425.23	2016	
425.578	1912	
425.926	2056	
426.273	2201	
426.621	2436	
426.969	2125	
427.316	2273	
427.664	2214	
428.011	2071	
428.359	2098	
428.707	1837	
429.054	1958	
429.402	1997	
429.749	1942	
430.096	1959	
430.444	2001	
430.791	2051	
431.139	2044	
431.486	1821	
431.833	1938	
432.181	1866	
432.528	1945	
432.875	1865	
433.223	1802	
433.57	1956	
433.917	2004	
434.264	1977	
434.611	2176	
434.959	2104	
435.306	2087	
435.653	1974	
436	1869	
436.347	1939	
436.694	1958	
437.041	1907	
437.388	1750	
437.735	1942	
438.082	1862	
438.429	1940	
438.776	1800	
439.123	1804	
439.47	1877	
439.817	1899	
440.164	1879	
440.511	1832	
440.858	2098	
441.204	2057	
441.551	1797	
441.898	1997	
442.245	1925	
442.591	1881	
442.938	1848	
443.285	1801	
443.631	1959	
443.978	1830	
444.325	1755	
444.671	1837	
445.018	1784	
445.364	2003	
445.711	1834	
446.058	1897	
446.404	1845	
446.751	1835	
447.097	2067	
447.443	1787	
447.79	1878	
448.136	1935	
448.483	1927	
448.829	1814	
449.175	1907	
449.522	1939	
449.868	1965	
450.214	1914	
450.561	1959	
450.907	1974	
451.253	1980	
451.599	2251	
451.945	2004	
452.292	1980	
452.638	1957	
452.984	1978	
453.33	1894	
453.676	1937	
454.022	1883	
454.368	1843	
454.714	1795	
455.06	2117	
455.406	1960	
455.752	1936	
456.098	1924	
456.444	2007	
456.79	1886	
457.136	1902	
457.482	1927	
457.827	1842	
458.173	1954	
458.519	2017	
458.865	1930	
459.211	1802	
459.556	1774	
459.902	1879	
460.248	1752	
460.593	1840	
460.939	1947	
461.285	1823	
461.63	1839	
461.976	1935	
462.322	1853	
462.667	1873	
463.013	1966	
463.358	1928	
463.704	1890	
464.049	1845	
464.395	1911	
464.74	1818	
465.085	1874	
465.431	2012	
465.776	1937	
466.122	1823	
466.467	1809	
466.812	2007	
467.158	1882	
467.503	2094	
467.848	1789	
468.193	1895	
468.539	1894	
468.884	1756	
469.229	1836	
469.574	1891	
469.919	1877	
470.264	1841	
470.609	1796	
470.955	1967	
471.3	1872	
471.645	1947	
471.99	1884	
472.335	1788	
472.68	1971	
473.025	1816	
473.369	1770	
473.714	1857	
474.059	1874	
474.404	1959	
474.749	1875	
475.094	1850	
475.439	1947	
475.783	1858	
476.128	1845	
476.473	1853	
476.818	1814	
477.162	1850	
477.507	1857	
477.852	1884	
478.196	1851	
478.541	1839	
478.886	1881	
479.23	1883	
479.575	1913	
479.919	1787	
480.264	1855	
480.608	1817	
480.953	1984	
481.297	1772	
481.642	1786	
481.986	1936	
482.331	1863	
482.675	1923	
483.019	1926	
483.364	2039	
483.708	1890	
484.052	2037	
484.397	1825	
484.741	1819	
485.085	1805	
485.429	1884	
485.774	1800	
486.118	1722	
486.462	1906	
486.806	1817	
487.15	1838	
487.494	1863	
487.838	1905	
488.182	1845	
488.526	1916	
488.87	1880	
489.214	1751	
489.558	1843	
489.902	1828	
490.246	1932	
490.59	1914	
490.934	1947	
491.278	1879	
491.622	1906	
491.966	1945	
492.309	1684	
492.653	1828	
492.997	1841	
493.341	1951	
493.685	1871	
494.028	1854	
494.372	1920	
494.716	1924	
495.059	1855	
495.403	1905	
495.747	1786	
496.09	1845	
496.434	1842	
496.777	1821	
497.121	1870	
497.464	1848	
497.808	1844	
498.151	2064	
498.495	1930	
498.838	1763	
499.182	1856	
499.525	1909	
499.868	1773	
500.212	1794	
500.555	1839	
500.898	1914	
501.242	1790	
501.585	1857	
501.928	1819	
502.271	1828	
502.614	1968	
502.958	1902	
503.301	1839	
503.644	1875	
503.987	1921	
504.33	2050	
504.673	1889	
505.016	1871	
505.359	1899	
505.702	1755	
506.045	1898	
506.388	1912	
506.731	1950	
507.074	1890	
507.417	1866	
507.76	1809	
508.103	1856	
508.446	1929	
508.789	1941	
509.131	2042	
509.474	1738	
509.817	1914	
510.16	1904	
510.503	1731	
510.845	1914	
511.188	1939	
511.531	1890	
511.873	1916	
512.216	1922	
512.558	1759	
512.901	1910	
513.244	1910	
513.586	1980	
513.929	1745	
514.271	1818	
514.614	1876	
514.956	1848	
515.299	1909	
515.641	1909	
515.983	1787	
516.326	1821	
516.668	1876	
517.011	1827	
517.353	1912	
517.695	1875	
518.037	1873	
518.38	1781	
518.722	1899	
519.064	1913	
519.406	1922	
519.749	2036	
520.091	1985	
520.433	1878	
520.775	2004	
521.117	1807	
521.459	1774	
521.801	1850	
522.143	1802	
522.485	2045	
522.827	1925	
523.169	1911	
523.511	1758	
523.853	1942	
524.195	1804	
524.537	1948	
524.879	1952	
525.221	1740	
525.563	1963	
525.904	1877	
526.246	1952	
526.588	1927	
526.93	1948	
527.271	1725	
527.613	1917	
527.955	1887	
528.296	1879	
528.638	1947	
528.98	1894	
529.321	1842	
529.663	1944	
530.004	1802	
530.346	1882	
530.688	2105	
531.029	1846	
531.371	1858	
531.712	1824	
532.053	1920	
532.395	1814	
532.736	1861	
533.078	2053	
533.419	1925	
533.76	1878	
534.102	1802	
534.443	1932	
534.784	1895	
535.126	1984	
535.467	1837	
535.808	1886	
536.149	1828	
536.49	1886	
536.831	1891	
537.173	1856	
537.514	1801	
537.855	1908	
538.196	1849	
538.537	1896	
538.878	2007	
539.219	1844	
539.56	1930	
539.901	1806	
540.242	1870	
540.583	1873	
540.924	1864	
541.265	1818	
541.605	1881	
541.946	1865	
542.287	1933	
542.628	1894	
542.969	1942	
543.31	1895	
543.65	1899	
543.991	1829	
544.332	1953	
544.672	1826	
545.013	1865	
545.354	3098	
545.694	1777	
546.035	2013	
546.375	1821	
546.716	1830	
547.057	1903	
547.397	1846	
547.738	1840	
548.078	1865	
548.418	1737	
548.759	1927	
549.099	1754	
549.44	1890	
549.78	1866	
550.12	1945	
550.461	1876	
550.801	1917	
551.141	1916	
551.482	1976	
551.822	1900	
552.162	1906	
552.502	1864	
552.842	1902	
553.183	1923	
553.523	1776	
553.863	1838	
554.203	1823	
554.543	1818	
554.883	2008	
555.223	1896	
555.563	1808	
555.903	1970	
556.243	1894	
556.583	1906	
556.923	1860	
557.263	1896	
557.603	1848	
557.943	1813	
558.283	1860	
558.622	1897	
558.962	1884	
559.302	1819	
559.642	1878	
559.982	1900	
560.321	1887	
560.661	1827	
561.001	1944	
561.34	1886	
561.68	1925	
562.02	1871	
562.359	1776	
562.699	1950	
563.038	1915	
563.378	1823	
563.718	1916	
564.057	1839	
564.396	1852	
564.736	1899	
565.075	1918	
565.415	1871	
565.754	1910	
566.094	1866	
566.433	1936	
566.772	1741	
567.112	1939	
567.451	1887	
567.79	1877	
568.129	1999	
568.469	1791	
568.808	1865	
569.147	1978	
569.486	1782	
569.825	1834	
570.165	1913	
570.504	1897	
570.843	1888	
571.182	1847	
571.521	1869	
571.86	1817	
572.199	1873	
572.538	1909	
572.877	1891	
573.216	1910	
573.555	1832	
573.894	1876	
574.232	1812	
574.571	1817	
574.91	1896	
575.249	1872	
575.588	1901	
575.927	1867	
576.265	2001	
576.604	1946	
576.943	1837	
577.281	2020	
577.62	1814	
577.959	1928	
578.297	1946	
578.636	1967	
578.975	1867	
579.313	2060	
579.652	1898	
579.99	1945	
580.329	2039	
580.667	1911	
581.006	1922	
581.344	1925	
581.683	1913	
582.021	1924	
582.359	1860	
582.698	1980	
583.036	2022	
583.374	1863	
583.713	1827	
584.051	1843	
584.389	2037	
584.727	2047	
585.066	1890	
585.404	2048	
585.742	1836	
586.08	2048	
586.418	1997	
586.756	1951	
587.095	1886	
587.433	1954	
587.771	1889	
588.109	1855	
588.447	2075	
588.785	1951	
589.123	1998	
589.461	2062	
589.798	2041	
590.136	1963	
590.474	2032	
590.812	2052	
591.15	1986	
591.488	1914	
591.826	1885	
592.163	1981	
592.501	1997	
592.839	1999	
593.177	1844	
593.514	2009	
593.852	2077	
594.19	1993	
594.527	1902	
594.865	2019	
595.202	1879	
595.54	2046	
595.878	1969	
596.215	2024	
596.553	2079	
596.89	1902	
597.228	1939	
597.565	1886	
597.902	1848	
598.24	1919	
598.577	1988	
598.915	2027	
599.252	2013	
599.589	2032	
599.926	2036	
600.264	1994	
600.601	1996	
600.938	2026	
601.275	2057	
601.613	2102	
601.95	1988	
602.287	2071	
602.624	1999	
602.961	2009	
603.298	2005	
603.635	2147	
603.972	2027	
604.309	2157	
604.646	2186	
604.983	2074	
605.32	2056	
605.657	2058	
605.994	1925	
606.331	1963	
606.668	2042	
607.005	2080	
607.342	2039	
607.679	1913	
608.015	2120	
608.352	1941	
608.689	1982	
609.026	1873	
609.362	1853	
609.699	1949	
610.036	2021	
610.372	1903	
610.709	2011	
611.046	2004	
611.382	2131	
611.719	2027	
612.055	1962	
612.392	2006	
612.728	2027	
613.065	1958	
613.401	2063	
613.738	1867	
614.074	2020	
614.41	2036	
614.747	1897	
615.083	1769	
615.42	1927	
615.756	1877	
616.092	1901	
616.428	1834	
616.765	1786	
617.101	1934	
617.437	2019	
617.773	2029	
618.109	1877	
618.446	1954	
618.782	1925	
619.118	1929	
619.454	1799	
619.79	1919	
620.126	1820	
620.462	1768	
620.798	1860	
621.134	1927	
621.47	1865	
621.806	1895	
622.142	1852	
622.478	1877	
622.814	1903	
623.149	1904	
623.485	2019	
623.821	1810	
624.157	1847	
624.493	1900	
624.828	1911	
625.164	1865	
625.5	1908	
625.836	1964	
626.171	1871	
626.507	1891	
626.842	1844	
627.178	1937	
627.514	1947	
627.849	1788	
628.185	1971	
628.52	1897	
628.856	1813	
629.191	2021	
629.527	1915	
629.862	1973	
630.197	1971	
630.533	1929	
630.868	2123	
631.204	2037	
631.539	2055	
631.874	1977	
632.21	1852	
632.545	1928	
632.88	1841	
633.215	1833	
633.55	1943	
633.886	1894	
634.221	1882	
634.556	1927	
634.891	1970	
635.226	1902	
635.561	1917	
635.896	1887	
636.231	1971	
636.566	2091	
636.901	2030	
637.236	1992	
637.571	2072	
637.906	1997	
638.241	2064	
638.576	1954	
638.911	2091	
639.246	2095	
639.58	1931	
639.915	2053	
640.25	2039	
640.585	1855	
640.919	1932	
641.254	1908	
641.589	1890	
641.924	1935	
642.258	1973	
642.593	1986	
642.927	1925	
643.262	2028	
643.597	2099	
643.931	1972	
644.266	2050	
644.6	2085	
644.935	2138	
645.269	2039	
645.604	2153	
645.938	2093	
646.272	2109	
646.607	2142	
646.941	2149	
647.275	2177	
647.61	2229	
647.944	1969	
648.278	1947	
648.613	1934	
648.947	2045	
649.281	1938	
649.615	1925	
649.949	1951	
650.284	2104	
650.618	2017	
650.952	2057	
651.286	2130	
651.62	2105	
651.954	2236	
652.288	2214	
652.622	2144	
652.956	2308	
653.29	2178	
653.624	2169	
653.958	2270	
654.292	2276	
654.625	2264	
654.959	2204	
655.293	2253	
655.627	2162	
655.961	2101	
656.294	2068	
656.628	2164	
656.962	2170	
657.296	2204	
657.629	2201	
657.963	2169	
658.297	2167	
658.63	2185	
658.964	2149	
659.297	2378	
659.631	2338	
659.964	2404	
660.298	2656	
660.631	2562	
660.965	2548	
661.298	2517	
661.632	2615	
661.965	2599	
662.299	2528	
662.632	2483	
662.965	2405	
663.299	2497	
663.632	2315	
663.965	2176	
664.298	2062	
664.632	1977	
664.965	2079	
665.298	2029	
665.631	2013	
665.964	2149	
666.298	2083	
666.631	2231	
666.964	2309	
667.297	2384	
667.63	2564	
667.963	2605	
668.296	2720	
668.629	2756	
668.962	2563	
669.295	2608	
669.628	2534	
669.961	2695	
670.293	2511	
670.626	2743	
670.959	2573	
671.292	2541	
671.625	2403	
671.957	2213	
672.29	2172	
672.623	2162	
672.956	2049	
673.288	1987	
673.621	2066	
673.954	2055	
674.286	2084	
674.619	2052	
674.951	2125	
675.284	2326	
675.616	2415	
675.949	2438	
676.281	2789	
676.614	2465	
676.946	2428	
677.279	2363	
677.611	2413	
677.944	2507	
678.276	2472	
678.608	2477	
678.941	2375	
679.273	2237	
679.605	2282	
679.937	2232	
680.27	2127	
680.602	1955	
680.934	2012	
681.266	2139	
681.598	1966	
681.931	1939	
682.263	1951	
682.595	1799	
682.927	2110	
683.259	1893	
683.591	1878	
683.923	1924	
684.255	1995	
684.587	2024	
684.919	2029	
685.251	2074	
685.582	1991	
685.914	2078	
686.246	2048	
686.578	1999	
686.91	2021	
687.242	1981	
687.573	2174	
687.905	2193	
688.237	2230	
688.569	2044	
688.9	1978	
689.232	1909	
689.564	1907	
689.895	2021	
690.227	1734	
690.558	1794	
690.89	1975	
691.221	1766	
691.553	1787	
691.884	1819	
692.216	1895	
692.547	1796	
692.879	1750	
693.21	1879	
693.542	1789	
693.873	1867	
694.204	1754	
694.536	2010	
694.867	1887	
695.198	1856	
695.529	1867	
695.861	1846	
696.192	1885	
696.523	1906	
696.854	2038	
697.185	2229	
697.516	2434	
697.848	2348	
698.179	1928	
698.51	1887	
698.841	1825	
699.172	1740	
699.503	1795	
699.834	1943	
700.165	1821	
700.496	1952	
700.826	1809	
701.157	1733	
701.488	1765	
701.819	1819	
702.15	1760	
702.481	1823	
702.811	1796	
703.142	1843	
703.473	1994	
703.804	1972	
704.134	1975	
704.465	1934	
704.796	1904	
705.126	1917	
705.457	1829	
705.788	1874	
706.118	1893	
706.449	1912	
706.779	1987	
707.11	2013	
707.44	2511	
707.771	2606	
708.101	2410	
708.431	2033	
708.762	1972	
709.092	1769	
709.423	1811	
709.753	1783	
710.083	1805	
710.414	1818	
710.744	1921	
711.074	1788	
711.404	1989	
711.734	1726	
712.065	1758	
712.395	1880	
712.725	1934	
713.055	1957	
713.385	1934	
713.715	1918	
714.045	2070	
714.375	1828	
714.705	1946	
715.035	1766	
715.365	1938	
715.695	1998	
716.025	1924	
716.355	1828	
716.685	1812	
717.015	1923	
717.345	1889	
717.674	1918	
718.004	1819	
718.334	1788	
718.664	1852	
718.993	1831	
719.323	1883	
719.653	1901	
719.983	1852	
720.312	1862	
720.642	1794	
720.971	1902	
721.301	1846	
721.631	1977	
721.96	2000	
722.29	1948	
722.619	1884	
722.949	1858	
723.278	1969	
723.607	1991	
723.937	2022	
724.266	2104	
724.596	2089	
724.925	2075	
725.254	2134	
725.584	2087	
725.913	2010	
726.242	2034	
726.571	2034	
726.901	2114	
727.23	2143	
727.559	2050	
727.888	2153	
728.217	2380	
728.546	2130	
728.875	2125	
729.204	1983	
729.533	1889	
729.862	1772	
730.191	2052	
730.52	1975	
730.849	1857	
731.178	1937	
731.507	1911	
731.836	2029	
732.165	1952	
732.494	2007	
732.823	1989	
733.151	2071	
733.48	2108	
733.809	2085	
734.138	2146	
734.466	2284	
734.795	2321	
735.124	2275	
735.452	2371	
735.781	2557	
736.11	2510	
736.438	2410	
736.767	2310	
737.095	2465	
737.424	2388	
737.752	2515	
738.081	2690	
738.409	2618	
738.738	2613	
739.066	3337	
739.395	3936	
739.723	3491	
740.051	2494	
740.38	2082	
740.708	2178	
741.036	2024	
741.365	1920	
741.693	1984	
742.021	2077	
742.349	1998	
742.677	2013	
743.006	2076	
743.334	2086	
743.662	2068	
743.99	2034	
744.318	2241	
744.646	2253	
744.974	2142	
745.302	2472	
745.63	2401	
745.958	2556	
746.286	2740	
746.614	2648	
746.942	2755	
747.27	2849	
747.597	2801	
747.925	2721	
748.253	2755	
748.581	2749	
748.909	2856	
749.236	2803	
749.564	2889	
749.892	2973	
750.219	3043	
750.547	3101	
750.875	5380	
751.202	9784	
751.53	10577	
751.858	6821	
752.185	5451	
752.513	5930	
752.84	4350	
753.168	2786	
753.495	2333	
753.823	2226	
754.15	2101	
754.477	2115	
754.805	2016	
755.132	2059	
755.459	1976	
755.787	2054	
756.114	2117	
756.441	2215	
756.769	2234	
757.096	2117	
757.423	2258	
757.75	2401	
758.077	2398	
758.404	2570	
758.732	2748	
759.059	2776	
759.386	2668	
759.713	2664	
760.04	2588	
760.367	2590	
760.694	2667	
761.021	2748	
761.348	2664	
761.675	2788	
762.001	2974	
762.328	3038	
762.655	2729	
762.982	2604	
763.309	2980	
763.636	2998	
763.962	3694	
764.289	6259	
764.616	6993	
764.943	4634	
765.269	2693	
765.596	2251	
765.923	1966	
766.249	2014	
766.576	1950	
766.902	1907	
767.229	1982	
767.555	2108	
767.882	2041	
768.208	2169	
768.535	2012	
768.861	2064	
769.188	1976	
769.514	2221	
769.841	2250	
770.167	2347	
770.493	2391	
770.82	2443	
771.146	2657	
771.472	2811	
771.798	2637	
772.125	2620	
772.451	2735	
772.777	2817	
773.103	3653	
773.429	4368	
773.755	3736	
774.081	2982	
774.407	2650	
774.734	2954	
775.06	2678	
775.386	2492	
775.712	2612	
776.038	2670	
776.363	3793	
776.689	2231	
777.015	2006	
777.341	1899	
777.667	2128	
777.993	2099	
778.319	2177	
778.644	1950	
778.97	1875	
779.296	1777	
779.622	1794	
779.947	1773	
780.273	1877	
780.599	1891	
780.924	1802	
781.25	1917	
781.576	1820	
781.901	1875	
782.227	1742	
782.552	1848	
782.878	1879	
783.203	1737	
783.529	1746	
783.854	1903	
784.179	1735	
784.505	1727	
784.83	1767	
785.156	1860	
785.481	1734	
785.806	1829	
786.132	1967	
786.457	1901	
786.782	1850	
787.107	1862	
787.432	1912	
787.758	1818	
788.083	1927	
788.408	1829	
788.733	1833	
789.058	1833	
789.383	1785	
789.708	1842	
790.033	1866	
790.358	1875	
790.683	1886	
791.008	1794	
791.333	1898	
791.658	1790	
791.983	1776	
792.308	1905	
792.633	1851	
792.957	1813	
793.282	1905	
793.607	1769	
793.932	1863	
794.257	1845	
794.581	1897	
794.906	1793	
795.231	2121	
795.555	2979	
795.88	3700	
796.205	2819	
796.529	2003	
796.854	1957	
797.178	1863	
797.503	1871	
797.827	1852	
798.152	1872	
798.476	1942	
798.801	1758	
799.125	1864	
799.449	1929	
799.774	1820	
800.098	1969	
800.422	1840	
800.747	1859	
801.071	2079	
801.395	2510	
801.719	2902	
802.044	2943	
802.368	3843	
802.692	3758	
803.016	2591	
803.34	2045	
803.664	1938	
803.989	1889	
804.313	1969	
804.637	2032	
804.961	1894	
805.285	1894	
805.609	1915	
805.933	2001	
806.256	1829	
806.58	1734	
806.904	1925	
807.228	1752	
807.552	1851	
807.876	1872	
808.2	1809	
808.523	1870	
808.847	1879	
809.171	1935	
809.495	1881	
809.818	1895	
810.142	1950	
810.466	1924	
810.789	2415	
811.113	3994	
811.436	4957	
811.76	4056	
812.083	4889	
812.407	9075	
812.73	9207	
813.054	4746	
813.377	2528	
813.701	2063	
814.024	1979	
814.348	2042	
814.671	1912	
814.994	2004	
815.318	1797	
815.641	1980	
815.964	1865	
816.287	1836	
816.611	1879	
816.934	1878	
817.257	1958	
817.58	1888	
817.903	1808	
818.226	1713	
818.549	1725	
818.873	1884	
819.196	1849	
819.519	1741	
819.842	1707	
820.165	1696	
820.488	1832	
820.81	1861	
821.133	1901	
821.456	1810	
821.779	1785	
822.102	1774	
822.425	1947	
822.748	1742	
823.07	1637	
823.393	1831	
823.716	1860	
824.039	1867	
824.361	1777	
824.684	1726	
825.007	1783	
825.329	1721	
825.652	1789	
825.974	1892	
826.297	1798	
826.62	1839	
826.942	2087	
827.265	2682	
827.587	2988	
827.91	2375	
828.232	2032	
828.554	1746	
828.877	1907	
829.199	1828	
829.521	1787	
829.844	1871	
830.166	1898	
830.488	1730	
830.811	1791	
831.133	1900	
831.455	1809	
831.777	1739	
832.099	1782	
832.422	1910	
832.744	1839	
833.066	1806	
833.388	1765	
833.71	1751	
834.032	1884	
834.354	1890	
834.676	1909	
834.998	1871	
835.32	1949	
835.642	1772	
835.964	1817	
836.286	1806	
836.607	1802	
836.929	1773	
837.251	1843	
837.573	1781	
837.895	1850	
838.216	1721	
838.538	1968	
838.86	1836	
839.181	1881	
839.503	1774	
839.825	1917	
840.146	1811	
840.468	1893	
840.789	1916	
841.111	2034	
841.433	3036	
841.754	4600	
842.076	4556	
842.397	2849	
842.718	2361	
843.04	3335	
843.361	5475	
843.683	5426	
844.004	3306	
844.325	2368	
844.647	1954	
844.968	2088	
845.289	1978	
845.61	1932	
845.932	1929	
846.253	2008	
846.574	1878	
846.895	1906	
847.216	1858	
847.537	1887	
847.858	1806	
848.179	1846	
848.5	1857	
848.821	1900	
849.142	2040	
849.463	1924	
849.784	1997	
850.105	1971	
850.426	1874	
850.747	1960	
851.068	1946	
851.389	1914	
851.71	1947	
852.03	2085	
852.351	1983	
852.672	2165	
852.993	2789	
853.313	3029	
853.634	2364	
853.955	2185	
854.275	1907	
854.596	1863	
854.917	2074	
855.237	2002	
855.558	1790	
855.878	1819	
856.199	1790	
856.519	1850	
856.84	1816	
857.16	1819	
857.48	1850	
857.801	1802	
858.121	1813	
858.442	1895	
858.762	1898	
859.082	1791	
859.403	1806	
859.723	1854	
860.043	1774	
860.363	1770	
860.683	1920	
861.004	1999	
861.324	1782	
861.644	1806	
861.964	1929	
862.284	1834	
862.604	2045	
862.924	2127	
863.244	1949	
863.564	1948	
863.884	1989	
864.204	1930	
864.524	1930	
864.844	1989	
865.164	2051	
865.484	1992	
865.803	2174	
866.123	2290	
866.443	2170	
866.763	2176	
867.083	2263	
867.402	2330	
867.722	2494	
868.042	2543	
868.361	2315	
868.681	2274	
869.001	2245	
869.32	2192	
869.64	2249	
869.959	2344	
870.279	2398	
870.598	2414	
870.918	2376	
871.237	2389	
871.557	2379	
871.876	2163	
872.196	2184	
872.515	2216	
872.834	2342	
873.154	2323	
873.473	2114	
873.792	2019	
874.111	1965	
874.431	1936	
874.75	1884	
875.069	1889	
875.388	1968	
875.707	1834	
876.026	1860	
876.346	1912	
876.665	1850	
876.984	1786	
877.303	1867	
877.622	1850	
877.941	1816	
878.26	1831	
878.579	1899	
878.898	1901	
879.216	1854	
879.535	1912	
879.854	1906	
880.173	1983	
880.492	1934	
880.811	1924	
881.129	2060	
881.448	1933	
881.767	1941	
882.086	1969	
882.404	1911	
882.723	2081	
883.041	2036	
883.36	2035	
883.679	2078	
883.997	2204	
884.316	2152	
884.634	2177	
884.953	2319	
885.271	2246	
885.59	2366	
885.908	2312	
886.227	2342	
886.545	2397	
886.863	2380	
887.182	2157	
887.5	2230	
887.818	2235	
888.137	2346	
888.455	2515	
888.773	2475	
889.091	2358	
889.409	2357	
889.728	2505	
890.046	2495	
890.364	2414	
890.682	2326	
891	2345	
891.318	2306	
891.636	2442	
891.954	2351	
892.272	2399	
892.59	2214	
892.908	1935	
893.226	1976	
893.544	1941	
893.862	1899	
894.179	2096	
894.497	1913	
894.815	1944	
895.133	2024	
895.451	1990	
895.768	1857	
896.086	1744	
896.404	1738	
896.721	1786	
897.039	1769	
897.357	1841	
897.674	1926	
897.992	1878	
898.309	1832	
898.627	1721	
898.944	1721	
899.262	1756	
899.579	1854	
899.897	1735	
900.214	1857	
900.532	1776	
900.849	1884	
901.166	1931	
901.484	1782	
901.801	1733	
902.118	1785	
902.436	1767	
902.753	1858	
903.07	1791	
903.387	1836	
903.704	1717	
904.022	1768	
904.339	1853	
904.656	1860	
904.973	1732	
905.29	1884	
905.607	1797	
905.924	1932	
906.241	1789	
906.558	1818	
906.875	1803	
907.192	1858	
907.509	1802	
907.826	1851	
908.143	1882	
908.459	1782	
908.776	1829	
909.093	1896	
909.41	1800	
909.726	1891	
910.043	1836	
910.36	1866	
910.677	1839	
910.993	1915	
911.31	1920	
911.626	1838	
911.943	1830	
912.26	2001	
912.576	2118	
912.893	2884	
913.209	4118	
913.526	4150	
913.842	3036	
914.159	2330	
914.475	2148	
914.791	1992	
915.108	1972	
915.424	1962	
915.74	1888	
916.057	1793	
916.373	1717	
916.689	1827	
917.005	1948	
917.322	1875	
917.638	1925	
917.954	1808	
918.27	1912	
918.586	1878	
918.902	1714	
919.218	1921	
919.534	1849	
919.85	1816	
920.166	1870	
920.482	2044	
920.798	1893	
921.114	1822	
921.43	1818	
921.746	1898	
922.062	1826	
922.378	1844	
922.694	1816	
923.009	1923	
923.325	2219	
923.641	2214	
923.957	1895	
924.272	2025	
924.588	1789	
924.904	1781	
925.219	1792	
925.535	1735	
925.851	1710	
926.166	1819	
926.482	1765	
926.797	1713	
927.113	1780	
927.428	1741	
927.744	1854	
928.059	1736	
928.375	1732	
928.69	1818	
929.005	1820	
929.321	1816	
929.636	1854	
929.951	1765	
930.267	1912	
930.582	1790	
930.897	1825	
931.212	2371	
931.527	1770	
931.843	1721	
932.158	1707	
932.473	1798	
932.788	1756	
933.103	1813	
933.418	1830	
933.733	1864	
934.048	1912	
934.363	1817	
934.678	1849	
934.993	1705	
935.308	1805	
935.623	1744	
935.938	1994	
936.253	1834	
936.567	1877	
936.882	1954	
937.197	1901	
937.512	1857	
937.827	1939	
938.141	1892	
938.456	1909	
938.771	2088	
939.085	1870	
939.4	1826	
939.714	1814	
940.029	1795	
940.344	1943	
940.658	1813	
940.973	1875	
941.287	1892	
941.602	1828	
941.916	1825	
942.23	1883	
942.545	1810	
942.859	1829	
943.174	1786	
943.488	1749	
943.802	1826	
944.116	1927	
944.431	1813	
944.745	1986	
945.059	1858	
945.373	1801	
945.688	1757	
946.002	1767	
946.316	1730	
946.63	1806	
946.944	1777	
947.258	1793	
947.572	1782	
947.886	1770	
948.2	1805	
948.514	1845	
948.828	1827	
949.142	1828	
949.456	1734	
949.77	1812	
950.084	1720	
950.397	1785	
950.711	1831	
951.025	1862	
951.339	1802	
951.652	2013	
951.966	1783	
952.28	1876	
952.594	1714	
952.907	1773	
953.221	1816	
953.534	1814	
953.848	1715	
954.162	1758	
954.475	1797	
954.789	1812	
955.102	1728	
955.416	1795	
955.729	1878	
956.042	1844	
956.356	1755	
956.669	1667	
956.983	1772	
957.296	1942	
957.609	1707	
957.922	1919	
958.236	1785	
958.549	1756	
958.862	1839	
959.175	1680	
959.488	1802	
959.802	1912	
960.115	1871	
960.428	1799	
960.741	2038	
961.054	1886	
961.367	1866	
961.68	1667	
961.993	1870	
962.306	1801	
962.619	1858	
962.932	1783	
963.245	1824	
963.558	1716	
963.87	1859	
964.183	1869	
964.496	1909	
964.809	1853	
965.122	1932	
965.434	1834	
965.747	1850	
966.06	1875	
966.372	1997	
966.685	2218	
966.998	2189	
967.31	1855	
967.623	1945	
967.935	1964	
968.248	2075	
968.56	1879	
968.873	1850	
969.185	1836	
969.498	1883	
969.81	1819	
970.123	1845	
970.435	1779	
970.747	1827	
971.06	1801	
971.372	1882	
971.684	1757	
971.997	1724	
972.309	1820	
972.621	1797	
972.933	1756	
973.245	1697	
973.557	1722	
973.87	1911	
974.182	1831	
974.494	1671	
974.806	1754	
975.118	1716	
975.43	1769	
975.742	1674	
976.054	1830	
976.366	1743	
976.678	1798	
976.99	1728	
977.301	1745	
977.613	1733	
977.925	1752	
978.237	1829	
978.549	1697	
978.86	1750	
979.172	1800	
979.484	1772	
979.796	1773	
980.107	1873	
980.419	1752	
980.73	1803	
981.042	1754	
981.354	1833	
981.665	1772	
981.977	1786	
982.288	1758	
982.6	1698	
982.911	1982	
983.223	1865	
983.534	1811	
983.845	1842	
984.157	1880	
984.468	1759	
984.779	1917	
985.091	1887	
985.402	1818	
985.713	1817	
986.024	1851	
986.336	1674	
986.647	1886	
986.958	1714	
987.269	1709	
987.58	1807	
987.891	1816	
988.202	1907	
988.513	1839	
988.824	1932	
989.135	1856	
989.446	1709	
989.757	1962	
990.068	1733	
990.379	1900	
990.69	1822	
991.001	1877	
991.312	1764	
991.623	1789	
991.933	1774	
992.244	1914	
992.555	1930	
992.866	1880	
993.176	1879	
993.487	1778	
993.798	1795	
994.108	1698	
994.419	1916	
994.729	1854	
995.04	1765	
995.351	1936	
995.661	1808	
995.972	1842	
996.282	1771	
996.592	1934	
996.903	1907	
997.213	1753	
997.524	1924	
997.834	1970	
998.144	1742	
998.455	1719	
998.765	1936	
999.075	1809	
999.385	1787	
999.696	1831	
1000.006	1747	
1000.316	1838	
1000.626	1672	
1000.936	1952	
1001.246	1770	
1001.556	1796	
1001.867	1876	
1002.177	1735	
1002.487	1863	
1002.797	1696	
1003.106	1815	
1003.416	1774	
1003.726	1783	
1004.036	1828	
1004.346	1776	
1004.656	1815	
1004.966	2080	
1005.276	1719	
1005.585	1751	
1005.895	1689	
1006.205	1749	
1006.515	1844	
1006.824	1814	
1007.134	1791	
1007.444	1779	
1007.753	1829	
1008.063	1774	
1008.372	1772	
1008.682	1739	
1008.991	1776	
1009.301	1755	
1009.61	1732	
1009.92	1822	
1010.229	1793	
1010.539	1803	
1010.848	1692	
1011.157	1693	
1011.467	1769	
1011.776	1825	
1012.085	1685	
1012.395	1751	
1012.704	1747	
1013.013	1716	
1013.322	1718	
1013.632	1727	
1013.941	1732	
1014.25	1670	
1014.559	1732	
1014.868	1736	
1015.177	1719	
1015.486	1674	
1015.795	1651	
1016.104	1635	
1016.413	1628	
1016.722	1652	
1017.031	1571	
1017.34	1579	
1017.649	1591	
