USB2G48828_1:101		
350	-2.1872	
351	-4.80928	
352	3.70918	
353	3.90657	
354	-0.61927	
355	-1.30785	
356	5.46547	
357	17.59287	
358	14.33427	
359	0.0684	
360	7.17039	
361	-2.71605	
362	-7.84357	
363	-1.72132	
364	-3.2354	
365	-4.03653	
366	3.73116	
367	-3.16662	
368	-3.7937	
369	-3.91086	
370	-1.48401	
371	-4.4798	
372	1.42466	
373	-2.17012	
374	8.64293	
375	13.3188	
376	6.87744	
377	14.35571	
378	72.15782	
379	12.22741	
380	22.6846	
381	14.09885	
382	1.10552	
383	6.71838	
384	-1.3129	
385	1.84081	
386	7.07889	
387	24.27171	
388	19.85702	
389	30.70979	
390	99.24457	
391	141.69693	
392	106.11809	
393	28.9838	
394	13.99068	
395	10.60015	
396	12.53014	
397	10.5526	
398	16.42084	
399	13.33859	
400	12.89194	
401	3.06678	
402	8.75229	
403	4.60019	
404	6.09384	
405	17.437	
406	31.75721	
407	10.91954	
408	3.34473	
409	2.34626	
410	5.36868	
411	6.58696	
412	9.77041	
413	8.8411	
414	8.18355	
415	2.61242	
416	6.05734	
417	1.79149	
418	8.85925	
419	18.77404	
420	23.4754	
421	13.9066	
422	8.12256	
423	21.06853	
424	15.70652	
425	36.63025	
426	77.2814	
427	102.76198	
428	87.92237	
429	33.32295	
430	9.48336	
431	13.1347	
432	10.34643	
433	11.81237	
434	26.73312	
435	18.68305	
436	11.99385	
437	15.85421	
438	20.3085	
439	8.55593	
440	7.99573	
441	4.22748	
442	10.13708	
443	22.73462	
444	7.64704	
445	0.88345	
446	1.09042	
447	8.2147	
448	22.0268	
449	5.80025	
450	11.04265	
451	1.609	
452	8.80232	
453	1.90308	
454	19.43307	
455	14.06944	
456	6.18863	
457	13.95537	
458	25.17135	
459	20.43119	
460	12.50378	
461	26.70371	
462	10.18488	
463	8.36764	
464	14.15153	
465	16.81693	
466	22.21267	
467	5.44055	
468	9.16885	
469	14.83811	
470	29.10149	
471	29.20726	
472	19.63063	
473	22.49764	
474	36.71612	
475	6.2663	
476	29.8441	
477	29.18955	
478	12.22262	
479	8.15149	
480	11.24573	
481	19.84276	
482	5.55453	
483	20.22243	
484	19.1722	
485	11.70246	
486	78.11402	
487	37.38975	
488	51.50639	
489	21.80251	
490	16.50069	
491	12.52912	
492	1.68447	
493	8.59012	
494	3.69565	
495	1.80892	
496	10.54538	
497	13.11269	
498	22.20549	
499	64.56609	
500	6.89932	
501	15.07039	
502	15.37046	
503	5.14706	
504	2.28561	
505	2.52437	
506	1.68933	
507	7.70897	
508	10.5546	
509	8.61289	
510	4.20843	
511	4.5873	
512	27.06904	
513	3.6463	
514	15.16249	
515	16.42177	
516	10.3855	
517	14.72247	
518	30.07957	
519	20.32844	
520	10.4032	
521	7.79199	
522	6.45307	
523	12.74489	
524	5.44093	
525	9.61021	
526	-0.12823	
527	-1.46828	
528	14.68051	
529	0.94432	
530	-3.36746	
531	-4.2013	
532	17.15057	
533	2.61295	
534	-1.03758	
535	10.62064	
536	-1.96693	
537	-0.94797	
538	4.99918	
539	6.32564	
540	-3.77047	
541	5.21504	
542	5.09866	
543	11.17318	
544	4.02643	
545	3.29698	
546	-0.79765	
547	1.63349	
548	-2.83721	
549	-0.42399	
550	15.31371	
551	8.29965	
552	4.72135	
553	1.59142	
554	3.66377	
555	0.77365	
556	16.32399	
557	13.85144	
558	13.01577	
559	4.39773	
560	9.76598	
561	34.29358	
562	11.69647	
563	14.10672	
564	2.5162	
565	10.79396	
566	-1.00509	
567	4.06067	
568	12.02446	
569	-0.47291	
570	0.17339	
571	0.82912	
572	0.68979	
573	2.38525	
574	7.06277	
575	6.15979	
576	26.35122	
577	8.84554	
578	6.03689	
579	5.4122	
580	0.90722	
581	4.87859	
582	7.08437	
583	5.86079	
584	5.51416	
585	41.19732	
586	7.55173	
587	7.53869	
588	5.56813	
589	8.50729	
590	7.77637	
591	11.49953	
592	16.58089	
593	12.25809	
594	1.65354	
595	1.86473	
596	8.87887	
597	5.74163	
598	9.21382	
599	9.41927	
600	15.78597	
601	9.39479	
602	6.40367	
603	33.75936	
604	27.63377	
605	19.12817	
606	18.32503	
607	14.00771	
608	4.92444	
609	1.65482	
610	3.84731	
611	20.16775	
612	10.83075	
613	9.30098	
614	3.87986	
615	13.59755	
616	2.3444	
617	7.52199	
618	8.87574	
619	5.21551	
620	1.12057	
621	-1.70511	
622	-1.46414	
623	11.40085	
624	-2.26038	
625	-4.16884	
626	3.0887	
627	-0.6462	
628	-1.10572	
629	20.20945	
630	3.37344	
631	7.60316	
632	4.38461	
633	-1.35223	
634	-1.78836	
635	-4.34448	
636	8.05856	
637	1.34312	
638	4.38653	
639	0.91575	
640	5.20281	
641	10.59493	
642	5.66455	
643	8.89005	
644	1.45322	
645	3.28318	
646	2.92143	
647	13.39911	
648	7.43869	
649	4.63174	
650	3.64008	
651	2.84067	
652	5.14957	
653	5.8824	
654	15.43519	
655	6.36155	
656	139.82498	
657	166.44235	
658	50.05747	
659	24.97824	
660	12.90173	
661	21.02042	
662	15.71359	
663	10.6237	
664	4.22932	
665	6.11552	
666	18.69011	
667	11.89252	
668	13.45286	
669	14.98715	
670	11.42482	
671	16.6833	
672	8.04518	
673	-0.28233	
674	4.55568	
675	17.68016	
676	19.8918	
677	15.01665	
678	7.03388	
679	8.24107	
680	0.62217	
681	2.28827	
682	-4.19873	
683	1.58163	
684	3.59863	
685	-2.11143	
686	-1.5004	
687	11.41388	
688	7.56241	
689	0.55524	
690	-3.1574	
691	-1.68644	
692	-3.63483	
693	-4.46441	
694	0.42177	
695	-0.34932	
696	5.37383	
697	45.72944	
698	5.46889	
699	2.69741	
700	-0.39534	
701	8.6751	
702	-3.79647	
703	15.95808	
704	2.58087	
705	22.93756	
706	-1.53269	
707	40.56724	
708	10.82237	
709	-2.53333	
710	-4.94966	
711	-0.08386	
712	-0.20937	
713	7.66111	
714	-5.19034	
715	1.62589	
716	0.67944	
717	1.65202	
718	-2.92685	
719	-3.73315	
720	-9.47108	
721	5.49863	
722	14.06377	
723	-1.91584	
724	0.82874	
725	-0.12426	
726	4.15772	
727	14.7798	
728	16.22843	
729	-3.40908	
730	0.31855	
731	-2.72266	
732	19.1209	
733	0.12072	
734	4.1732	
735	11.88722	
736	7.59083	
737	12.73581	
738	41.70594	
739	57.90863	
740	9.67906	
741	1.75091	
742	-3.71958	
743	4.66807	
744	-1.03364	
745	38.0837	
746	11.33772	
747	13.49768	
748	11.61125	
749	13.17593	
750	180.7574	
751	308.59871	
752	192.4929	
753	42.03618	
754	5.46499	
755	17.36151	
756	-2.86105	
757	3.01197	
758	10.87677	
759	8.82883	
760	8.90983	
761	2.95143	
762	5.32059	
763	134.60284	
764	147.27108	
765	42.83204	
766	7.74933	
767	3.53747	
768	0.88492	
769	8.69784	
770	4.54578	
771	10.19551	
772	38.57341	
773	53.41697	
774	17.55353	
775	5.79111	
776	4.82829	
777	17.57897	
778	16.95854	
779	16.83069	
780	-1.56782	
781	-4.45143	
782	-4.73817	
783	-7.61662	
784	-8.26721	
785	-6.5299	
786	-1.91232	
787	0.04907	
788	-5.30488	
789	-3.13703	
790	26.08753	
791	-3.4356	
792	-3.58847	
793	1.95895	
794	-3.81283	
795	45.34556	
796	16.86104	
797	-0.35468	
798	-0.35771	
799	-11.17095	
800	3.26525	
801	41.52337	
802	43.12208	
803	16.23635	
804	4.02118	
805	-6.46117	
806	-2.80668	
807	0.11085	
808	-1.82065	
809	6.23019	
810	43.46013	
811	118.04898	
812	187.58722	
813	48.42821	
814	9.55946	
815	-3.47711	
816	11.18248	
817	-5.33304	
818	-2.26298	
819	5.8639	
820	1.73968	
821	-3.14543	
822	-4.00233	
823	-1.854	
824	8.12722	
825	-5.89104	
826	11.05879	
827	25.58305	
828	4.68798	
829	-5.5086	
830	-5.01472	
831	-2.96554	
832	-4.50307	
833	-6.09342	
834	-1.68824	
835	1.71941	
836	-9.23281	
837	1.4077	
838	-2.09422	
839	-6.15997	
840	-5.38785	
841	53.10973	
842	43.65895	
843	65.14147	
844	14.03607	
845	4.96452	
846	7.08422	
847	-2.47785	
848	-1.21823	
849	-10.73256	
850	-9.5029	
851	-7.00159	
852	14.24434	
853	7.70247	
854	-2.17732	
855	-6.48997	
856	-3.28365	
857	-5.5932	
858	-7.97838	
859	-8.44623	
860	-7.46379	
861	-2.29527	
862	-8.36242	
863	-6.09656	
864	-0.64153	
865	-1.29034	
866	-9.34163	
867	1.56731	
868	-0.93795	
869	-2.1602	
870	0.6318	
871	0.27801	
872	23.34432	
873	-1.70557	
874	-2.87051	
875	-8.31458	
876	1.71873	
877	-1.63647	
878	-4.04547	
879	-7.68739	
880	-6.75876	
881	-8.63258	
882	-4.52622	
883	-0.71969	
884	-4.29522	
885	5.72761	
886	5.68905	
887	-5.5117	
888	-0.4445	
889	3.06221	
890	-0.6167	
891	-3.81912	
892	-5.69901	
893	-1.41026	
894	-8.79073	
895	-4.32482	
896	-5.2899	
897	4.91523	
898	-9.80717	
899	-4.2322	
900	-3.68245	
901	-11.22033	
902	-7.94608	
903	-4.31848	
904	-5.14226	
905	-7.99961	
906	-5.26604	
907	1.7511	
908	-8.20349	
909	1.90398	
910	-0.6927	
911	-9.44224	
912	12.88694	
913	7.14596	
914	4.56212	
915	-0.9292	
916	-7.3706	
917	-8.03601	
918	-5.86804	
919	-8.21324	
920	-4.34719	
921	-5.1712	
922	-4.79696	
923	-4.09047	
924	-1.32899	
925	-7.53658	
926	-4.89583	
927	-4.73468	
928	-9.29234	
929	-3.35804	
930	2.96988	
931	-3.67123	
932	-6.13521	
933	-4.48007	
934	-3.20199	
935	8.97428	
936	0.54178	
937	-3.07994	
938	-9.51557	
939	-3.13652	
940	-3.05255	
941	-3.33045	
942	-1.62221	
943	-7.18805	
944	-3.88159	
945	-7.87489	
946	0.29456	
947	-11.06884	
948	-9.16332	
949	-8.51623	
950	-7.32018	
951	-11.26781	
952	-6.60265	
953	-3.03522	
954	-2.97583	
955	6.51175	
956	-8.36672	
957	-5.79138	
958	0.67426	
959	7.36037	
960	-5.0615	
961	-8.3086	
962	-5.96617	
963	2.22041	
964	4.72843	
965	-11.68071	
966	3.57234	
967	-8.20068	
968	-1.90125	
969	-10.1797	
970	-0.35297	
971	-7.02545	
972	-2.07538	
973	-5.64561	
974	-8.41138	
975	-8.5853	
976	-3.62385	
977	-7.36777	
978	-8.96515	
979	-5.29141	
980	-10.24342	
981	-5.53173	
982	-9.37176	
983	-6.17116	
984	-6.07504	
985	-9.77311	
986	-10.54924	
987	-1.63536	
988	51.60452	
989	-7.29605	
990	-2.33761	
991	-5.35611	
992	13.33236	
993	-6.78422	
994	22.65553	
995	-6.30295	
996	1.98588	
997	-7.51519	
998	-6.20057	
999	-2.68174	
1000	-5.77807	
