-4.000000E+01,+4.404851E-07,+9.910000E+37,+7.496104E+02,+2.150800E+04,
-3.900000E+01,+4.602045E-07,+9.910000E+37,+7.506729E+02,+2.150800E+04,
-3.800000E+01,+4.785671E-07,+9.910000E+37,+7.517324E+02,+2.150800E+04,
-3.700000E+01,+4.968777E-07,+9.910000E+37,+7.527959E+02,+2.150800E+04,
-3.600000E+01,+5.151883E-07,+9.910000E+37,+7.538574E+02,+2.150800E+04,
-3.500000E+01,+5.338287E-07,+9.910000E+37,+7.549170E+02,+2.150800E+04,
-3.400000E+01,+5.526842E-07,+9.910000E+37,+7.560020E+02,+2.150800E+04,
-3.300000E+01,+5.720565E-07,+9.910000E+37,+7.570615E+02,+2.150800E+04,
-3.200000E+01,+5.917108E-07,+9.910000E+37,+7.581484E+02,+2.150800E+04,
-3.100000E+01,+6.118000E-07,+9.910000E+37,+7.592109E+02,+2.150800E+04,
-3.000000E+01,+6.325090E-07,+9.910000E+37,+7.602695E+02,+2.150800E+04,
-2.900000E+01,+6.538304E-07,+9.910000E+37,+7.613271E+02,+2.150800E+04,
-2.800000E+01,+6.756351E-07,+9.910000E+37,+7.623857E+02,+2.150800E+04,
-2.700000E+01,+6.980653E-07,+9.910000E+37,+7.634658E+02,+2.150800E+04,
-2.600000E+01,+7.211333E-07,+9.910000E+37,+7.645254E+02,+2.150800E+04,
-2.500000E+01,+7.448771E-07,+9.910000E+37,+7.656064E+02,+2.150800E+04,
-2.400000E+01,+7.696243E-07,+9.910000E+37,+7.666680E+02,+2.150800E+04,
-2.300000E+01,+7.949973E-07,+9.910000E+37,+7.677549E+02,+2.150800E+04,
-2.200000E+01,+8.210666E-07,+9.910000E+37,+7.688135E+02,+2.150800E+04,
-2.100000E+01,+8.482471E-07,+9.910000E+37,+7.698721E+02,+2.150800E+04,
-2.000000E+01,+8.762535E-07,+9.910000E+37,+7.709326E+02,+2.150800E+04,
-1.900000E+01,+9.050098E-07,+9.910000E+37,+7.720117E+02,+2.150800E+04,
-1.800000E+01,+9.346727E-07,+9.910000E+37,+7.730732E+02,+2.150800E+04,
-1.700000E+01,+9.654938E-07,+9.910000E+37,+7.741348E+02,+2.150800E+04,
-1.600000E+01,+9.973744E-07,+9.910000E+37,+7.752187E+02,+2.150800E+04,
-1.500000E+01,+1.030317E-06,+9.910000E+37,+7.762979E+02,+2.150800E+04,
-1.400000E+01,+1.064603E-06,+9.910000E+37,+7.794600E+02,+2.150800E+04,
-1.300000E+01,+1.100803E-06,+9.910000E+37,+7.805195E+02,+2.150800E+04,
-1.200000E+01,+1.138205E-06,+9.910000E+37,+7.815986E+02,+2.150800E+04,
-1.100000E+01,+1.176595E-06,+9.910000E+37,+7.826582E+02,+2.150800E+04,
-1.000000E+01,+1.216501E-06,+9.910000E+37,+7.837383E+02,+2.150800E+04,
-9.000000E+00,+1.258315E-06,+9.910000E+37,+7.847959E+02,+2.150800E+04,
-8.000000E+00,+1.301325E-06,+9.910000E+37,+7.858770E+02,+2.150800E+04,
-7.000000E+00,+1.346030E-06,+9.910000E+37,+7.869395E+02,+2.150800E+04,
-6.000000E+00,+1.392941E-06,+9.910000E+37,+7.880254E+02,+2.150800E+04,
-5.000000E+00,+1.441548E-06,+9.910000E+37,+7.890850E+02,+2.150800E+04,
-4.000000E+00,+1.492536E-06,+9.910000E+37,+7.901797E+02,+2.150800E+04,
-3.000000E+00,+1.545992E-06,+9.910000E+37,+7.912393E+02,+2.150800E+04,
-2.000000E+00,+1.602178E-06,+9.910000E+37,+7.922998E+02,+2.150800E+04,
-1.000000E+00,+1.660652E-06,+9.910000E+37,+7.933574E+02,+2.150800E+04,
+0.000000E+00,+1.722102E-06,+9.910000E+37,+7.944170E+02,+2.150800E+04,
+1.000000E+00,+1.787713E-06,+9.910000E+37,+7.955000E+02,+2.150800E+04,
+2.000000E+00,+1.856999E-06,+9.910000E+37,+7.965615E+02,+2.150800E+04,
+3.000000E+00,+1.929375E-06,+9.910000E+37,+7.976240E+02,+2.150800E+04,
+4.000000E+00,+2.006289E-06,+9.910000E+37,+7.986836E+02,+2.150800E+04,
+5.000000E+00,+2.087478E-06,+9.910000E+37,+7.997422E+02,+2.150800E+04,
+6.000000E+00,+2.175173E-06,+9.910000E+37,+8.008027E+02,+2.150800E+04,
+7.000000E+00,+2.267949E-06,+9.910000E+37,+8.018623E+02,+2.150800E+04,
+8.000000E+00,+2.367684E-06,+9.910000E+37,+8.029229E+02,+2.150800E+04,
+9.000000E+00,+2.476086E-06,+9.910000E+37,+8.039814E+02,+2.150800E+04,
+1.000000E+01,+2.593017E-06,+9.910000E+37,+8.050635E+02,+2.150800E+04,
+1.100000E+01,+2.720049E-06,+9.910000E+37,+8.061211E+02,+2.150800E+04,
+1.200000E+01,+2.860101E-06,+9.910000E+37,+8.071797E+02,+2.150800E+04,
+1.300000E+01,+3.013941E-06,+9.910000E+37,+8.082383E+02,+2.150800E+04,
+1.400000E+01,+3.187939E-06,+9.910000E+37,+8.093213E+02,+2.150800E+04,
+1.500000E+01,+3.386790E-06,+9.910000E+37,+8.103789E+02,+2.150800E+04,
+1.600000E+01,+3.615709E-06,+9.910000E+37,+8.114385E+02,+2.150800E+04,
+1.700000E+01,+3.889287E-06,+9.910000E+37,+8.124980E+02,+2.150800E+04,
+1.800000E+01,+4.235718E-06,+9.91000


current through plasma (-mA) <tab> voltage across plasma (-V) <tab> time (sec)
0.352331	3545.225696	0.001000
0.354774	3542.342696	0.101000
0.358155	3538.967415	0.201000
0.358177	3538.109988	0.301000
0.358153	3537.264855	0.401000
0.358237	3536.435063	0.501000
0.358167	3535.519415	0.601000
0.358162	3534.731736	0.701000
0.358157	3533.945275	0.801000
0.358142	3533.155552	0.901000
0.358041	3532.360174	1.001000
0.358019	3531.501859	1.101000
0.358133	3530.619450	1.201000
0.358138	3529.814945	1.301000
0.358115	3528.957686	1.401000
0.358130	3528.146197	1.501000
0.358185	3527.049780	1.601000
0.358217	3526.176210	1.701000
0.358180	3525.345047	1.801000
0.358213	3524.574336	1.901000
0.358208	3523.889822	2.001000
0.358249	3523.076240	2.101000
0.358217	3522.188258	2.201000
0.358238	3521.428787	2.301000
0.358182	3520.566788	2.401000
0.358207	3519.705184	2.501000
0.358238	3518.839893	2.601000
0.358198	3518.025129	2.701000
0.358169	3517.192298	2.801000
0.358224	3516.331999	2.901000
0.358248	3515.430165	3.001000
0.358257	3514.653453	3.101000
0.358231	3513.803412	3.201000
0.358263	3512.940349	3.301000
0.358224	3512.183313	3.401000
0.358172	3511.342738	3.501000
0.358163	3510.475712	3.601000
0.358144	3509.663016	3.701000
0.358087	3508.850219	3.801000
0.358047	3508.045380	3.901000
0.358035	3507.202006	4.001000
0.358018	3506.343559	4.101000
0.358031	3505.519406	4.201000
0.358019	3504.658085	4.301000
0.358098	3503.913020	4.401000
0.358056	3503.044819	4.501000
0.358040	3502.205250	4.601000
0.358048	3501.405291	4.701000
0.358069	3500.583672	4.801000
0.358029	3499.686276	4.901000
0.358017	3498.875700	5.001000
0.358030	3498.460507	5.101000
0.357970	3497.507767	5.201000
0.357914	3496.751189	5.301000
0.357920	3495.674390	5.401000
0.357978	3494.860044	5.501000
0.357944	3494.287294	5.601000
0.357924	3493.992868	5.701000
0.358006	3492.277815	5.801000
0.357995	3491.495468	5.901000
0.358038	3490.638699	6.001000
0.357983	3489.823037	6.101000
0.357969	3489.007559	6.201000
0.357876	3488.165837	6.301000
0.357885	3487.345982	6.401000
0.357894	3486.548533	6.501000
0.357884	3485.772891	6.601000
0.357841	3484.979882	6.701000
0.357856	3484.144817	6.801000
0.357877	3483.311753	6.901000
0.357843	3482.359660	7.001000
0.357849	3481.399306	7.101000
0.357919	3480.562604	7.201000
0.357951	3479.837690	7.301000
0.357956	3479.069291	7.401000
0.357926	3478.461400	7.501000
0.357957	3477.595321	7.601000
0.357962	3476.744937	7.701000
0.357947	3475.900231	7.801000
0.357953	3475.065996	7.901000
0.358005	3474.241128	8.001000
0.357968	3473.391206	8.101000
0.357999	3472.649795	8.201000
0.357994	3471.825209	8.301000
0.357994	3470.993448	8.401000
0.357957	3470.195539	8.501000
0.357974	3469.395644	8.601000
0.358020	3468.646557	8.701000
0.358020	3467.611452	8.801000
0.358046	3466.911942	8.901000
0.358067	3466.091121	9.001000
0.358098	3465.272923	9.101000
0.358044	3464.480926	9.201000
0.358025	3463.654960	9.301000
0.358055	3462.870637	9.401000
0.358021	3462.080037	9.501000
0.357960	3461.301181	9.601000
0.357951	3460.494406	9.701000
0.358021	3459.690648	9.801000
0.358052	3458.860169	9.901000
0.357993	3458.088651	10.001000
0.357988	3457.231298	10.101000
0.358051	3456.433290	10.201000
0.358067	3455.621782	10.301000
0.358077	3454.854962	10.401000
0.358041	3454.552507	10.501000
0.358051	3453.491775	10.601000
0.357985	3452.445704	10.701000
0.357973	3451.604144	10.801000
0.358003	3450.870373	10.901000
0.357997	3450.031142	11.001000
0.357968	3449.239405	11.101000
0.357943	3448.435780	11.201000
0.357931	3447.601471	11.301000
0.357891	3446.817865	11.401000
0.357925	3446.009325	11.501000
0.357944	3445.200584	11.601000
0.357957	3444.385466	11.701000
0.357875	3443.595138	11.801000
0.357862	3442.846051	11.901000
0.357898	3441.986984	12.001000
0.357872	3441.196144	12.101000
0.357870	3440.380175	12.201000
0.357887	3439.319472	12.301000
0.357905	3438.514028	12.401000
0.357814	3437.772479	12.501000
0.357797	3437.152261	12.601000
0.357784	3436.413977	12.701000
0.357857	3435.606472	12.801000
0.357811	3434.833099	12.901000
0.357812	3434.100928	13.001000
0.357866	3433.235155	13.101000
0.357862	3432.435836	13.201000
0.357913	3431.646802	13.301000
0.357923	3430.827517	13.401000
0.357951	3430.028353	13.501000
0.357922	3429.189562	13.601000
0.357932	3428.416902	13.701000
0.357925	3427.630611	13.801000
0.357965	3426.832271	13.901000
0.357869	3426.107649	14.001000
0.357882	3425.343372	14.101000
0.357888	3424.473380	14.201000
0.357889	3423.675718	14.301000
0.357867	3422.857664	14.401000
0.357914	3422.061600	14.501000
0.357986	3421.245576	14.601000
0.357963	3420.466707	14.701000
0.357910	3419.686893	14.801000
0.357916	3418.894316	14.901000
0.357974	3418.308752	15.001000
0.357960	3417.384198	15.101000
0.357984	3416.546275	15.201000
0.358003	3415.704570	15.301000
0.358022	3415.024842	15.401000
0.357912	3414.376978	15.501000
0.357863	3413.704179	15.601000
0.357844	3412.757464	15.701000
0.357876	3412.232838	15.801000
0.357850	3411.227226	15.901000
0.357798	3410.547285	16.001000
0.357829	3409.543209	16.101000
0.357860	3408.775628	16.201000
0.357853	3407.971197	16.301000
0.357821	3407.155321	16.401000
0.357827	3406.368736	16.501000
0.357802	3405.603255	16.601000
0.357765	3404.804501	16.701000
0.357761	3404.042957	16.801000
0.357776	3403.257886	16.901000
0.357726	3402.501239	17.001000
0.357741	3401.716975	17.101000
0.357706	3400.944344	17.201000
0.357737	3400.237982	17.301000
0.357721	3399.334166	17.401000
0.357760	3398.548978	17.501000
0.357803	3397.778035	17.601000
0.357790	3396.999706	17.701000
0.357761	3396.244041	17.801000
0.357735	3395.483845	17.901000
0.357777	3394.668029	18.001000
0.357770	3393.909986	18.101000
0.357725	3393.134120	18.201000
0.357781	3392.364606	18.301000
0.357778	3391.618648	18.401000
0.357713	3390.844883	18.501000
0.357667	3390.097457	18.601000
0.357716	3389.287872	18.701000
0.357782	3388.500487	18.801000
0.357758	3387.696236	18.901000
0.357723	3386.927217	19.001000
0.357761	3386.175247	19.101000
0.357845	3385.389576	19.201000
0.357866	3384.613423	19.301000
0.357851	3383.878164	19.401000
0.357859	3383.074372	19.501000
0.357937	3382.257789	19.601000
0.357920	3381.511038	19.701000
0.357888	3380.712926	19.801000
0.357920	3379.918344	19.901000
0.357881	3379.192120	20.001000
0.357859	3378.449627	20.101000
0.357829	3377.678919	20.201000
0.357837	3376.915358	20.301000
0.357865	3376.144109	20.401000
0.357859	3375.389182	20.501000
0.357892	3374.545326	20.601000
0.357951	3373.823821	20.701000
0.357926	3373.029919	20.801000
0.357874	3372.261813	20.901000
0.357845	3371.539691	21.001000
0.357826	3371.050208	21.101000
0.357798	3370.300484	21.201000
0.357804	3369.548984	21.301000
0.357771	3368.585180	21.401000
0.357786	3367.698212	21.501000
0.357722	3367.004344	21.601000
0.357701	3366.239647	21.701000
0.357689	3365.437214	21.801000
0.357703	3364.657770	21.901000
0.357651	3363.975802	22.001000
0.357690	3363.197660	22.101000
0.357737	3362.421807	22.201000
0.357809	3361.624464	22.301000
0.357763	3360.907256	22.401000
0.357745	3360.148926	22.501000
0.357816	3359.352196	22.601000
0.357867	3358.622109	22.701000
0.357870	3357.818336	22.801000
0.357884	3357.026797	22.901000
0.357910	3356.257004	23.001000
0.357874	3355.465345	23.101000
0.357837	3354.761723	23.201000
0.357839	3353.996651	23.301000
0.357886	3353.200747	23.401000
0.357922	3352.521331	23.501000
0.357871	3351.719685	23.601000
0.357911	3351.018888	23.701000
0.357983	3349.975138	23.801000
0.357982	3349.305505	23.901000
0.357991	3348.631383	24.001000
0.357969	3347.879683	24.101000
0.357979	3347.120707	24.201000
0.357945	3346.290403	24.301000
0.357911	3345.353250	24.401000
0.357874	3344.629816	24.501000
0.357883	3343.883191	24.601000
0.357856	3343.206481	24.701000
0.357813	3342.689502	24.801000
0.357741	3341.963524	24.901000
0.357803	3341.146643	25.001000
0.357739	3340.425126	25.101000
0.357742	3339.690758	25.201000
0.357743	3338.942965	25.301000
0.357761	3338.186908	25.401000
0.357714	3337.463428	25.501000
0.357663	3336.703596	25.601000
0.357638	3335.955831	25.701000
0.357679	3335.253524	25.801000
0.357677	3334.499769	25.901000
0.357693	3333.696472	26.001000
0.357693	3332.947384	26.101000
0.357655	3332.183679	26.201000
0.357641	3331.485458	26.301000
0.357634	3330.785885	26.401000
0.357648	3330.369525	26.501000
0.357676	3329.513000	26.601000
0.357675	3328.614666	26.701000
0.357669	3327.739238	26.801000
0.357711	3326.991125	26.901000
0.357723	3326.275581	27.001000
0.357745	3325.456721	27.101000
0.357784	3324.711312	27.201000
0.357810	3323.959157	27.301000
0.357802	3323.213554	27.401000
0.357739	3322.489166	27.501000
0.357718	3321.771739	27.601000
0.357729	3320.981169	27.701000
0.357761	3320.231563	27.801000
0.357706	3319.516340	27.901000
0.357737	3318.778615	28.001000
0.357740	3318.043198	28.101000
0.357724	3317.267236	28.201000
0.357688	3316.556777	28.301000
0.357726	3315.795878	28.401000
0.357756	3315.046302	28.501000
0.357787	3314.304013	28.601000
0.357753	3313.581427	28.701000
0.357760	3312.834065	28.801000
0.357751	3312.118255	28.901000
0.357802	3311.403294	29.001000
0.357764	3310.672720	29.101000
0.357743	3309.898272	29.201000
0.357773	3309.173082	29.301000
0.357765	3308.410008	29.401000
0.357684	3307.728207	29.501000
0.357679	3306.913662	29.601000
0.357656	3306.231980	29.701000
0.357697	3305.477517	29.801000
0.357652	3304.770942	29.901000
0.357611	3303.995957	30.001000
0.357657	3303.281021	30.101000
0.357688	3302.561779	30.201000
0.357687	3301.838840	30.301000
0.357686	3301.094754	30.401000
0.357693	3300.386059	30.501000
0.357689	3299.587876	30.601000
0.357667	3298.912911	30.701000
0.357634	3298.200609	30.801000
0.357691	3297.401506	30.901000
0.357733	3296.690436	31.001000
0.357720	3296.016832	31.101000
0.357662	3295.292324	31.201000
0.357643	3294.611044	31.301000
0.357673	3293.842271	31.401000
0.357670	3293.043767	31.501000
0.357689	3292.359476	31.601000
0.357709	3291.608096	31.701000
0.357743	3291.425272	31.801000
0.357822	3290.441315	31.901000
0.357778	3289.666990	32.001000
0.357746	3288.721617	32.101000
0.357773	3288.005868	32.201000
0.357797	3287.257698	32.301000
0.357802	3286.497251	32.401000
0.357798	3285.762830	32.501000
0.357858	3285.029527	32.601000
0.357863	3284.243321	32.701000
0.357799	3283.373878	32.801000
0.357746	3282.644738	32.901000
0.357782	3281.933206	33.001000
0.357774	3281.456082	33.101000
0.357730	3280.750599	33.201000
0.357699	3280.054290	33.301000
0.357745	3279.324743	33.401000
0.357766	3278.585411	33.501000
0.357748	3277.847774	33.601000
0.357734	3277.116119	33.701000
0.357740	3276.413651	33.801000
0.357777	3275.691046	33.901000
0.357709	3275.005406	34.001000
0.357700	3274.298468	34.101000
0.357705	3273.574538	34.201000
0.357699	3272.848418	34.301000
0.357651	3272.163205	34.401000
0.357622	3271.482625	34.501000
0.357641	3270.725313	34.601000
0.357679	3270.011866	34.701000
0.357677	3269.302487	34.801000
0.357646	3268.567243	34.901000
0.357679	3267.863081	35.001000
0.357750	3267.168442	35.101000
0.357793	3266.407596	35.201000
0.357822	3265.692901	35.301000
0.357812	3265.017568	35.401000
0.357892	3264.308441	35.501000
0.357875	3263.553791	35.601000
0.357839	3262.831757	35.701000
0.357837	3262.125223	35.801000
0.357912	3261.346149	35.901000
0.357905	3260.687166	36.001000
0.357877	3260.011345	36.101000
0.357840	3259.267078	36.201000
0.357842	3258.576123	36.301000
0.357853	3257.824003	36.401000
0.357840	3257.125624	36.501000
0.357851	3256.455268	36.601000
0.357870	3255.705924	36.701000
0.357973	3254.972268	36.801000
0.357919	3254.253843	36.901000
0.357851	3253.627238	37.001000
0.357873	3253.469301	37.101000
0.357888	3252.567945	37.201000
0.357876	3251.555720	37.301000
0.357863	3250.798324	37.401000
0.357855	3250.099206	37.501000
0.357871	3249.353442	37.601000
0.357804	3248.726200	37.701000
0.357713	3248.032978	37.801000
0.357693	3247.329222	37.901000
0.357754	3246.602347	38.001000
0.357770	3245.909231	38.101000
0.357726	3245.229464	38.201000
0.357708	3244.550329	38.301000
0.357764	3243.821635	38.401000
0.357796	3243.125734	38.501000
0.357804	3242.418831	38.601000
0.357818	3241.734871	38.701000
0.357830	3241.001471	38.801000
0.357886	3240.262369	38.901000
0.357844	3239.607725	39.001000
0.357838	3238.885335	39.101000
0.357824	3238.202264	39.201000
0.357903	3237.477247	39.301000
0.357849	3236.809462	39.401000
0.357811	3236.130796	39.501000
0.357788	3235.440699	39.601000
0.357850	3234.743325	39.701000
0.357850	3234.112170	39.801000
0.357852	3233.289044	39.901000
0.357857	3232.582084	40.001000
0.357944	3231.610261	40.101000
0.357941	3230.910824	40.201000
0.357910	3230.242072	40.301000
0.357865	3229.770688	40.401000
0.357884	3229.106055	40.501000
0.357927	3228.416371	40.601000
0.357871	3227.715896	40.701000
0.357852	3227.075401	40.801000
0.357855	3226.428262	40.901000
0.357869	3225.691985	41.001000
0.357808	3225.004709	41.101000
0.357790	3224.303494	41.201000
0.357759	3223.623487	41.301000
0.357826	3222.913101	41.401000
0.357837	3222.233121	41.501000
0.357779	3221.579686	41.601000
0.357768	3220.882295	41.701000
0.357820	3220.209482	41.801000
0.357880	3219.515897	41.901000
0.357839	3218.888424	42.001000
0.357862	3218.141975	42.101000
0.357853	3217.449515	42.201000
0.357901	3216.916613	42.301000
0.357888	3216.596134	42.401000
0.357858	3215.558630	42.501000
0.357863	3214.783017	42.601000
0.357921	3213.996438	42.701000
0.357911	3213.332702	42.801000
0.357869	3212.621781	42.901000
0.357843	3212.005702	43.001000
0.357866	3211.288384	43.101000
0.357890	3210.515496	43.201000
0.357869	3209.924782	43.301000
0.357913	3209.167497	43.401000
0.357925	3208.488457	43.501000
0.358024	3207.807202	43.601000
0.358000	3207.118518	43.701000
0.357943	3206.457598	43.801000
0.357939	3205.777515	43.901000
0.357959	3205.220751	44.001000
0.357996	3204.489940	44.101000
0.357938	3203.789849	44.201000
0.358005	3203.063703	44.301000
0.357997	3202.365364	44.401000
0.357982	3201.712940	44.501000
0.357871	3201.037899	44.601000
0.357852	3200.465862	44.701000
0.357856	3199.736376	44.801000
0.357874	3199.073921	44.901000
0.357878	3198.412916	45.001000
0.357813	3197.753198	45.101000
0.357847	3197.137859	45.201000
0.357851	3196.382020	45.301000
0.357847	3195.709577	45.401000
0.357852	3195.060332	45.501000
0.357880	3194.396406	45.601000
0.357863	3193.681142	45.701000
0.357892	3193.047661	45.801000
0.357853	3192.341282	45.901000
0.357853	3191.672310	46.001000
0.357875	3191.001229	46.101000
0.357879	3190.327130	46.201000
0.357845	3189.732471	46.301000
0.357802	3189.018627	46.401000
0.357837	3188.342389	46.501000
0.357841	3187.656323	46.601000
0.357883	3187.002039	46.701000
0.357905	3186.357759	46.801000
0.357931	3185.633474	46.901000
0.357956	3184.942045	47.001000
0.358003	3184.256423	47.101000
0.358015	3183.533614	47.201000
0.358001	3182.949584	47.301000
0.357968	3182.344928	47.401000
0.357973	3181.622935	47.501000
0.357991	3181.025347	47.601000
0.357973	3180.803917	47.701000
0.357972	3179.767695	47.801000
0.357946	3179.137505	47.901000
0.357972	3178.276614	48.001000
0.357928	3177.645064	48.101000
0.357879	3177.034230	48.201000
0.357825	3176.387098	48.301000
0.357846	3175.544290	48.401000
0.357853	3174.990695	48.501000
0.357811	3174.390990	48.601000
0.357808	3173.709065	48.701000
0.357818	3173.079421	48.801000
0.357925	3172.354583	48.901000
0.357935	3171.760762	49.001000
0.357901	3171.096820	49.101000
0.357860	3170.446240	49.201000
0.357875	3169.781070	49.301000
0.357925	3169.065010	49.401000
0.357898	3168.494133	49.501000
0.357911	3167.764207	49.601000
0.357916	3167.094835	49.701000
0.357955	3166.463975	49.801000
0.357911	3165.762637	49.901000
0.357857	3164.922385	50.001000
0.357885	3164.441361	50.101000
0.357942	3163.605539	50.201000
0.357966	3162.951490	50.301000
0.357923	3162.500851	50.401000
0.357934	3161.893269	50.501000
0.357980	3161.176377	50.601000
0.358020	3160.484583	50.701000
0.358007	3159.865988	50.801000
0.358020	3159.181770	50.901000
0.358060	3158.495530	51.001000
0.358078	3157.844086	51.101000
0.358057	3157.217839	51.201000
0.357983	3156.648913	51.301000
0.358009	3156.033395	51.401000
0.357999	3155.151837	51.501000
0.358028	3154.667896	51.601000
0.358022	3154.066713	51.701000
0.357988	3153.347990	51.801000
0.357963	3152.745059	51.901000
0.357923	3152.086759	52.001000
0.357933	3151.445864	52.101000
0.357879	3150.791111	52.201000
0.357906	3150.132777	52.301000
0.357881	3149.496561	52.401000
0.357913	3148.863565	52.501000
0.357955	3148.226758	52.601000
0.357895	3147.632845	52.701000
0.357897	3146.948056	52.801000
0.357868	3146.333806	52.901000
0.357902	3145.936580	53.001000
0.357961	3145.299916	53.101000
0.357947	3144.648378	53.201000
0.357929	3143.760058	53.301000
0.357956	3143.031363	53.401000
0.357950	3142.392638	53.501000
0.357895	3141.774968	53.601000
0.357885	3141.158833	53.701000
0.357896	3140.493210	53.801000
0.357977	3139.769943	53.901000
0.357986	3139.130372	54.001000
0.357929	3138.532184	54.101000
0.357935	3137.871655	54.201000
0.358002	3137.218051	54.301000
0.358063	3136.555522	54.401000
0.358060	3135.930754	54.501000
0.358093	3135.276079	54.601000
0.358077	3134.598466	54.701000
0.358140	3134.078803	54.801000
0.358086	3133.313747	54.901000
0.358003	3132.697147	55.001000
0.358036	3131.994897	55.101000
0.358047	3131.388542	55.201000
0.358027	3130.772636	55.301000
0.357999	3130.153624	55.401000
0.357992	3129.541549	55.501000
0.357992	3128.876067	55.601000
0.357985	3128.255762	55.701000
0.357976	3127.651644	55.801000
0.357927	3127.053136	55.901000
0.357945	3126.340964	56.001000
0.357955	3125.722504	56.101000
0.357999	3125.071093	56.201000
0.358019	3124.405975	56.301000
0.357995	3123.841153	56.401000
0.357986	3123.202654	56.501000
0.357978	3122.563430	56.601000
0.358013	3121.908457	56.701000
0.358045	3121.299726	56.801000
0.358062	3120.656682	56.901000
0.358069	3119.918690	57.001000
0.358049	3119.355708	57.101000
0.358056	3118.710049	57.201000
0.357997	3118.126898	57.301000
0.358009	3117.481865	57.401000
0.357987	3116.854597	57.501000
0.358051	3116.201994	57.601000
0.358115	3115.552584	57.701000
0.358048	3114.931342	57.801000
0.358041	3114.309553	57.901000
0.358073	3113.717134	58.001000
0.358142	3113.058395	58.101000
0.358156	3112.398422	58.201000
0.358165	3111.950092	58.301000
0.358183	3111.568747	58.401000
0.358172	3110.927603	58.501000
0.358201	3109.898722	58.601000
0.358109	3109.248013	58.701000
0.358105	3108.625408	58.801000
0.358115	3107.958631	58.901000
0.358144	3107.353528	59.001000
0.358134	3106.802413	59.101000
0.358047	3106.137840	59.201000
0.358061	3105.556024	59.301000
0.358046	3104.925668	59.401000
0.358071	3104.297175	59.501000
0.358030	3103.700104	59.601000
0.358045	3103.062891	59.701000
0.358052	3102.371125	59.801000
0.358031	3101.949362	59.901000
0.358066	3101.334295	60.001000
0.358045	3100.666548	60.101000
0.358064	3100.006497	60.201000
0.358057	3099.361678	60.301000
0.358052	3099.014264	60.401000
0.358074	3098.310235	60.501000
0.358061	3097.656768	60.601000
0.358056	3097.062261	60.701000
0.358071	3096.284923	60.801000
0.358067	3095.746320	60.901000
0.358076	3095.007635	61.001000
0.358064	3094.150589	61.101000
0.358056	3093.496861	61.201000
0.358041	3092.872315	61.301000
0.358076	3092.345641	61.401000
0.358052	3091.592562	61.501000
0.358030	3091.199189	61.601000
0.358048	3091.068744	61.701000
0.358092	3090.473216	61.801000
0.358123	3089.918272	61.901000
0.358178	3089.467967	62.001000
0.358175	3088.694356	62.101000
0.358174	3087.877834	62.201000
0.358205	3087.085155	62.301000
0.358225	3086.156092	62.401000
0.358168	3085.715536	62.501000
0.358177	3085.540994	62.601000
0.358184	3084.621787	62.701000
0.358200	3083.970746	62.801000
0.358185	3083.405878	62.902000
0.358110	3082.750599	63.001000
0.358109	3082.225764	63.101000
0.358077	3081.810374	63.201000
0.358049	3081.258900	63.301000
0.358062	3080.567892	63.401000
0.358080	3079.909360	63.501000
0.358029	3079.403666	63.601000
0.358009	3078.939482	63.701000
0.358032	3078.080042	63.801000
0.358085	3077.290652	63.901000
0.358072	3076.690057	64.001000
0.358076	3076.021673	64.101000
0.358056	3075.373186	64.201000
0.358072	3074.795709	64.301000
0.358070	3074.246588	64.401000
0.358017	3073.602140	64.501000
0.357998	3072.964564	64.601000
0.358028	3072.525998	64.701000
0.358048	3071.722116	64.801000
0.358030	3071.173230	64.901000
0.358011	3070.741850	65.001000
0.358027	3069.958774	65.101000
0.358057	3069.326939	65.201000
0.358065	3068.699431	65.301000
0.358048	3068.596239	65.401000
0.358024	3067.658850	65.501000
0.358085	3066.990600	65.601000
0.358083	3066.578168	65.701000
0.358096	3066.800321	65.801000
0.358079	3066.012498	65.901000
0.358087	3064.741213	66.001000
