-4.000000E+01,-3.140976E-06,+9.910000E+37,+2.121112E+03,+2.150800E+04,
-3.900000E+01,-2.866444E-06,+9.910000E+37,+2.122171E+03,+2.150800E+04,
-3.800000E+01,-2.600099E-06,+9.910000E+37,+2.123231E+03,+2.150800E+04,
-3.700000E+01,-2.331113E-06,+9.910000E+37,+2.124293E+03,+2.150800E+04,
-3.600000E+01,-2.055699E-06,+9.910000E+37,+2.125378E+03,+2.150800E+04,
-3.500000E+01,-1.770370E-06,+9.910000E+37,+2.126439E+03,+2.150800E+04,
-3.400000E+01,-1.471795E-06,+9.910000E+37,+2.127498E+03,+2.150800E+04,
-3.300000E+01,-1.157198E-06,+9.910000E+37,+2.128562E+03,+2.150800E+04,
-3.200000E+01,-8.286756E-07,+9.910000E+37,+2.130678E+03,+2.150800E+04,
-3.100000E+01,-4.835400E-07,+9.910000E+37,+2.131757E+03,+2.150800E+04,
-3.000000E+01,-1.276275E-07,+9.910000E+37,+2.132817E+03,+2.150800E+04,
-2.900000E+01,+2.352783E-07,+9.910000E+37,+2.133877E+03,+2.150800E+04,
-2.800000E+01,+5.917603E-07,+9.910000E+37,+2.134936E+03,+2.150800E+04,
-2.700000E+01,+9.228237E-07,+9.910000E+37,+2.135987E+03,+2.150800E+04,
-2.600000E+01,+1.174265E-06,+9.910000E+37,+2.139149E+03,+2.150800E+04,
-2.500000E+01,+1.506975E-06,+9.910000E+37,+2.140207E+03,+2.150800E+04,
-2.400000E+01,+1.904766E-06,+9.910000E+37,+2.141293E+03,+2.150800E+04,
-2.300000E+01,+2.378193E-06,+9.910000E+37,+2.142353E+03,+2.150800E+04,
-2.200000E+01,+2.919086E-06,+9.910000E+37,+2.143413E+03,+2.150800E+04,
-2.100000E+01,+3.526026E-06,+9.910000E+37,+2.144474E+03,+2.150800E+04,
-2.000000E+01,+4.199987E-06,+9.910000E+37,+2.145533E+03,+2.150800E+04,
-1.900000E+01,+4.933160E-06,+9.910000E+37,+2.146591E+03,+2.150800E+04,
-1.800000E+01,+5.723957E-06,+9.910000E+37,+2.147650E+03,+2.150800E+04,
-1.700000E+01,+6.568345E-06,+9.910000E+37,+2.148711E+03,+2.150800E+04,
-1.600000E+01,+7.466596E-06,+9.910000E+37,+2.149771E+03,+2.150800E+04,
-1.500000E+01,+8.410418E-06,+9.910000E+37,+2.150832E+03,+2.150800E+04,
-1.400000E+01,+9.435045E-06,+9.910000E+37,+2.151893E+03,+2.150800E+04,
-1.300000E+01,+1.064132E-05,+9.910000E+37,+2.155054E+03,+2.150800E+04,
-1.200000E+01,+1.222041E-05,+9.910000E+37,+2.156113E+03,+2.150800E+04,
-1.100000E+01,+1.432825E-05,+9.910000E+37,+2.157174E+03,+2.150800E+04,
-1.000000E+01,+1.710478E-05,+9.910000E+37,+2.158254E+03,+2.150800E+04,
-9.000000E+00,+2.061448E-05,+9.910000E+37,+2.159312E+03,+2.150800E+04,
-8.000000E+00,+2.520725E-05,+9.910000E+37,+2.160374E+03,+2.150800E+04,
-7.000000E+00,+3.178214E-05,+9.910000E+37,+2.161433E+03,+2.150800E+04,
-6.000000E+00,+4.142088E-05,+9.910000E+37,+2.162496E+03,+2.150800E+04,
-5.000000E+00,+5.478668E-05,+9.910000E+37,+2.163555E+03,+2.150800E+04,
-4.000000E+00,+7.162557E-05,+9.910000E+37,+2.164617E+03,+2.150800E+04,
-3.000000E+00,+9.173947E-05,+9.910000E+37,+2.165676E+03,+2.150800E+04,
-2.000000E+00,+1.178479E-04,+9.910000E+37,+2.168836E+03,+2.150800E+04,
-1.000000E+00,+1.445768E-04,+9.910000E+37,+2.169895E+03,+2.150800E+04,
+0.000000E+00,+1.745155E-04,+9.910000E+37,+2.170956E+03,+2.150800E+04,
+1.000000E+00,+2.070456E-04,+9.910000E+37,+2.172021E+03,+2.150800E+04,
+2.000000E+00,+2.404966E-04,+9.910000E+37,+2.173085E+03,+2.150800E+04,
+3.000000E+00,+2.744803E-04,+9.910000E+37,+2.174172E+03,+2.150800E+04,
+4.000000E+00,+3.084038E-04,+9.910000E+37,+2.175232E+03,+2.150800E+04,
+5.000000E+00,+3.419086E-04,+9.910000E+37,+2.176294E+03,+2.150800E+04,
+6.000000E+00,+3.750217E-04,+9.910000E+37,+2.177357E+03,+2.150800E+04,
+7.000000E+00,+4.073482E-04,+9.910000E+37,+2.178419E+03,+2.150800E+04,
+8.000000E+00,+4.390415E-04,+9.910000E+37,+2.179482E+03,+2.150800E+04,
+9.000000E+00,+4.701646E-04,+9.910000E+37,+2.180542E+03,+2.150800E+04,
+1.000000E+01,+5.010088E-04,+9.910000E+37,+2.181603E+03,+2.150800E+04,
+1.100000E+01,+5.315985E-04,+9.910000E+37,+2.182664E+03,+2.150800E+04,
+1.200000E+01,+5.620894E-04,+9.910000E+37,+2.183725E+03,+2.150800E+04,
+1.300000E+01,+5.928960E-04,+9.910000E+37,+2.184783E+03,+2.150800E+04







current through plasma (-mA) <tab> voltage across plasma (-V) <tab> time (sec)
1.436006	2786.248311	0.001000
1.437192	2785.062294	0.101000
1.436628	2785.067282	0.201000
1.436619	2784.667281	0.301000
1.436613	2784.229334	0.401000
1.436642	2783.798201	0.501000
1.436717	2783.361418	0.601000
1.436711	2782.911537	0.701000
1.436751	2782.541787	0.801000
1.436822	2782.109299	0.901000
1.436835	2782.272615	1.001000
1.436809	2781.665058	1.101000
1.436813	2780.877895	1.201000
1.436798	2780.364405	1.301000
1.436829	2779.938158	1.401000
1.436801	2779.502307	1.501000
1.436807	2779.078630	1.601000
1.436805	2778.634546	1.701000
1.436850	2778.168338	1.801000
1.436860	2777.762358	1.901000
1.436845	2777.320600	2.001000
1.436829	2776.879605	2.101000
1.436853	2776.438388	2.201000
1.436841	2776.047203	2.301000
1.436841	2775.542555	2.401000
1.436852	2775.104964	2.502000
1.436884	2774.915052	2.601000
1.436945	2774.272967	2.701000
1.436976	2773.864832	2.801000
1.437049	2773.401712	2.901000
1.437103	2772.964417	3.001000
1.437175	2772.520792	3.101000
1.437144	2772.073472	3.201000
1.437146	2771.710251	3.301000
1.437163	2771.266506	3.401000
1.437174	2770.813952	3.501000
1.437188	2770.368331	3.601000
1.437171	2769.936242	3.701000
1.437160	2769.501720	3.801000
1.437126	2769.064772	3.901000
1.437126	2768.662627	4.001000
1.437156	2768.220493	4.101000
1.437210	2767.778693	4.201000
1.437207	2767.342982	4.301000
1.437160	2766.985093	4.401000
1.437116	2766.486739	4.501000
1.437064	2766.057462	4.601000
1.437061	2765.638192	4.701000
1.437065	2765.227222	4.801000
1.437057	2764.803440	4.901000
1.437083	2764.354371	5.001000
1.437093	2763.916590	5.101000
1.437072	2763.491414	5.201000
1.437100	2763.107136	5.301000
1.437159	2762.669450	5.401000
1.437220	2762.286834	5.501000
1.437175	2761.776899	5.601000
1.437205	2761.366625	5.701000
1.437271	2760.907144	5.801000
1.437258	2760.473546	5.901000
1.437269	2760.027695	6.001000
1.437311	2759.616328	6.101000
1.437367	2759.502447	6.201000
1.437398	2759.285681	6.301000
1.437389	2758.595671	6.401000
1.437361	2757.835416	6.501000
1.437360	2757.447131	6.601000
1.437379	2756.966674	6.701000
1.437375	2756.549181	6.801000
1.437331	2756.121694	6.901000
1.437297	2755.733111	7.001000
1.437340	2755.297521	7.101000
1.437411	2754.873119	7.201000
1.437346	2754.428756	7.301000
1.437312	2754.039064	7.401000
1.437324	2753.604873	7.501000
1.437364	2753.236417	7.601000
1.437338	2753.065236	7.701000
1.437336	2752.782190	7.801000
1.437302	2752.354606	7.901000
1.437331	2751.954305	8.001000
1.437339	2751.535165	8.101000
1.437304	2751.032798	8.201000
1.437332	2750.602844	8.301000
1.437368	2750.226149	8.401000
1.437385	2749.834996	8.501000
1.437374	2749.393187	8.601000
1.437388	2749.010340	8.701000
1.437403	2748.550469	8.801000
1.437374	2748.098034	8.901000
1.437394	2747.686615	9.001000
1.437431	2747.257427	9.101000
1.437454	2746.772033	9.201000
1.437473	2746.217337	9.301000
1.437411	2745.817128	9.401000
1.437383	2745.387915	9.501000
1.437426	2744.971413	9.601000
1.437494	2744.619730	9.701000
1.437523	2744.391411	9.801000
1.437536	2743.960450	9.901000
1.437555	2743.481732	10.001000
1.437623	2742.865957	10.101000
1.437552	2742.398953	10.201000
1.437520	2742.004976	10.301000
1.437515	2741.597019	10.401000
1.437525	2741.173123	10.501000
1.437484	2740.755795	10.601000
1.437468	2740.362003	10.701000
1.437456	2739.917049	10.801000
1.437444	2739.510852	10.901000
1.437417	2739.110712	11.001000
1.437411	2738.719425	11.101000
1.437403	2738.442676	11.201000
1.437390	2738.008610	11.301000
1.437382	2737.668849	11.401000
1.437376	2737.165642	11.501000
1.437356	2736.770011	11.601000
1.437358	2736.264023	11.701000
1.437406	2735.893914	11.801000
1.437490	2735.491671	11.901000
1.437458	2734.946664	12.001000
1.437453	2734.467632	12.101000
1.437511	2734.024503	12.201000
1.437528	2733.601770	12.301000
1.437531	2733.678089	12.401000
1.437520	2733.277548	12.501000
1.437487	2732.639541	12.601000
1.437449	2732.225358	12.701000
1.437402	2731.812231	12.801000
1.437394	2731.342226	12.901000
1.437372	2730.930606	13.001000
1.437333	2730.516892	13.101000
1.437335	2730.026231	13.201000
1.437355	2729.514600	13.301000
1.437333	2729.103271	13.401000
1.437295	2728.828691	13.501000
1.437259	2728.348623	13.601000
1.437251	2728.009336	13.701000
1.437170	2727.491609	13.801000
1.437180	2727.043442	13.901000
1.437174	2726.681858	14.001000
1.437251	2726.371196	14.101000
1.437275	2725.904729	14.201000
1.437260	2725.474377	14.301000
1.437225	2725.034638	14.401000
1.437222	2724.599590	14.501000
1.437208	2724.199030	14.601000
1.437169	2723.876543	14.701000
1.437114	2723.478053	14.801000
1.437093	2722.967423	14.901000
1.437098	2722.603102	15.001000
1.437121	2722.252989	15.101000
1.437099	2721.828010	15.201000
1.437070	2721.411327	15.301000
1.437087	2720.997660	15.401000
1.437072	2720.540398	15.501000
1.437062	2720.025452	15.601000
1.437067	2719.722145	15.701000
1.437095	2719.400308	15.801000
1.437139	2718.850938	15.901000
1.437169	2718.456351	16.001000
1.437167	2717.954182	16.101000
1.437228	2717.683406	16.201000
1.437260	2717.341213	16.301000
1.437200	2716.729649	16.401000
1.437150	2716.324974	16.501000
1.437115	2716.000637	16.601000
1.437083	2715.427404	16.701000
1.437055	2715.034973	16.801000
1.437073	2714.730214	16.901000
1.437076	2714.276883	17.001000
1.437058	2714.510869	17.101000
1.437024	2714.036871	17.201000
1.437022	2713.296906	17.301000
1.436966	2712.867847	17.401000
1.436950	2712.366585	17.501000
1.436955	2711.882786	17.601000
1.436870	2711.507067	17.702000
1.436811	2711.138926	17.801000
1.436849	2710.857561	17.901000
1.436897	2710.448270	18.001000
1.436837	2710.151085	18.101000
1.436825	2709.483791	18.201000
1.436870	2709.171429	18.301000
1.436894	2708.711913	18.401000
1.436865	2708.379044	18.501000
1.436937	2707.900984	18.601000
1.436979	2707.586103	18.701000
1.437017	2707.219049	18.801000
1.437007	2706.887856	18.901000
1.437003	2706.483268	19.001000
1.437048	2706.110813	19.101000
1.437074	2705.634324	19.201000
1.437027	2705.278954	19.301000
1.437015	2704.830857	19.401000
1.437069	2704.403092	19.501000
1.437091	2703.994934	19.601000
1.437118	2703.764498	19.701000
1.437150	2703.415866	19.801000
1.437157	2703.037227	19.901000
1.437168	2702.622125	20.001000
1.437139	2702.331761	20.101000
1.437125	2701.849519	20.201000
1.437085	2701.423282	20.301000
1.437090	2701.070448	20.401000
1.437145	2700.669747	20.501000
1.437155	2700.231369	20.601000
1.437221	2699.852896	20.701000
1.437179	2699.432016	20.801000
1.437170	2699.020700	20.901000
1.437132	2698.577179	21.001000
1.437125	2698.177440	21.101000
1.437131	2697.555397	21.201000
1.437148	2697.267024	21.301000
1.437121	2696.823101	21.401000
1.437073	2696.447729	21.501000
1.437093	2695.886085	21.601000
1.437096	2695.468321	21.701000
1.437095	2695.038589	21.801000
1.437130	2694.471133	21.901000
1.437122	2694.236661	22.001000
1.437156	2693.965654	22.101000
1.437169	2693.318762	22.201000
1.437166	2693.141236	22.301000
1.437215	2693.294042	22.401000
1.437265	2692.623799	22.501000
1.437219	2691.876056	22.601000
1.437259	2691.482197	22.701000
1.437320	2691.077910	22.801000
1.437324	2690.595019	22.901000
1.437378	2690.120326	23.001000
1.437431	2689.832216	23.101000
1.437467	2689.404058	23.201000
1.437421	2689.011128	23.301000
1.437435	2688.550315	23.401000
1.437373	2688.140961	23.501000
1.437355	2687.836477	23.601000
1.437347	2687.285196	23.701000
1.437371	2686.957665	23.801000
1.437358	2686.577003	23.901000
1.437315	2686.152668	24.001000
1.437312	2685.794071	24.101000
1.437415	2685.378194	24.201000
1.437421	2685.036069	24.301000
1.437445	2684.590632	24.401000
1.437472	2684.216030	24.501000
1.437507	2683.802891	24.601000
1.437439	2683.502234	24.701000
1.437345	2683.058304	24.801000
1.437356	2682.700085	24.901000
1.437418	2682.302679	25.001000
1.437434	2681.925437	25.101000
1.437449	2681.632303	25.201000
1.437444	2681.306644	25.301000
1.437421	2680.753435	25.401000
1.437376	2680.360066	25.501000
1.437342	2680.024638	25.601000
1.437358	2679.645569	25.701000
1.437394	2679.245894	25.801000
1.437401	2678.822157	25.901000
1.437417	2678.410155	26.001000
1.437428	2678.048361	26.101000
1.437482	2677.614910	26.201000
1.437446	2677.200310	26.301000
1.437448	2676.806030	26.401000
1.437483	2676.413968	26.501000
1.437439	2675.945837	26.601000
1.437371	2675.555416	26.701000
1.437333	2675.181088	26.801000
1.437309	2674.803841	26.901000
1.437278	2674.382722	27.001000
1.437274	2674.014763	27.101000
1.437289	2673.596830	27.201000
1.437260	2673.165413	27.301000
1.437260	2672.841114	27.401000
1.437294	2672.630041	27.501000
1.437300	2672.602817	27.601000
1.437306	2671.954075	27.701000
1.437278	2671.385681	27.801000
1.437314	2670.958168	27.901000
1.437318	2670.548720	28.001000
1.437306	2670.138116	28.101000
1.437286	2669.741504	28.201000
1.437304	2669.315044	28.301000
1.437360	2668.956136	28.401000
1.437315	2668.523535	28.501000
1.437225	2668.207143	28.601000
1.437202	2667.795685	28.701000
1.437242	2667.411234	28.801000
1.437212	2667.055502	28.901000
1.437146	2666.674915	29.001000
1.437168	2666.227170	29.101000
1.437180	2665.793988	29.201000
1.437140	2665.533861	29.301000
1.437110	2665.068613	29.401000
1.437117	2664.675268	29.501000
1.437128	2664.311571	29.601000
1.437126	2663.960099	29.701000
1.437171	2663.507243	29.801000
1.437178	2663.077333	29.901000
1.437265	2662.660385	30.001000
1.437269	2662.247513	30.101000
1.437292	2661.808104	30.201000
1.437321	2661.419343	30.301000
1.437358	2661.035418	30.401000
1.437417	2660.689748	30.501000
1.437437	2660.216625	30.601000
1.437427	2659.833109	30.701000
1.437389	2659.453772	30.801000
1.437353	2659.106379	30.901000
1.437338	2658.717115	31.001000
1.437350	2658.405482	31.101000
1.437391	2657.902827	31.201000
1.437411	2657.521711	31.301000
1.437375	2657.209115	31.402000
1.437351	2656.798983	31.501000
1.437238	2656.378004	31.601000
1.437207	2656.003190	31.701000
1.437214	2655.620861	31.801000
1.437181	2655.247828	31.901000
1.437148	2654.878238	32.001000
1.437187	2654.508230	32.101000
1.437222	2654.109783	32.201000
1.437149	2653.694444	32.301000
1.437184	2653.341976	32.401000
1.437271	2652.937862	32.501000
1.437343	2652.440862	32.601000
1.437314	2652.044274	32.701000
1.437264	2651.855479	32.801000
1.437301	2651.897790	32.901000
1.437317	2651.258902	33.001000
1.437279	2650.669124	33.101000
1.437267	2650.292924	33.201000
1.437317	2649.859691	33.301000
1.437356	2649.426224	33.401000
1.437354	2649.113742	33.501000
1.437357	2648.739688	33.601000
1.437395	2648.360181	33.701000
1.437382	2647.899898	33.801000
1.437344	2647.453913	33.901000
1.437361	2647.150174	34.001000
1.437385	2646.755169	34.101000
1.437402	2646.303962	34.201000
1.437397	2645.916020	34.301000
1.437424	2645.504251	34.401000
1.437498	2645.157952	34.501000
1.437552	2644.760951	34.601000
1.437617	2644.395044	34.701000
1.437722	2644.043828	34.801000
1.437829	2643.652261	34.901000
1.437872	2643.136627	35.001000
1.437881	2642.928490	35.101000
1.437918	2642.345662	35.201000
1.437927	2641.944637	35.301000
1.437899	2641.636838	35.401000
1.437905	2641.376792	35.501000
1.437881	2641.008766	35.601000
1.437860	2640.635661	35.701000
1.437905	2640.224092	35.801000
1.437910	2639.863341	35.901000
1.437900	2639.503440	36.001000
1.437863	2639.087796	36.101000
1.437828	2638.695470	36.201000
1.437791	2638.315277	36.301000
1.437797	2638.007602	36.401000
1.437826	2637.645408	36.501000
1.437828	2637.136261	36.601000
1.437843	2636.836480	36.701000
1.437869	2636.407973	36.801000
1.437851	2636.040018	36.901000
1.437830	2635.656472	37.001000
1.437885	2635.302941	37.101000
1.437953	2634.844758	37.201000
1.437975	2634.553822	37.301000
1.438020	2634.161564	37.401000
1.438064	2633.784231	37.501000
1.438068	2633.252532	37.601000
1.438051	2632.842708	37.701000
1.438076	2632.617480	37.801000
1.438160	2632.190101	37.901000
1.438224	2631.886407	38.001000
1.438212	2631.667222	38.101000
1.438130	2631.737970	38.201000
1.438059	2631.029846	38.301000
1.438086	2630.286465	38.401000
1.438040	2629.885287	38.501000
1.437993	2629.410790	38.601000
1.438028	2629.121206	38.701000
1.438029	2628.712968	38.801000
1.438034	2628.292583	38.901000
1.437991	2627.911685	39.001000
1.437946	2627.681456	39.101000
1.437966	2627.224005	39.201000
1.437950	2626.763911	39.301000
1.437924	2626.495255	39.401000
1.437895	2626.150552	39.501000
1.437943	2625.765746	39.601000
1.437978	2625.415974	39.701000
1.437968	2625.032141	39.801000
1.437947	2624.661002	39.901000
1.437919	2624.238980	40.001000
1.437902	2623.875833	40.101000
1.437866	2623.557917	40.201000
1.437852	2623.200663	40.302000
1.437842	2622.942877	40.401000
1.437884	2622.704000	40.501000
1.437889	2622.268248	40.601000
1.437862	2621.932884	40.702000
1.437867	2621.529764	40.801000
1.437893	2621.146286	40.902000
1.437856	2620.778026	41.001000
1.437850	2620.446017	41.101000
1.437908	2620.102843	41.201000
1.437991	2619.662877	41.301000
1.438007	2619.271873	41.401000
1.438025	2618.907776	41.501000
1.438073	2618.504938	41.601000
1.438124	2618.166893	41.701000
1.438118	2617.780958	41.802000
1.438099	2617.400893	41.901000
1.438139	2617.018780	42.001000
1.438162	2616.578950	42.101000
1.438163	2616.332653	42.201000
1.438137	2615.841321	42.301000
1.438128	2615.145799	42.401000
1.438168	2614.778353	42.501000
1.438217	2614.432535	42.601000
1.438267	2614.035418	42.701000
1.438231	2613.651103	42.801000
1.438209	2613.323294	42.901000
1.438256	2613.208491	43.001000
1.438280	2612.899736	43.101000
1.438298	2612.446898	43.201000
1.438305	2612.078153	43.301000
1.438314	2611.888731	43.401000
1.438246	2611.826646	43.501000
1.438212	2611.123790	43.601000
1.438250	2610.546183	43.701000
1.438343	2610.241565	43.801000
1.438358	2609.913724	43.901000
1.438294	2609.566045	44.001000
1.438218	2609.194698	44.101000
1.438236	2608.845151	44.201000
1.438267	2608.455947	44.301000
1.438282	2608.016186	44.401000
1.438309	2607.670961	44.501000
1.438373	2607.318348	44.601000
1.438428	2606.981976	44.701000
1.438455	2606.660669	44.801000
1.438500	2606.232282	44.901000
1.438500	2605.913325	45.001000
1.438479	2605.539899	45.101000
1.438514	2605.170890	45.201000
1.438547	2604.648810	45.301000
1.438576	2604.355012	45.401000
1.438631	2604.006017	45.501000
1.438659	2603.594093	45.601000
1.438685	2603.135105	45.701000
1.438696	2602.785319	45.801000
1.438730	2602.452726	45.901000
1.438756	2602.152596	46.001000
1.438779	2601.739130	46.101000
1.438821	2601.303348	46.201000
1.438871	2600.952736	46.301000
1.438906	2600.414239	46.401000
1.438926	2600.224891	46.501000
1.438928	2599.790449	46.601000
1.438896	2599.444609	46.701000
1.438892	2599.034613	46.801000
1.438914	2598.505266	46.901000
1.438945	2598.313828	47.001000
1.439001	2597.950904	47.101000
1.439030	2597.546614	47.201000
1.438978	2597.111792	47.301000
1.438942	2596.792839	47.401000
1.438905	2596.554985	47.501000
1.438896	2596.172975	47.601000
1.438896	2595.795338	47.701000
1.438944	2595.379221	47.801000
1.438983	2594.925435	47.901000
1.439006	2594.696911	48.001000
1.438996	2594.333723	48.101000
1.438981	2594.029880	48.201000
1.438990	2593.555373	48.301000
1.439032	2593.260450	48.401000
1.439036	2592.862663	48.501000
1.439058	2592.480807	48.601000
1.439077	2592.550228	48.701000
1.439107	2592.069457	48.801000
1.439123	2591.386474	48.901000
1.439158	2590.965548	49.001000
1.439228	2590.686674	49.101000
1.439237	2590.295938	49.201000
1.439281	2589.904546	49.301000
1.439302	2589.539255	49.401000
1.439339	2589.187013	49.501000
1.439394	2588.808342	49.601000
1.439433	2588.462556	49.701000
1.439423	2588.026751	49.801000
1.439380	2587.554165	49.901000
1.439431	2587.327067	50.002000
1.439471	2586.956906	50.101000
1.439535	2586.529639	50.201000
1.439603	2586.080765	50.301000
1.439685	2585.762446	50.401000
1.439670	2585.445209	50.501000
1.439633	2584.974955	50.601000
1.439620	2584.764135	50.701000
1.439627	2584.349826	50.801000
1.439648	2584.000420	50.901000
1.439694	2583.549664	51.001000
1.439722	2583.236759	51.101000
1.439724	2582.846707	51.201000
1.439764	2582.594793	51.301000
1.439738	2582.029717	51.401000
1.439693	2581.823330	51.501000
1.439707	2581.665850	51.601000
1.439731	2581.071892	51.701000
1.439733	2580.528087	51.801000
1.439755	2580.318179	51.901000
1.439755	2579.950035	52.002000
1.439777	2579.659246	52.101000
1.439802	2579.322584	52.201000
1.439857	2578.856937	52.301000
1.439871	2578.494373	52.401000
1.439863	2578.005246	52.501000
1.439866	2577.886719	52.601000
1.439891	2577.572251	52.701000
1.439880	2577.141391	52.801000
1.439880	2576.979353	52.901000
1.439848	2576.380659	53.001000
1.439824	2576.146254	53.101000
1.439810	2575.838678	53.201000
1.439758	2575.342317	53.301000
1.439835	2575.097890	53.401000
1.439859	2574.526779	53.501000
1.439862	2574.090951	53.601000
1.439855	2573.732157	53.701000
1.439831	2573.458704	53.801000
1.439862	2573.274663	53.901000
1.439875	2573.141580	54.001000
1.439808	2572.686057	54.101000
1.439835	2572.190657	54.201000
1.439897	2571.621070	54.301000
1.439937	2571.249502	54.401000
1.440092	2570.727051	54.501000
1.440095	2570.142122	54.601000
1.440131	2569.755508	54.701000
1.440168	2569.359951	54.801000
1.440161	2568.999440	54.901000
1.440196	2568.691254	55.001000
1.440244	2568.279142	55.101000
1.440279	2567.924398	55.201000
1.440311	2567.556797	55.301000
1.440265	2567.172698	55.401000
1.440267	2566.827267	55.501000
1.440413	2566.501251	55.601000
1.440421	2566.046002	55.701000
1.440399	2565.711677	55.801000
1.440415	2565.337913	55.901000
1.440448	2564.972058	56.001000
1.440489	2564.586615	56.101000
1.440447	2564.195834	56.201000
1.440447	2564.071882	56.301000
1.440500	2563.569321	56.401000
1.440544	2563.174311	56.501000
1.440597	2562.936840	56.601000
1.440611	2562.497714	56.701000
1.440583	2562.042694	56.801000
1.440634	2561.750783	56.901000
1.440578	2561.389513	57.001000
1.440513	2561.013199	57.101000
1.440476	2560.886246	57.201000
1.440508	2560.495482	57.301000
1.440525	2560.142128	57.401000
1.440453	2559.800079	57.501000
1.440418	2559.466421	57.601000
1.440547	2559.032495	57.701000
1.440609	2558.581321	57.801000
1.440561	2558.212834	57.901000
1.440559	2557.692547	58.001000
1.440612	2557.268311	58.101000
1.440610	2556.674102	58.201000
1.440611	2556.436357	58.301000
1.440629	2556.015452	58.401000
1.440647	2555.681254	58.501000
1.440693	2555.249656	58.601000
1.440722	2555.185700	58.701000
1.440796	2555.119191	58.801000
1.440806	2554.420848	58.901000
1.440839	2553.698535	59.001000
1.440880	2553.576141	59.101000
1.440884	2553.750942	59.201000
1.440874	2553.104191	59.301000
1.440927	2552.277809	59.401000
1.440927	2551.958091	59.501000
1.440872	2551.577156	59.601000
1.440907	2551.164458	59.701000
1.440945	2550.926232	59.801000
1.441012	2550.381465	59.901000
1.440973	2550.007665	60.001000
1.440925	2549.675115	60.101000
1.440925	2549.378502	60.201000
1.440984	2548.939851	60.301000
1.440977	2548.601287	60.401000
1.440924	2548.332444	60.501000
1.440958	2547.890880	60.601000
1.440976	2547.495449	60.701000
1.440935	2547.212468	60.801000
1.441033	2546.875917	60.901000
1.441118	2546.440137	61.001000
1.441187	2545.964348	61.101000
1.441182	2545.685336	61.201000
1.441139	2545.254748	61.301000
1.441108	2544.922546	61.401000
1.441053	2544.533048	61.501000
1.441081	2544.267285	61.601000
1.441065	2543.831217	61.701000
1.440999	2543.518992	61.802000
1.440951	2543.224119	61.901000
1.441063	2542.761430	62.001000
1.441040	2542.338208	62.101000
1.441036	2541.989431	62.201000
1.441058	2541.674524	62.301000
1.441043	2541.289540	62.401000
1.441015	2540.932760	62.501000
1.441022	2540.636059	62.601000
1.441041	2540.283237	62.701000
1.441071	2539.854888	62.801000
1.441071	2539.496612	62.901000
1.441156	2539.172614	63.001000
1.441280	2538.682826	63.101000
1.441259	2538.276592	63.201000
1.441205	2537.984112	63.301000
1.441223	2537.687336	63.401000
1.441188	2537.301583	63.501000
1.441228	2536.912683	63.601000
1.441222	2536.688162	63.701000
1.441205	2536.198187	63.801000
1.441280	2535.848667	63.901000
1.441319	2535.498889	64.001000
1.441462	2535.170293	64.101000
1.441528	2534.635776	64.201000
1.441524	2534.259147	64.302000
1.441523	2534.499262	64.401000
1.441522	2534.165811	64.501000
1.441525	2533.444793	64.601000
1.441517	2532.850064	64.701000
1.441501	2532.949966	64.801000
1.441480	2532.632850	64.901000
1.441425	2532.224455	65.001000
1.441391	2531.421063	65.101000
1.441629	2530.919439	65.201000
1.441635	2530.482179	65.301000
1.441624	2530.220107	65.401000
1.441622	2529.761926	65.501000
1.441610	2529.401593	65.601000
1.441632	2529.116909	65.701000
1.441592	2528.715005	65.801000
1.441538	2528.388317	65.901000
1.441495	2528.034294	66.001000
