-4.000000E+01,-2.214169E-06,+9.910000E+37,+1.572612E+03,+2.150800E+04,
-3.900000E+01,-2.023765E-06,+9.910000E+37,+1.573673E+03,+2.150800E+04,
-3.800000E+01,-1.843378E-06,+9.910000E+37,+1.574731E+03,+2.150800E+04,
-3.700000E+01,-1.663620E-06,+9.910000E+37,+1.575791E+03,+2.150800E+04,
-3.600000E+01,-1.481580E-06,+9.910000E+37,+1.576850E+03,+2.150800E+04,
-3.500000E+01,-1.294651E-06,+9.910000E+37,+1.577939E+03,+2.150800E+04,
-3.400000E+01,-1.101889E-06,+9.910000E+37,+1.579000E+03,+2.150800E+04,
-3.300000E+01,-8.993456E-07,+9.910000E+37,+1.581115E+03,+2.150800E+04,
-3.200000E+01,-6.885655E-07,+9.910000E+37,+1.582197E+03,+2.150800E+04,
-3.100000E+01,-4.679056E-07,+9.910000E+37,+1.583254E+03,+2.150800E+04,
-3.000000E+01,-2.365279E-07,+9.910000E+37,+1.584345E+03,+2.150800E+04,
-2.900000E+01,+6.481115E-09,+9.910000E+37,+1.585405E+03,+2.150800E+04,
-2.800000E+01,+2.567026E-07,+9.910000E+37,+1.586492E+03,+2.150800E+04,
-2.700000E+01,+5.111295E-07,+9.910000E+37,+1.587574E+03,+2.150800E+04,
-2.600000E+01,+7.610068E-07,+9.910000E+37,+1.588631E+03,+2.150800E+04,
-2.500000E+01,+9.961983E-07,+9.910000E+37,+1.589683E+03,+2.150800E+04,
-2.400000E+01,+1.178823E-06,+9.910000E+37,+1.592844E+03,+2.150800E+04,
-2.300000E+01,+1.447390E-06,+9.910000E+37,+1.593929E+03,+2.150800E+04,
-2.200000E+01,+1.761296E-06,+9.910000E+37,+1.594990E+03,+2.150800E+04,
-2.100000E+01,+2.124257E-06,+9.910000E+37,+1.596050E+03,+2.150800E+04,
-2.000000E+01,+2.537916E-06,+9.910000E+37,+1.597111E+03,+2.150800E+04,
-1.900000E+01,+3.002089E-06,+9.910000E+37,+1.598170E+03,+2.150800E+04,
-1.800000E+01,+3.519405E-06,+9.910000E+37,+1.599231E+03,+2.150800E+04,
-1.700000E+01,+4.089897E-06,+9.910000E+37,+1.600323E+03,+2.150800E+04,
-1.600000E+01,+4.715721E-06,+9.910000E+37,+1.601407E+03,+2.150800E+04,
-1.500000E+01,+5.390310E-06,+9.910000E+37,+1.602469E+03,+2.150800E+04,
-1.400000E+01,+6.110249E-06,+9.910000E+37,+1.603529E+03,+2.150800E+04,
-1.300000E+01,+6.871882E-06,+9.910000E+37,+1.604590E+03,+2.150800E+04,
-1.200000E+01,+7.673664E-06,+9.910000E+37,+1.605647E+03,+2.150800E+04,
-1.100000E+01,+8.535420E-06,+9.910000E+37,+1.606708E+03,+2.150800E+04,
-1.000000E+01,+9.564989E-06,+9.910000E+37,+1.607766E+03,+2.150800E+04,
-9.000000E+00,+1.097243E-05,+9.910000E+37,+1.610928E+03,+2.150800E+04,
-8.000000E+00,+1.285018E-05,+9.910000E+37,+1.611984E+03,+2.150800E+04,
-7.000000E+00,+1.524999E-05,+9.910000E+37,+1.613070E+03,+2.150800E+04,
-6.000000E+00,+1.831530E-05,+9.910000E+37,+1.614133E+03,+2.150800E+04,
-5.000000E+00,+2.291930E-05,+9.910000E+37,+1.615190E+03,+2.150800E+04,
-4.000000E+00,+2.976778E-05,+9.910000E+37,+1.616248E+03,+2.150800E+04,
-3.000000E+00,+3.909087E-05,+9.910000E+37,+1.617305E+03,+2.150800E+04,
-2.000000E+00,+5.057227E-05,+9.910000E+37,+1.618367E+03,+2.150800E+04,
-1.000000E+00,+6.395614E-05,+9.910000E+37,+1.619427E+03,+2.150800E+04,
+0.000000E+00,+7.909528E-05,+9.910000E+37,+1.620514E+03,+2.150800E+04,
+1.000000E+00,+9.594110E-05,+9.910000E+37,+1.621577E+03,+2.150800E+04,
+2.000000E+00,+1.153414E-04,+9.910000E+37,+1.624740E+03,+2.150800E+04,
+3.000000E+00,+1.338293E-04,+9.910000E+37,+1.625802E+03,+2.150800E+04,
+4.000000E+00,+1.527625E-04,+9.910000E+37,+1.626860E+03,+2.150800E+04,
+5.000000E+00,+1.718770E-04,+9.910000E+37,+1.627919E+03,+2.150800E+04,
+6.000000E+00,+1.909298E-04,+9.910000E+37,+1.628978E+03,+2.150800E+04,
+7.000000E+00,+2.096260E-04,+9.910000E+37,+1.630036E+03,+2.150800E+04,
+8.000000E+00,+2.279602E-04,+9.910000E+37,+1.631100E+03,+2.150800E+04,
+9.000000E+00,+2.459273E-04,+9.910000E+37,+1.632187E+03,+2.150800E+04,
+1.000000E+01,+2.635591E-04,+9.910000E+37,+1.633247E+03,+2.150800E+04,
+1.100000E+01,+2.807063E-04,+9.910000E+37,+1.634326E+03,+2.150800E+04,
+1.200000E+01,+2.975071E-04,+9.910000E+37,+1.635388E+03,+2.150800E+04,
+1.300000E+01,+3.140518E-04,+9.910000E+37,+1.636473E+03,+2.150800E+04







current through plasma (-mA) <tab> voltage across plasma (-V) <tab> time (sec)
1.001876	2796.616188	0.001000
1.003063	2795.321705	0.101000
1.002381	2795.399802	0.201000
1.002381	2794.956256	0.301000
1.002334	2794.489064	0.402000
1.002335	2793.997629	0.501000
1.002341	2793.541112	0.601000
1.002297	2793.060702	0.701000
1.002304	2792.608310	0.801000
1.002311	2792.220476	0.901000
1.002329	2791.661114	1.001000
1.002320	2791.197387	1.101000
1.002278	2790.685460	1.201000
1.002260	2790.224435	1.301000
1.002232	2789.789770	1.401000
1.002277	2789.269027	1.501000
1.002307	2788.816670	1.601000
1.002338	2788.328158	1.701000
1.002371	2787.875041	1.801000
1.002379	2787.385462	1.901000
1.002347	2786.926304	2.001000
1.002301	2786.484975	2.101000
1.002283	2786.044790	2.201000
1.002274	2785.577853	2.301000
1.002215	2785.047585	2.401000
1.002181	2784.574944	2.501000
1.002129	2784.105716	2.601000
1.002171	2783.629285	2.701000
1.002235	2783.145425	2.801000
1.002271	2782.654750	2.901000
1.002213	2782.207617	3.001000
1.002235	2781.724228	3.101000
1.002237	2781.234289	3.201000
1.002194	2780.803037	3.301000
1.002161	2780.335578	3.401000
1.002076	2779.852150	3.502000
1.002091	2779.382981	3.601000
1.002111	2778.902277	3.701000
1.002116	2778.418278	3.801000
1.002106	2777.954676	3.901000
1.002152	2777.501854	4.001000
1.002277	2777.026603	4.101000
1.002274	2776.555503	4.201000
1.002271	2776.097655	4.301000
1.002299	2776.341080	4.401000
1.002337	2775.610599	4.501000
1.002285	2774.770352	4.601000
1.002272	2774.237827	4.701000
1.002308	2773.767135	4.801000
1.002302	2773.299104	4.901000
1.002281	2772.811766	5.001000
1.002302	2772.332195	5.101000
1.002294	2771.867311	5.201000
1.002321	2771.412249	5.301000
1.002362	2770.930471	5.401000
1.002317	2770.503964	5.501000
1.002338	2769.988111	5.601000
1.002386	2769.512857	5.701000
1.002384	2769.056542	5.801000
1.002405	2768.585849	5.901000
1.002433	2768.087941	6.001000
1.002428	2767.614797	6.101000
1.002409	2767.153464	6.201000
1.002455	2766.667908	6.301000
1.002472	2766.226645	6.401000
1.002460	2765.768081	6.501000
1.002493	2765.294852	6.601000
1.002502	2764.793931	6.701000
1.002511	2764.328412	6.801000
1.002536	2763.858844	6.901000
1.002498	2763.413965	7.001000
1.002466	2762.976335	7.101000
1.002454	2762.526807	7.201000
1.002433	2762.059031	7.301000
1.002418	2761.588982	7.401000
1.002435	2761.097541	7.501000
1.002466	2760.668735	7.601000
1.002399	2760.201809	7.701000
1.002435	2759.712304	7.801000
1.002521	2759.224073	7.901000
1.002516	2758.755520	8.001000
1.002516	2758.299311	8.101000
1.002530	2757.823387	8.201000
1.002527	2757.368310	8.301000
1.002500	2756.927707	8.401000
1.002468	2756.484900	8.501000
1.002397	2756.034049	8.601000
1.002400	2755.624523	8.701000
1.002399	2755.087394	8.801000
1.002415	2754.634187	8.901000
1.002386	2754.183411	9.001000
1.002407	2753.738172	9.101000
1.002496	2753.248538	9.201000
1.002467	2752.774669	9.301000
1.002439	2752.332081	9.401000
1.002437	2751.865880	9.501000
1.002394	2751.660951	9.601000
1.002371	2751.532223	9.701000
1.002310	2750.979431	9.801000
1.002343	2750.098000	9.901000
1.002318	2749.628295	10.001000
1.002335	2749.164028	10.101000
1.002328	2748.680025	10.201000
1.002304	2748.236240	10.301000
1.002273	2747.797617	10.401000
1.002267	2747.327971	10.501000
1.002255	2746.843769	10.601000
1.002246	2746.396341	10.701000
1.002246	2745.967405	10.801000
1.002258	2745.493547	10.901000
1.002262	2745.015613	11.001000
1.002320	2744.560767	11.101000
1.002349	2744.081377	11.201000
1.002354	2743.624555	11.301000
1.002383	2743.153658	11.401000
1.002385	2742.689915	11.501000
1.002403	2742.248512	11.601000
1.002443	2741.806010	11.701000
1.002504	2741.347917	11.801000
1.002516	2740.945927	11.901000
1.002534	2740.423394	12.001000
1.002557	2739.971421	12.101000
1.002540	2739.513246	12.201000
1.002546	2739.068714	12.301000
1.002543	2738.637372	12.401000
1.002535	2738.170942	12.501000
1.002516	2737.736905	12.601000
1.002559	2737.253693	12.701000
1.002574	2736.790451	12.801000
1.002587	2736.346333	12.901000
1.002653	2735.929375	13.001000
1.002735	2735.399070	13.101000
1.002729	2734.936682	13.201000
1.002671	2734.488505	13.301000
1.002662	2734.022699	13.401000
1.002633	2733.571219	13.501000
1.002618	2733.119595	13.601000
1.002641	2732.685066	13.701000
1.002663	2732.233873	13.801000
1.002631	2731.793967	13.901000
1.002626	2731.339893	14.001000
1.002637	2730.934147	14.101000
1.002605	2730.437099	14.201000
1.002633	2729.981463	14.301000
1.002712	2729.502495	14.401000
1.002658	2729.072316	14.501000
1.002625	2728.625472	14.601000
1.002652	2728.168021	14.701000
1.002632	2727.721073	14.801000
1.002614	2727.796269	14.901000
1.002529	2727.418359	15.001000
1.002501	2726.703700	15.101000
1.002540	2726.027003	15.201000
1.002535	2725.527002	15.301000
1.002525	2725.086619	15.401000
1.002518	2724.651188	15.501000
1.002505	2724.208504	15.601000
1.002493	2723.773071	15.701000
1.002483	2723.321339	15.801000
1.002450	2722.875781	15.901000
1.002470	2722.422001	16.001000
1.002474	2721.963524	16.101000
1.002447	2721.560909	16.201000
1.002490	2721.090954	16.301000
1.002573	2720.600683	16.401000
1.002601	2720.161333	16.502000
1.002574	2719.714305	16.601000
1.002555	2719.252175	16.701000
1.002578	2718.804561	16.801000
1.002573	2718.379383	16.901000
1.002625	2717.926113	17.001000
1.002656	2717.485049	17.101000
1.002650	2717.018012	17.201000
1.002665	2716.597020	17.301000
1.002646	2716.109161	17.401000
1.002608	2715.685339	17.501000
1.002577	2715.258477	17.601000
1.002627	2714.795303	17.701000
1.002678	2714.333626	17.801000
1.002637	2713.902927	17.901000
1.002640	2713.439092	18.001000
1.002642	2713.001199	18.101000
1.002654	2712.549827	18.201000
1.002678	2712.097167	18.301000
1.002705	2711.679567	18.401000
1.002668	2711.175497	18.501000
1.002660	2710.728646	18.601000
1.002680	2710.270573	18.701000
1.002624	2709.844637	18.801000
1.002586	2709.414475	18.901000
1.002591	2708.981331	19.001000
1.002647	2708.549309	19.101000
1.002611	2708.103484	19.201000
1.002635	2707.648819	19.301000
1.002617	2707.230984	19.401000
1.002616	2706.776614	19.501000
1.002644	2706.325625	19.601000
1.002704	2705.859810	19.701000
1.002722	2705.410873	19.801000
1.002729	2704.967138	19.901000
1.002740	2704.509034	20.001000
1.002717	2704.336576	20.101000
1.002716	2704.281958	20.201000
1.002673	2703.637667	20.301000
1.002617	2702.828235	20.401000
1.002541	2702.406173	20.501000
1.002532	2701.949405	20.601000
1.002540	2701.501392	20.701000
1.002508	2701.056701	20.801000
1.002514	2700.632059	20.901000
1.002541	2700.193056	21.001000
1.002563	2699.724700	21.101000
1.002514	2699.300621	21.201000
1.002552	2698.832717	21.301000
1.002557	2698.407291	21.401000
1.002502	2698.001635	21.501000
1.002534	2698.093216	21.601000
1.002541	2697.763150	21.701000
1.002559	2696.683897	21.801000
1.002507	2696.255015	21.901000
1.002490	2695.813779	22.001000
1.002487	2695.371296	22.101000
1.002472	2694.950969	22.201000
1.002484	2694.498310	22.301000
1.002562	2694.030019	22.401000
1.002581	2693.599580	22.501000
1.002548	2693.218846	22.601000
1.002563	2692.721888	22.701000
1.002539	2692.279336	22.801000
1.002471	2691.900189	22.901000
1.002448	2691.443122	23.001000
1.002502	2691.003511	23.101000
1.002519	2690.572361	23.201000
1.002517	2690.115771	23.301000
1.002511	2689.679132	23.401000
1.002503	2689.253725	23.501000
1.002471	2688.837349	23.601000
1.002471	2688.457762	23.701000
1.002510	2687.950170	23.801000
1.002490	2687.492040	23.901000
1.002480	2687.069795	24.001000
1.002502	2686.638243	24.101000
1.002518	2686.191362	24.201000
1.002525	2685.753276	24.301000
1.002552	2685.301398	24.401000
1.002562	2684.867976	24.501000
1.002582	2684.429521	24.601000
1.002585	2683.987571	24.701000
1.002630	2683.565382	24.801000
1.002613	2683.115630	24.901000
1.002612	2682.703558	25.001000
1.002659	2682.286393	25.101000
1.002687	2681.827669	25.201000
1.002678	2681.453213	25.301000
1.002681	2681.628644	25.401000
1.002716	2681.001505	25.501000
1.002651	2680.194516	25.601000
1.002603	2679.695643	25.701000
1.002594	2679.320758	25.801000
1.002542	2678.873360	25.901000
1.002563	2678.409682	26.001000
1.002589	2677.981522	26.101000
1.002596	2677.525245	26.201000
1.002586	2677.091273	26.301000
1.002564	2676.666132	26.401000
1.002576	2676.205454	26.501000
1.002572	2675.769670	26.601000
1.002558	2675.333337	26.701000
1.002645	2674.878582	26.801000
1.002642	2674.500662	26.901000
1.002568	2674.047540	27.001000
1.002577	2673.628510	27.101000
1.002608	2673.169406	27.201000
1.002572	2672.735953	27.301000
1.002564	2672.302167	27.401000
1.002569	2671.854647	27.501000
1.002571	2671.443292	27.601000
1.002577	2671.002955	27.701000
1.002659	2670.562548	27.801000
1.002718	2670.131911	27.901000
1.002728	2669.740436	28.001000
1.002775	2669.284277	28.101000
1.002797	2668.843218	28.201000
1.002730	2668.432681	28.301000
1.002698	2668.102885	28.401000
1.002678	2667.611466	28.502000
1.002719	2667.142751	28.601000
1.002717	2666.734390	28.701000
1.002705	2666.306221	28.801000
1.002697	2665.869499	28.901000
1.002715	2665.483397	29.001000
1.002687	2665.063908	29.101000
1.002625	2664.629312	29.201000
1.002588	2664.186512	29.301000
1.002625	2663.742681	29.401000
1.002672	2663.322843	29.501000
1.002696	2662.911294	29.601000
1.002682	2662.497068	29.701000
1.002670	2662.071846	29.801000
1.002685	2661.644185	29.901000
1.002680	2661.206782	30.001000
1.002648	2660.854352	30.101000
1.002628	2660.367295	30.202000
1.002639	2659.916375	30.301000
1.002631	2659.491602	30.401000
1.002582	2659.104222	30.501000
1.002599	2659.240976	30.601000
1.002615	2658.801864	30.701000
1.002650	2658.035757	30.801000
1.002652	2657.412041	30.901000
1.002631	2656.995103	31.001000
1.002604	2656.597585	31.101000
1.002568	2656.239913	31.201000
1.002574	2655.773873	31.301000
1.002581	2655.351904	31.401000
1.002540	2654.957247	31.501000
1.002526	2655.114361	31.601000
1.002514	2654.617657	31.701000
1.002541	2654.172490	31.801000
1.002529	2653.739558	31.901000
1.002509	2653.225690	32.001000
1.002510	2652.870186	32.101000
1.002566	2652.460746	32.201000
1.002564	2652.037522	32.301000
1.002559	2651.507683	32.401000
1.002580	2651.006067	32.501000
1.002504	2650.711401	32.602000
1.002474	2650.321643	32.701000
1.002475	2649.803536	32.801000
1.002527	2649.375383	32.901000
1.002488	2648.977462	33.001000
1.002457	2648.531257	33.101000
1.002474	2648.102696	33.201000
1.002491	2647.742545	33.301000
1.002512	2647.333617	33.401000
1.002606	2646.886861	33.501000
1.002699	2646.526523	33.601000
1.002709	2646.129858	33.701000
1.002686	2645.501214	33.801000
1.002709	2645.054540	33.901000
1.002658	2644.624957	34.001000
1.002674	2644.237848	34.101000
1.002720	2643.941262	34.201000
1.002737	2643.480213	34.301000
1.002740	2643.144851	34.401000
1.002748	2642.684959	34.501000
1.002754	2642.153668	34.601000
1.002735	2641.852154	34.701000
1.002700	2641.365258	34.801000
1.002673	2640.969277	34.901000
1.002694	2640.556595	35.001000
1.002683	2640.125594	35.101000
1.002656	2639.742197	35.201000
1.002650	2639.316213	35.301000
1.002618	2638.950841	35.401000
1.002643	2638.543933	35.501000
1.002645	2638.027182	35.601000
1.002691	2637.597048	35.701000
1.002728	2637.324273	35.801000
1.002718	2637.219571	35.901000
1.002690	2636.348527	36.001000
1.002697	2635.941778	36.101000
1.002645	2635.598256	36.201000
1.002638	2635.165623	36.301000
1.002687	2634.768957	36.401000
1.002699	2634.427658	36.501000
1.002662	2634.014382	36.601000
1.002700	2633.542811	36.701000
1.002673	2632.873141	36.801000
1.002593	2632.605923	36.901000
1.002601	2632.194900	37.001000
1.002622	2631.890060	37.101000
1.002601	2631.440306	37.201000
1.002548	2630.929006	37.301000
1.002533	2630.437684	37.401000
1.002476	2630.182462	37.501000
1.002431	2629.795103	37.601000
1.002448	2629.351139	37.701000
1.002468	2628.894714	37.801000
1.002486	2628.492465	37.901000
1.002521	2628.053846	38.001000
1.002520	2627.628023	38.101000
1.002495	2627.216596	38.201000
1.002460	2626.832800	38.301000
1.002480	2626.456571	38.401000
1.002543	2626.061367	38.501000
1.002522	2625.667539	38.601000
1.002458	2625.203073	38.701000
1.002447	2624.797855	38.801000
1.002498	2624.371696	38.901000
1.002477	2623.978006	39.001000
1.002496	2623.502066	39.101000
1.002545	2623.241146	39.201000
1.002607	2622.675874	39.301000
1.002642	2622.254042	39.401000
1.002649	2621.849572	39.501000
1.002609	2621.478809	39.601000
1.002615	2621.060495	39.701000
1.002602	2620.670654	39.801000
1.002627	2620.193371	39.901000
1.002618	2619.708695	40.001000
1.002592	2619.364703	40.101000
1.002604	2618.889378	40.201000
1.002609	2618.502901	40.301000
1.002592	2618.135956	40.401000
1.002570	2617.775013	40.501000
1.002612	2617.228587	40.601000
1.002642	2616.887430	40.701000
1.002613	2616.551511	40.801000
1.002633	2616.097290	40.901000
1.002629	2615.605086	41.001000
1.002610	2615.611755	41.101000
1.002544	2615.086462	41.201000
1.002527	2614.495842	41.301000
1.002537	2614.019581	41.401000
1.002573	2613.585494	41.501000
1.002528	2613.232493	41.601000
1.002501	2612.862961	41.701000
1.002498	2612.339993	41.801000
1.002468	2611.948677	41.901000
1.002527	2611.540058	42.001000
1.002560	2611.018289	42.101000
1.002562	2610.626907	42.201000
1.002599	2610.212535	42.301000
1.002576	2609.855857	42.401000
1.002561	2609.495132	42.501000
1.002525	2609.102893	42.601000
1.002530	2608.683481	42.701000
1.002548	2608.318037	42.801000
1.002574	2607.894403	42.901000
1.002523	2607.534085	43.001000
1.002513	2607.143592	43.101000
1.002578	2606.589729	43.201000
1.002615	2606.270902	43.301000
1.002591	2605.861868	43.401000
1.002599	2605.511717	43.501000
1.002595	2605.103764	43.601000
1.002556	2604.631394	43.701000
1.002550	2604.252852	43.801000
1.002533	2603.867860	43.901000
1.002555	2603.478448	44.001000
1.002563	2602.830980	44.101000
1.002562	2602.451760	44.201000
1.002567	2602.146522	44.301000
1.002575	2601.777463	44.401000
1.002589	2601.248901	44.501000
1.002539	2600.940060	44.601000
1.002554	2600.438115	44.701000
1.002552	2600.042752	44.801000
1.002569	2599.716287	44.901000
1.002626	2599.334928	45.001000
1.002637	2598.849633	45.101000
1.002631	2598.433133	45.201000
1.002622	2598.122540	45.301000
1.002616	2597.718426	45.401000
1.002553	2597.121471	45.501000
1.002494	2596.857072	45.601000
1.002493	2596.422959	45.701000
1.002458	2596.143234	45.801000
1.002467	2595.731248	45.901000
1.002433	2595.281146	46.001000
1.002505	2594.904698	46.101000
1.002571	2594.498439	46.202000
1.002550	2594.063355	46.301000
1.002560	2593.915704	46.401000
1.002597	2593.429260	46.501000
1.002605	2593.067326	46.601000
1.002633	2592.400149	46.701000
1.002662	2592.105649	46.801000
1.002644	2591.650152	46.901000
1.002621	2591.245221	47.001000
1.002600	2590.870044	47.101000
1.002695	2590.572707	47.201000
1.002652	2589.957014	47.301000
1.002684	2589.553113	47.401000
1.002706	2589.183840	47.501000
1.002711	2588.687272	47.601000
1.002684	2588.260017	47.701000
1.002703	2587.944548	47.801000
1.002717	2587.586216	47.901000
1.002751	2587.215290	48.001000
1.002736	2586.769936	48.101000
1.002761	2586.245542	48.201000
1.002839	2585.956726	48.301000
1.002826	2585.522946	48.401000
1.002762	2585.060457	48.501000
1.002758	2584.654541	48.601000
1.002727	2584.427376	48.701000
1.002733	2583.829122	48.801000
1.002749	2583.552090	48.901000
1.002704	2583.183161	49.001000
1.002700	2582.386119	49.101000
1.002690	2581.937966	49.201000
1.002775	2581.505756	49.301000
1.002830	2581.067255	49.401000
1.002821	2580.638614	49.501000
1.002838	2580.221604	49.601000
1.002863	2579.809831	49.701000
1.002828	2579.424527	49.801000
1.002854	2579.153192	49.901000
1.002888	2578.621747	50.001000
1.002921	2578.553653	50.101000
1.002923	2578.258991	50.201000
1.002909	2577.776595	50.301000
1.003032	2577.343969	50.401000
1.003054	2576.477321	50.501000
1.003088	2576.073741	50.601000
1.003062	2575.700657	50.701000
1.003059	2575.286919	50.801000
1.003115	2574.858394	50.901000
1.003119	2574.460206	51.001000
1.003116	2574.061856	51.101000
1.003150	2573.678618	51.201000
1.003128	2573.382860	51.301000
1.003108	2572.900932	51.401000
1.003181	2572.492685	51.501000
1.003174	2572.233868	51.601000
1.003174	2572.188983	51.701000
1.003180	2571.749302	51.801000
1.003198	2571.005412	51.901000
1.003190	2570.437315	52.001000
1.003156	2570.065214	52.101000
1.003235	2569.623688	52.201000
1.003299	2569.213508	52.301000
1.003321	2568.819858	52.401000
1.003348	2568.398626	52.501000
1.003410	2568.029191	52.601000
1.003390	2567.571362	52.701000
1.003358	2567.186174	52.801000
1.003365	2566.798226	52.901000
1.003336	2566.392285	53.001000
1.003318	2565.993429	53.101000
1.003290	2565.577634	53.201000
1.003273	2565.180700	53.301000
1.003245	2564.822300	53.401000
1.003268	2564.399569	53.501000
1.003287	2564.001322	53.601000
1.003306	2563.592992	53.701000
1.003305	2563.219573	53.801000
1.003282	2562.827782	53.901000
1.003279	2562.503277	54.001000
1.003262	2562.029209	54.101000
1.003191	2561.680804	54.201000
1.003149	2561.311545	54.301000
1.003125	2560.936625	54.401000
1.003190	2560.511232	54.501000
1.003257	2560.096442	54.601000
1.003363	2559.607057	54.701000
1.003393	2559.173961	54.801000
1.003399	2558.776470	54.901000
1.003363	2558.410261	55.001000
1.003321	2558.019790	55.101000
1.003364	2557.637125	55.201000
1.003370	2557.270425	55.301000
1.003368	2556.872348	55.401000
1.003314	2556.451575	55.501000
1.003294	2556.056909	55.601000
1.003442	2555.585595	55.701000
1.003500	2555.101111	55.801000
1.003511	2554.697421	55.901000
1.003525	2554.294108	56.001000
1.003539	2553.897110	56.101000
1.003533	2553.484708	56.201000
1.003521	2553.092554	56.301000
1.003481	2552.735627	56.401000
1.003516	2552.325138	56.501000
1.003500	2551.936513	56.601000
1.003546	2551.591117	56.701000
1.003756	2551.031481	56.801000
1.003725	2550.862847	56.901000
1.003718	2550.802640	57.001000
1.003771	2550.181722	57.101000
1.003725	2549.443871	57.201000
1.003771	2549.053371	57.301000
1.003794	2548.641554	57.401000
1.003783	2548.242991	57.501000
1.003778	2547.853012	57.601000
1.003766	2547.451388	57.701000
1.003864	2547.008948	57.801000
1.004001	2546.517892	57.901000
1.004024	2546.048563	58.001000
1.004014	2545.767820	58.101000
1.004050	2545.266422	58.201000
1.004117	2544.860466	58.301000
1.004145	2544.457326	58.401000
1.004125	2544.059156	58.501000
1.004112	2543.684775	58.601000
1.004144	2543.295610	58.701000
1.004139	2542.903764	58.801000
1.004355	2542.413503	58.901000
1.004378	2541.945799	59.001000
1.004432	2541.522044	59.101000
1.004388	2541.127775	59.201000
1.004385	2540.726521	59.301000
1.004372	2540.388182	59.401000
1.004399	2539.949965	59.501000
1.004422	2539.544784	59.601000
1.004464	2539.152340	59.701000
1.004533	2538.743663	59.801000
1.004550	2538.348256	59.901000
1.004699	2537.855415	60.001000
1.004657	2537.417460	60.101000
1.004652	2537.014301	60.201000
1.004662	2536.614207	60.301000
1.004669	2536.239376	60.401000
1.004723	2536.248445	60.501000
1.004743	2535.921810	60.601000
1.004782	2535.524310	60.701000
1.004751	2535.179946	60.801000
1.004709	2534.758331	60.901000
1.004850	2534.234507	61.001000
1.005011	2533.764319	61.101000
1.005042	2533.302800	61.201000
1.005050	2532.929120	61.301000
1.005089	2532.441204	61.401000
1.005068	2532.191364	61.501000
1.005042	2531.771536	61.601000
1.005076	2531.317372	61.701000
1.005159	2530.872989	61.801000
1.005172	2530.479980	61.901000
1.005148	2529.944746	62.001000
1.005367	2529.473323	62.101000
1.005512	2529.231088	62.201000
1.005514	2528.712884	62.301000
1.005492	2528.223310	62.401000
1.005474	2527.822396	62.501000
1.005556	2527.670556	62.601000
1.005595	2527.174189	62.701000
1.005610	2526.829206	62.801000
1.005657	2526.451564	62.901000
1.005639	2525.988017	63.001000
1.005630	2525.502921	63.101000
1.005877	2524.877757	63.201000
1.005915	2524.421950	63.301000
1.005968	2524.013315	63.401000
1.005993	2523.635815	63.501000
1.005999	2523.235530	63.601000
1.006023	2522.836174	63.701000
1.006046	2522.446351	63.801000
1.006059	2522.062555	63.901000
1.006082	2521.635897	64.001000
1.006082	2521.257318	64.101000
1.006084	2520.871075	64.201000
1.006385	2520.313183	64.301000
1.006370	2519.858170	64.401000
1.006425	2519.462434	64.501000
1.006415	2519.065531	64.601000
1.006369	2518.694852	64.701000
1.006385	2518.303143	64.801000
1.006434	2517.951638	64.901000
1.006395	2517.500955	65.001000
1.006382	2517.125431	65.101000
1.006405	2516.745184	65.201000
1.006587	2516.278627	65.301000
1.006797	2515.790434	65.401000
1.006820	2515.492196	65.501000
1.006845	2514.978516	65.601000
1.006860	2514.825958	65.701000
1.006872	2514.440897	65.801000
1.006793	2514.135409	65.901000
1.006776	2513.774928	66.001000
