-4.000000E+01,-2.094066E-06,+9.910000E+37,+1.659346E+03,+2.150800E+04,
-3.900000E+01,-1.904476E-06,+9.910000E+37,+1.660402E+03,+2.150800E+04,
-3.800000E+01,-1.723622E-06,+9.910000E+37,+1.661462E+03,+2.150800E+04,
-3.700000E+01,-1.542481E-06,+9.910000E+37,+1.662543E+03,+2.150800E+04,
-3.600000E+01,-1.359527E-06,+9.910000E+37,+1.663604E+03,+2.150800E+04,
-3.500000E+01,-1.171410E-06,+9.910000E+37,+1.664662E+03,+2.150800E+04,
-3.400000E+01,-9.765582E-07,+9.910000E+37,+1.666779E+03,+2.150800E+04,
-3.300000E+01,-7.732902E-07,+9.910000E+37,+1.667858E+03,+2.150800E+04,
-3.200000E+01,-5.612332E-07,+9.910000E+37,+1.668917E+03,+2.150800E+04,
-3.100000E+01,-3.389712E-07,+9.910000E+37,+1.669978E+03,+2.150800E+04,
-3.000000E+01,-1.063981E-07,+9.910000E+37,+1.671057E+03,+2.150800E+04,
-2.900000E+01,+1.365062E-07,+9.910000E+37,+1.672114E+03,+2.150800E+04,
-2.800000E+01,+3.852350E-07,+9.910000E+37,+1.673174E+03,+2.150800E+04,
-2.700000E+01,+6.344767E-07,+9.910000E+37,+1.674233E+03,+2.150800E+04,
-2.600000E+01,+8.739305E-07,+9.910000E+37,+1.675299E+03,+2.150800E+04,
-2.500000E+01,+1.062757E-06,+9.910000E+37,+1.678464E+03,+2.150800E+04,
-2.400000E+01,+1.303658E-06,+9.910000E+37,+1.679523E+03,+2.150800E+04,
-2.300000E+01,+1.579868E-06,+9.910000E+37,+1.680584E+03,+2.150800E+04,
-2.200000E+01,+1.906365E-06,+9.910000E+37,+1.681644E+03,+2.150800E+04,
-2.100000E+01,+2.281240E-06,+9.910000E+37,+1.682704E+03,+2.150800E+04,
-2.000000E+01,+2.706155E-06,+9.910000E+37,+1.683765E+03,+2.150800E+04,
-1.900000E+01,+3.180286E-06,+9.910000E+37,+1.684824E+03,+2.150800E+04,
-1.800000E+01,+3.705090E-06,+9.910000E+37,+1.685911E+03,+2.150800E+04,
-1.700000E+01,+4.281803E-06,+9.910000E+37,+1.686975E+03,+2.150800E+04,
-1.600000E+01,+4.909933E-06,+9.910000E+37,+1.688031E+03,+2.150800E+04,
-1.500000E+01,+5.582323E-06,+9.910000E+37,+1.689092E+03,+2.150800E+04,
-1.400000E+01,+6.296613E-06,+9.910000E+37,+1.690152E+03,+2.150800E+04,
-1.300000E+01,+7.047906E-06,+9.910000E+37,+1.691212E+03,+2.150800E+04,
-1.200000E+01,+7.844964E-06,+9.910000E+37,+1.692273E+03,+2.150800E+04,
-1.100000E+01,+8.737939E-06,+9.910000E+37,+1.693334E+03,+2.150800E+04,
-1.000000E+01,+9.877047E-06,+9.910000E+37,+1.694392E+03,+2.150800E+04,
-9.000000E+00,+1.146231E-05,+9.910000E+37,+1.697553E+03,+2.150800E+04,
-8.000000E+00,+1.354619E-05,+9.910000E+37,+1.698615E+03,+2.150800E+04,
-7.000000E+00,+1.616294E-05,+9.910000E+37,+1.699672E+03,+2.150800E+04,
-6.000000E+00,+1.970204E-05,+9.910000E+37,+1.700732E+03,+2.150800E+04,
-5.000000E+00,+2.508984E-05,+9.910000E+37,+1.701795E+03,+2.150800E+04,
-4.000000E+00,+3.283215E-05,+9.910000E+37,+1.702854E+03,+2.150800E+04,
-3.000000E+00,+4.294623E-05,+9.910000E+37,+1.703912E+03,+2.150800E+04,
-2.000000E+00,+5.508187E-05,+9.910000E+37,+1.704974E+03,+2.150800E+04,
-1.000000E+00,+6.904684E-05,+9.910000E+37,+1.706033E+03,+2.150800E+04,
+0.000000E+00,+8.473462E-05,+9.910000E+37,+1.707091E+03,+2.150800E+04,
+1.000000E+00,+1.021314E-04,+9.910000E+37,+1.708167E+03,+2.150800E+04,
+2.000000E+00,+1.219482E-04,+9.910000E+37,+1.711343E+03,+2.150800E+04,
+3.000000E+00,+1.408583E-04,+9.910000E+37,+1.712400E+03,+2.150800E+04,
+4.000000E+00,+1.600971E-04,+9.910000E+37,+1.713459E+03,+2.150800E+04,
+5.000000E+00,+1.794128E-04,+9.910000E+37,+1.714519E+03,+2.150800E+04,
+6.000000E+00,+1.986414E-04,+9.910000E+37,+1.715581E+03,+2.150800E+04,
+7.000000E+00,+2.174779E-04,+9.910000E+37,+1.716668E+03,+2.150800E+04,
+8.000000E+00,+2.359761E-04,+9.910000E+37,+1.717729E+03,+2.150800E+04,
+9.000000E+00,+2.540445E-04,+9.910000E+37,+1.718787E+03,+2.150800E+04,
+1.000000E+01,+2.717581E-04,+9.910000E+37,+1.719845E+03,+2.150800E+04,
+1.100000E+01,+2.889941E-04,+9.910000E+37,+1.720934E+03,+2.150800E+04,
+1.200000E+01,+3.058429E-04,+9.910000E+37,+1.721995E+03,+2.150800E+04,
+1.300000E+01,+3.224020E-04,+9.910000E+37,+1.723058E+03,+2.150800E+04







current through plasma (-mA) <tab> voltage across plasma (-V) <tab> time (sec)
1.000750	2719.477864	0.001000
1.002080	2718.220875	0.101000
1.001431	2718.269625	0.201000
1.001448	2717.740060	0.301000
1.001483	2717.345468	0.401000
1.001460	2716.845125	0.501000
1.001446	2716.395683	0.601000
1.001473	2716.016418	0.701000
1.001465	2715.567380	0.802000
1.001426	2715.139120	0.901000
1.001438	2714.715949	1.001000
1.001476	2714.239554	1.101000
1.001520	2713.807377	1.201000
1.001560	2713.244578	1.301000
1.001541	2712.775176	1.401000
1.001509	2712.343623	1.501000
1.001540	2712.161208	1.601000
1.001555	2711.814180	1.701000
1.001551	2711.253007	1.801000
1.001515	2710.538042	1.901000
1.001530	2710.044644	2.001000
1.001522	2709.562773	2.101000
1.001466	2709.172396	2.201000
1.001458	2708.771455	2.301000
1.001436	2708.231324	2.401000
1.001464	2707.765311	2.501000
1.001470	2707.151252	2.601000
1.001461	2706.805480	2.701000
1.001465	2706.387455	2.801000
1.001519	2705.893072	2.901000
1.001517	2705.258534	3.001000
1.001478	2704.996080	3.101000
1.001476	2704.517288	3.201000
1.001475	2704.062590	3.301000
1.001400	2703.654463	3.401000
1.001306	2703.054603	3.501000
1.001287	2702.755698	3.601000
1.001284	2702.339326	3.701000
1.001303	2701.848627	3.801000
1.001339	2701.349981	3.901000
1.001336	2700.726579	4.001000
1.001365	2700.308240	4.101000
1.001400	2699.969473	4.201000
1.001432	2699.371349	4.301000
1.001429	2699.054017	4.401000
1.001405	2698.429258	4.501000
1.001403	2698.084263	4.601000
1.001393	2697.678928	4.701000
1.001360	2697.135473	4.801000
1.001347	2696.711849	4.901000
1.001330	2696.287911	5.001000
1.001344	2695.865484	5.101000
1.001365	2695.290503	5.201000
1.001377	2694.867900	5.301000
1.001392	2694.360170	5.401000
1.001403	2693.982313	5.501000
1.001457	2693.514337	5.601000
1.001443	2692.968934	5.701000
1.001423	2692.539306	5.801000
1.001410	2692.103669	5.901000
1.001421	2691.721623	6.001000
1.001422	2691.258434	6.102000
1.001435	2690.919765	6.201000
1.001408	2690.427604	6.301000
1.001398	2689.944416	6.401000
1.001450	2689.366333	6.501000
1.001405	2689.075725	6.601000
1.001331	2688.654134	6.701000
1.001329	2688.483556	6.801000
1.001394	2688.370968	6.901000
1.001385	2687.845765	7.001000
1.001383	2687.114860	7.101000
1.001399	2686.665971	7.201000
1.001402	2686.151490	7.301000
1.001387	2685.701571	7.401000
1.001325	2685.241369	7.501000
1.001346	2684.815637	7.601000
1.001340	2684.343044	7.701000
1.001324	2683.908982	7.801000
1.001363	2683.432566	7.901000
1.001370	2682.999991	8.001000
1.001341	2682.565701	8.101000
1.001334	2682.108114	8.201000
1.001374	2681.657664	8.301000
1.001345	2681.222899	8.401000
1.001368	2680.760551	8.501000
1.001357	2680.063042	8.601000
1.001383	2679.913361	8.701000
1.001300	2679.141106	8.802000
1.001296	2678.686581	8.901000
1.001341	2678.246346	9.001000
1.001361	2677.888377	9.101000
1.001392	2677.421290	9.201000
1.001361	2676.901740	9.301000
1.001333	2676.572396	9.401000
1.001342	2676.362908	9.501000
1.001365	2675.925229	9.601000
1.001357	2675.466956	9.701000
1.001348	2675.055657	9.802000
1.001379	2674.555339	9.901000
1.001419	2674.157937	10.001000
1.001361	2673.684496	10.101000
1.001357	2673.244053	10.201000
1.001386	2672.783861	10.301000
1.001418	2672.397252	10.401000
1.001442	2671.958264	10.501000
1.001500	2671.512604	10.601000
1.001560	2671.044898	10.701000
1.001632	2670.617730	10.801000
1.001658	2670.139726	10.901000
1.001627	2669.567471	11.001000
1.001581	2669.221833	11.101000
1.001590	2668.750994	11.201000
1.001583	2668.368549	11.301000
1.001564	2667.846928	11.401000
1.001534	2667.485692	11.501000
1.001567	2667.022198	11.601000
1.001569	2666.593876	11.701000
1.001593	2666.054506	11.801000
1.001585	2665.846504	11.901000
1.001581	2665.301160	12.001000
1.001585	2665.201928	12.101000
1.001556	2664.631302	12.201000
1.001543	2664.136659	12.301000
1.001557	2663.529245	12.401000
1.001578	2663.055337	12.501000
1.001586	2662.651909	12.601000
1.001571	2662.210813	12.701000
1.001558	2661.751708	12.801000
1.001584	2661.338344	12.901000
1.001558	2660.914954	13.001000
1.001582	2660.392917	13.101000
1.001611	2659.949251	13.201000
1.001619	2659.554687	13.301000
1.001657	2659.142803	13.401000
1.001668	2658.735540	13.501000
1.001661	2658.280192	13.601000
1.001618	2657.829737	13.701000
1.001577	2657.400552	13.801000
1.001575	2656.962035	13.901000
1.001532	2656.422400	14.001000
1.001505	2656.090635	14.101000
1.001478	2655.714096	14.201000
1.001482	2655.293410	14.301000
1.001482	2654.748711	14.401000
1.001499	2654.388617	14.501000
1.001486	2653.960078	14.601000
1.001512	2653.456440	14.702000
1.001538	2653.061741	14.801000
1.001594	2652.497392	14.901000
1.001538	2652.178399	15.001000
1.001516	2651.805238	15.101000
1.001513	2651.270461	15.201000
1.001528	2650.846386	15.301000
1.001480	2650.427155	15.401000
1.001462	2649.966153	15.501000
1.001455	2649.601337	15.601000
1.001489	2649.150046	15.701000
1.001491	2648.670888	15.801000
1.001471	2648.243518	15.901000
1.001489	2647.877191	16.001000
1.001518	2647.429815	16.101000
1.001571	2647.031126	16.201000
1.001591	2646.488172	16.301000
1.001596	2646.019439	16.401000
1.001608	2645.588963	16.501000
1.001593	2645.134490	16.601000
1.001576	2644.726140	16.701000
1.001571	2644.333182	16.801000
1.001571	2643.870747	16.901000
1.001599	2643.549019	17.001000
1.001639	2643.070112	17.101000
1.001652	2642.603630	17.201000
1.001651	2642.291034	17.301000
1.001691	2642.093235	17.401000
1.001710	2641.614427	17.501000
1.001678	2641.022072	17.601000
1.001722	2640.423314	17.701000
1.001700	2640.076180	17.801000
1.001691	2639.663675	17.901000
1.001626	2639.164366	18.001000
1.001605	2638.786235	18.101000
1.001670	2638.344222	18.201000
1.001723	2637.983213	18.301000
1.001765	2637.461479	18.401000
1.001764	2637.051200	18.501000
1.001744	2636.586838	18.601000
1.001757	2636.189304	18.701000
1.001769	2635.743955	18.801000
1.001778	2635.318109	18.901000
1.001770	2634.985212	19.001000
1.001702	2634.546351	19.101000
1.001756	2634.015801	19.201000
1.001742	2633.669925	19.301000
1.001722	2633.178566	19.401000
1.001729	2632.737019	19.501000
1.001713	2632.411261	19.601000
1.001668	2631.943037	19.701000
1.001644	2631.562490	19.801000
1.001655	2631.086593	19.901000
1.001680	2630.841075	20.001000
1.001681	2630.432700	20.101000
1.001693	2629.905012	20.201000
1.001670	2629.607483	20.301000
1.001710	2629.057764	20.401000
1.001738	2628.588291	20.501000
1.001767	2628.311970	20.601000
1.001766	2627.787676	20.701000
1.001768	2627.406714	20.801000
1.001762	2626.898906	20.901000
1.001731	2626.558357	21.001000
1.001701	2626.056561	21.101000
1.001690	2625.678417	21.201000
1.001742	2625.292502	21.301000
1.001757	2624.905587	21.401000
1.001754	2624.502072	21.501000
1.001772	2624.030815	21.601000
1.001807	2623.515442	21.701000
1.001830	2623.072648	21.801000
1.001852	2622.605382	21.901000
1.001837	2621.999631	22.001000
1.001822	2621.527683	22.101000
1.001824	2621.105382	22.201000
1.001794	2620.721848	22.301000
1.001770	2620.322800	22.401000
1.001760	2619.919856	22.501000
1.001752	2619.628730	22.601000
1.001751	2619.569910	22.701000
1.001771	2618.965128	22.801000
1.001787	2618.228701	22.901000
1.001788	2617.815508	23.001000
1.001786	2617.351653	23.101000
1.001768	2617.014286	23.201000
1.001769	2616.594096	23.301000
1.001765	2616.124435	23.401000
1.001745	2615.702959	23.501000
1.001765	2615.304999	23.601000
1.001793	2614.810649	23.701000
1.001789	2614.587242	23.801000
1.001793	2614.029099	23.901000
1.001818	2613.651054	24.001000
1.001815	2613.234545	24.102000
1.001787	2612.867843	24.201000
1.001762	2612.308352	24.301000
1.001767	2612.017533	24.401000
1.001788	2611.526568	24.501000
1.001768	2611.125293	24.601000
1.001779	2610.989590	24.701000
1.001775	2610.461248	24.801000
1.001734	2610.047171	24.901000
1.001740	2609.629491	25.001000
1.001740	2609.270777	25.101000
1.001703	2608.850406	25.201000
1.001709	2608.413452	25.301000
1.001714	2608.044172	25.401000
1.001691	2607.536828	25.501000
1.001660	2606.964790	25.601000
1.001670	2606.321476	25.701000
1.001665	2605.928464	25.801000
1.001635	2605.608079	25.901000
1.001592	2605.091306	26.001000
1.001576	2604.901263	26.101000
1.001600	2604.825869	26.201000
1.001601	2604.207472	26.301000
1.001569	2603.422995	26.401000
1.001596	2603.018373	26.501000
1.001631	2602.719807	26.601000
1.001642	2602.174462	26.701000
1.001614	2601.792341	26.801000
1.001568	2601.498763	26.901000
1.001590	2600.914105	27.001000
1.001606	2600.520863	27.101000
1.001662	2600.125015	27.201000
1.001674	2599.808458	27.301000
1.001632	2599.312903	27.401000
1.001669	2598.883109	27.501000
1.001703	2598.534355	27.601000
1.001685	2598.048114	27.701000
1.001669	2597.657205	27.801000
1.001711	2597.694633	27.901000
1.001741	2597.517204	28.001000
1.001702	2596.763431	28.101000
1.001637	2596.069991	28.201000
1.001613	2595.722097	28.301000
1.001595	2595.221890	28.401000
1.001605	2594.786775	28.501000
1.001613	2594.394602	28.601000
1.001633	2594.090844	28.701000
1.001648	2593.554488	28.801000
1.001660	2593.132427	28.901000
1.001678	2592.892595	29.001000
1.001697	2592.321917	29.101000
1.001676	2591.909521	29.201000
1.001656	2591.497793	29.301000
1.001647	2591.145393	29.401000
1.001563	2590.698034	29.501000
1.001536	2590.374692	29.601000
1.001554	2589.958198	29.701000
1.001588	2589.476855	29.801000
1.001595	2589.063777	29.901000
1.001595	2588.700808	30.001000
1.001598	2588.393797	30.101000
1.001647	2587.861212	30.201000
1.001635	2587.438424	30.301000
1.001590	2587.156621	30.401000
1.001576	2586.632942	30.501000
1.001557	2586.225923	30.601000
1.001571	2585.844026	30.701000
1.001570	2585.516886	30.801000
1.001529	2585.057984	30.901000
1.001475	2584.742135	31.001000
1.001482	2584.425234	31.101000
1.001479	2583.849438	31.201000
1.001459	2583.467616	31.301000
1.001497	2583.078114	31.401000
1.001526	2582.657757	31.501000
1.001503	2582.247034	31.601000
1.001474	2581.856294	31.701000
1.001464	2581.531395	31.801000
1.001477	2581.034189	31.901000
1.001444	2580.622991	32.001000
1.001414	2580.279757	32.101000
1.001392	2580.193814	32.201000
1.001397	2579.696281	32.301000
1.001439	2579.283904	32.401000
1.001443	2578.905869	32.501000
1.001432	2578.279899	32.601000
1.001412	2577.793778	32.701000
1.001364	2577.399251	32.801000
1.001405	2577.061025	32.901000
1.001458	2576.548308	33.001000
1.001468	2576.180384	33.101000
1.001438	2576.553235	33.201000
1.001453	2575.936929	33.301000
1.001442	2575.014734	33.401000
1.001393	2574.563300	33.501000
1.001366	2574.251866	33.601000
1.001354	2573.788251	33.701000
1.001332	2573.387670	33.801000
1.001296	2573.037800	33.901000
1.001223	2572.893543	34.001000
1.001200	2572.206410	34.101000
1.001204	2571.785932	34.201000
1.001214	2571.405690	34.301000
1.001211	2571.034449	34.401000
1.001215	2570.569595	34.501000
1.001228	2570.170671	34.601000
1.001257	2569.829368	34.701000
1.001261	2569.593276	34.801000
1.001291	2569.183421	34.901000
1.001280	2568.834460	35.001000
1.001296	2568.446737	35.101000
1.001320	2568.034766	35.201000
1.001292	2567.590833	35.301000
1.001241	2567.269537	35.401000
1.001256	2566.817284	35.501000
1.001259	2566.425985	35.601000
1.001226	2566.034403	35.701000
1.001222	2565.596026	35.801000
1.001227	2565.210274	35.901000
1.001272	2564.810830	36.001000
1.001220	2564.437432	36.101000
1.001185	2564.028643	36.201000
1.001180	2563.614981	36.301000
1.001206	2563.259557	36.401000
1.001206	2562.857256	36.501000
1.001213	2562.366382	36.601000
1.001205	2562.034514	36.701000
1.001194	2561.668082	36.801000
1.001210	2561.295189	36.901000
1.001225	2560.892709	37.001000
1.001221	2560.527993	37.101000
1.001224	2560.067593	37.201000
1.001216	2559.683348	37.301000
1.001249	2559.230394	37.401000
1.001202	2558.891901	37.501000
1.001137	2558.442375	37.601000
1.001114	2557.965899	37.701000
1.001123	2557.464039	37.801000
1.001119	2557.044985	37.901000
1.001092	2556.741206	38.001000
1.001088	2556.538513	38.101000
1.001136	2556.139045	38.201000
1.001135	2555.735887	38.301000
1.001151	2555.715029	38.401000
1.001169	2555.420114	38.501000
1.001200	2554.707829	38.601000
1.001208	2554.184597	38.701000
1.001162	2553.749740	38.801000
1.001166	2553.363091	38.901000
1.001146	2552.941762	39.001000
1.001169	2552.583649	39.101000
1.001189	2552.183780	39.201000
1.001177	2551.800813	39.301000
1.001192	2551.404429	39.401000
1.001200	2551.014780	39.501000
1.001233	2550.601918	39.601000
1.001233	2550.222612	39.701000
1.001139	2549.839633	39.801000
1.001032	2549.478298	39.901000
1.001029	2549.032027	40.001000
1.001032	2548.667284	40.101000
1.001018	2548.271993	40.201000
1.001019	2547.882436	40.301000
1.001094	2547.407213	40.401000
1.001116	2547.107701	40.501000
1.001115	2546.719467	40.601000
1.001121	2546.296251	40.701000
1.001143	2545.883871	40.801000
1.001141	2545.495725	40.901000
1.001089	2545.080043	41.001000
1.001071	2544.688765	41.101000
1.001076	2544.347247	41.201000
1.001073	2543.900708	41.301000
1.001028	2543.529301	41.401000
1.000971	2543.172468	41.501000
1.000944	2542.795698	41.601000
1.000974	2542.436620	41.701000
1.001001	2542.018754	41.801000
1.001010	2541.636068	41.901000
1.001021	2541.226586	42.001000
1.000996	2540.848395	42.101000
1.001000	2540.426847	42.201000
1.001063	2540.066578	42.301000
1.001136	2539.705492	42.401000
1.001173	2539.297229	42.501000
1.001261	2538.904949	42.601000
1.001499	2538.416614	42.701000
1.001707	2538.142451	42.801000
1.001921	2537.790367	42.901000
1.002207	2537.430197	43.001000
1.002486	2537.026741	43.101000
1.002690	2536.700718	43.201000
1.002818	2536.300419	43.301000
1.002958	2535.934396	43.401000
1.003082	2535.517150	43.501000
1.003196	2535.185864	43.601000
1.003274	2535.290703	43.701000
1.003338	2534.669531	43.801000
1.003413	2534.167084	43.901000
1.003501	2533.601152	44.001000
1.003492	2533.228927	44.101000
1.003507	2532.861531	44.201000
1.003556	2532.451365	44.301000
1.003590	2532.082291	44.401000
1.003623	2531.687004	44.501000
1.003611	2531.397065	44.601000
1.003645	2530.912005	44.701000
1.003694	2530.512311	44.801000
1.003727	2530.135189	44.901000
1.003710	2529.737495	45.001000
1.003685	2529.324372	45.101000
1.003669	2528.961614	45.201000
1.003725	2528.588380	45.301000
1.003711	2528.200282	45.401000
1.003741	2527.797597	45.501000
1.003757	2527.385550	45.601000
1.003768	2527.030051	45.701000
1.003803	2526.652277	45.801000
1.003772	2526.271273	45.901000
1.003811	2525.948408	46.001000
1.003819	2525.537681	46.101000
1.003829	2525.100547	46.201000
1.003819	2524.729540	46.301000
1.003853	2524.390400	46.401000
1.003930	2523.949017	46.501000
1.003962	2523.549865	46.601000
1.003989	2523.176540	46.701000
1.004022	2522.820278	46.801000
1.004031	2522.415389	46.901000
1.004094	2521.970082	47.001000
1.004151	2521.651523	47.101000
1.004144	2521.185208	47.201000
1.004172	2520.856387	47.301000
1.004170	2520.233147	47.401000
1.004192	2519.805778	47.501000
1.004183	2519.437830	47.601000
1.004190	2519.143734	47.701000
1.004217	2518.714496	47.801000
1.004232	2518.532479	47.901000
1.004271	2518.138784	48.001000
1.004334	2517.766495	48.101000
1.004344	2517.368272	48.201000
1.004322	2516.956483	48.301000
1.004366	2516.518959	48.401000
1.004382	2516.187803	48.501000
1.004374	2515.765786	48.601000
1.004391	2515.415939	48.701000
1.004468	2515.035142	48.801000
1.004446	2514.642507	48.901000
1.004401	2514.518781	49.001000
1.004374	2514.431940	49.101000
1.004422	2513.782701	49.201000
1.004434	2513.148063	49.301000
1.004454	2512.782590	49.401000
1.004436	2512.404221	49.501000
1.004421	2512.020056	49.601000
1.004455	2511.616487	49.701000
1.004475	2511.272451	49.801000
1.004489	2510.898961	49.901000
1.004548	2510.540989	50.001000
1.004601	2510.134503	50.101000
1.004643	2509.693161	50.201000
1.004704	2509.319636	50.301000
1.004737	2508.878710	50.401000
1.004748	2508.529751	50.501000
1.004743	2508.136832	50.601000
1.004728	2507.748376	50.701000
1.004734	2507.373538	50.801000
1.004720	2507.007725	50.901000
1.004747	2506.634036	51.001000
1.004804	2506.237795	51.101000
1.004828	2505.854433	51.201000
1.004853	2505.491982	51.301000
1.004884	2505.149663	51.401000
1.004921	2504.677332	51.501000
1.004942	2504.286207	51.601000
1.004961	2503.936288	51.701000
1.004960	2503.596537	51.801000
1.005054	2503.273192	51.901000
1.005124	2502.785516	52.001000
1.005140	2502.460966	52.101000
1.005098	2502.041992	52.201000
1.005132	2501.724705	52.301000
1.005244	2501.231113	52.401000
1.005278	2500.834966	52.501000
1.005253	2500.477925	52.601000
1.005297	2499.870853	52.701000
1.005362	2499.468845	52.801000
1.005358	2499.095701	52.901000
1.005320	2498.839092	53.001000
1.005331	2498.541573	53.101000
1.005381	2498.205929	53.201000
1.005370	2497.812591	53.301000
1.005377	2497.458896	53.401000
1.005381	2497.096656	53.501000
1.005420	2496.656451	53.601000
1.005428	2496.300022	53.701000
1.005436	2495.956716	53.801000
1.005421	2495.564367	53.901000
1.005430	2495.187958	54.001000
1.005436	2494.840176	54.101000
1.005435	2494.408175	54.201000
1.005397	2494.522709	54.301000
1.005388	2494.005313	54.401000
1.005504	2493.390635	54.501000
1.005583	2492.804404	54.601000
1.005590	2492.460017	54.701000
1.005557	2492.355866	54.801000
1.005612	2492.366491	54.901000
1.005648	2491.458386	55.001000
1.005658	2490.972795	55.101000
1.005670	2490.601930	55.201000
1.005682	2490.240901	55.301000
1.005684	2489.840398	55.401000
1.005727	2489.517716	55.501000
1.005844	2489.099777	55.601000
1.005844	2488.677546	55.701000
1.005833	2488.282422	55.801000
1.005859	2487.877596	55.901000
1.005846	2487.504598	56.001000
1.005872	2487.162464	56.101000
1.005848	2486.762313	56.201000
1.005833	2486.378878	56.301000
1.005841	2486.014992	56.401000
1.005800	2485.613539	56.501000
1.005892	2485.273157	56.601000
1.005995	2484.798346	56.701000
1.006005	2484.484081	56.801000
1.006029	2484.040666	56.901000
1.006056	2483.662020	57.001000
1.006054	2483.317910	57.101000
1.006082	2482.930418	57.201000
1.006106	2482.497532	57.301000
1.006080	2482.156554	57.401000
1.006055	2481.799075	57.501000
1.006076	2481.425815	57.601000
1.006259	2480.943365	57.701000
1.006310	2480.489384	57.801000
1.006287	2480.116442	57.901000
1.006310	2479.757688	58.001000
1.006369	2479.338553	58.101000
1.006354	2479.008425	58.201000
1.006317	2478.663820	58.301000
1.006353	2478.191895	58.401000
1.006414	2477.842253	58.501000
1.006390	2477.540433	58.601000
1.006406	2477.134204	58.701000
1.006552	2476.682271	58.801000
1.006569	2476.232253	58.901000
1.006546	2475.869283	59.001000
1.006521	2475.514283	59.101000
1.006521	2475.152255	59.201000
1.006582	2474.781683	59.301000
1.006636	2474.365956	59.401000
1.006644	2474.062413	59.501000
1.006606	2473.876597	59.601000
1.006603	2473.635846	59.701000
1.006644	2473.190671	59.801000
1.006848	2472.460050	59.901000
1.006906	2472.014911	60.001000
1.006923	2471.615415	60.101000
1.006933	2471.019732	60.201000
1.007001	2470.623854	60.301000
1.006994	2470.276765	60.401000
1.006989	2470.152529	60.501000
1.006988	2469.828523	60.601000
1.006965	2469.420893	60.701000
1.006902	2469.071854	60.801000
1.007022	2468.646856	60.901000
1.007152	2468.169476	61.001000
1.007216	2467.766361	61.101000
1.007226	2467.391636	61.201000
1.007180	2467.046497	61.301000
1.007149	2466.620519	61.401000
1.007174	2466.286298	61.501000
1.007235	2465.922018	61.601000
1.007253	2465.544604	61.701000
1.007249	2465.225621	61.801000
1.007288	2464.815958	61.901000
1.007525	2464.339041	62.001000
1.007567	2463.883283	62.101000
1.007526	2463.444988	62.201000
1.007541	2463.159376	62.301000
1.007625	2462.754812	62.401000
1.007677	2462.355842	62.501000
1.007677	2462.056648	62.601000
1.007678	2461.636646	62.701000
1.007629	2461.264569	62.801000
1.007609	2460.901180	62.901000
1.007655	2460.535430	63.001000
1.007814	2460.075671	63.101000
1.007852	2459.658351	63.201000
1.007889	2459.231739	63.301000
1.007950	2458.894632	63.401000
1.007967	2458.583048	63.501000
1.007950	2458.145324	63.601000
1.007972	2457.798917	63.701000
1.007988	2457.403142	63.801000
1.007964	2457.042865	63.901000
1.007984	2456.661618	64.001000
1.008112	2456.286580	64.101000
1.008311	2455.798190	64.201000
1.008340	2455.381801	64.301000
1.008283	2454.993897	64.401000
1.008266	2454.643715	64.501000
1.008307	2454.279201	64.601000
1.008340	2453.891283	64.701000
1.008323	2453.537432	64.801000
1.008300	2453.451387	64.901000
1.008347	2453.263571	65.001000
1.008417	2452.601436	65.101000
1.008542	2451.990152	65.201000
1.008622	2451.395520	65.301000
1.008634	2450.851066	65.401000
1.008664	2450.460767	65.501000
1.008683	2450.141204	65.601000
1.008671	2449.994495	65.701000
1.008689	2449.609458	65.801000
1.008723	2449.235643	65.901000
1.008750	2448.872104	66.001000
