-4.000000E+01,-3.547589E-06,+9.910000E+37,+2.336111E+03,+2.150800E+04,
-3.900000E+01,-3.240611E-06,+9.910000E+37,+2.337169E+03,+2.150800E+04,
-3.800000E+01,-2.938908E-06,+9.910000E+37,+2.338228E+03,+2.150800E+04,
-3.700000E+01,-2.631257E-06,+9.910000E+37,+2.339289E+03,+2.150800E+04,
-3.600000E+01,-2.314305E-06,+9.910000E+37,+2.340348E+03,+2.150800E+04,
-3.500000E+01,-1.982232E-06,+9.910000E+37,+2.341407E+03,+2.150800E+04,
-3.400000E+01,-1.635332E-06,+9.910000E+37,+2.342469E+03,+2.150800E+04,
-3.300000E+01,-1.268166E-06,+9.910000E+37,+2.343528E+03,+2.150800E+04,
-3.200000E+01,-8.846372E-07,+9.910000E+37,+2.345642E+03,+2.150800E+04,
-3.100000E+01,-4.852732E-07,+9.910000E+37,+2.346698E+03,+2.150800E+04,
-3.000000E+01,-7.655470E-08,+9.910000E+37,+2.347759E+03,+2.150800E+04,
-2.900000E+01,+3.328143E-07,+9.910000E+37,+2.348838E+03,+2.150800E+04,
-2.800000E+01,+7.215551E-07,+9.910000E+37,+2.349894E+03,+2.150800E+04,
-2.700000E+01,+1.032010E-06,+9.910000E+37,+2.353068E+03,+2.150800E+04,
-2.600000E+01,+1.358638E-06,+9.910000E+37,+2.354154E+03,+2.150800E+04,
-2.500000E+01,+1.735371E-06,+9.910000E+37,+2.355212E+03,+2.150800E+04,
-2.400000E+01,+2.196659E-06,+9.910000E+37,+2.356272E+03,+2.150800E+04,
-2.300000E+01,+2.737919E-06,+9.910000E+37,+2.357333E+03,+2.150800E+04,
-2.200000E+01,+3.353619E-06,+9.910000E+37,+2.358393E+03,+2.150800E+04,
-2.100000E+01,+4.042278E-06,+9.910000E+37,+2.359453E+03,+2.150800E+04,
-2.000000E+01,+4.802621E-06,+9.910000E+37,+2.360513E+03,+2.150800E+04,
-1.900000E+01,+5.618330E-06,+9.910000E+37,+2.361571E+03,+2.150800E+04,
-1.800000E+01,+6.508675E-06,+9.910000E+37,+2.362632E+03,+2.150800E+04,
-1.700000E+01,+7.449521E-06,+9.910000E+37,+2.363689E+03,+2.150800E+04,
-1.600000E+01,+8.448611E-06,+9.910000E+37,+2.364748E+03,+2.150800E+04,
-1.500000E+01,+9.530482E-06,+9.910000E+37,+2.365830E+03,+2.150800E+04,
-1.400000E+01,+1.080761E-05,+9.910000E+37,+2.368993E+03,+2.150800E+04,
-1.300000E+01,+1.242686E-05,+9.910000E+37,+2.370055E+03,+2.150800E+04,
-1.200000E+01,+1.459070E-05,+9.910000E+37,+2.371118E+03,+2.150800E+04,
-1.100000E+01,+1.744967E-05,+9.910000E+37,+2.372180E+03,+2.150800E+04,
-1.000000E+01,+2.110137E-05,+9.910000E+37,+2.373241E+03,+2.150800E+04,
-9.000000E+00,+2.580852E-05,+9.910000E+37,+2.374300E+03,+2.150800E+04,
-8.000000E+00,+3.225942E-05,+9.910000E+37,+2.375357E+03,+2.150800E+04,
-7.000000E+00,+4.134980E-05,+9.910000E+37,+2.376417E+03,+2.150800E+04,
-6.000000E+00,+5.428246E-05,+9.910000E+37,+2.377497E+03,+2.150800E+04,
-5.000000E+00,+7.148070E-05,+9.910000E+37,+2.378555E+03,+2.150800E+04,
-4.000000E+00,+9.262893E-05,+9.910000E+37,+2.379642E+03,+2.150800E+04,
-3.000000E+00,+1.204356E-04,+9.910000E+37,+2.382802E+03,+2.150800E+04,
-2.000000E+00,+1.494751E-04,+9.910000E+37,+2.383863E+03,+2.150800E+04,
-1.000000E+00,+1.830336E-04,+9.910000E+37,+2.384922E+03,+2.150800E+04,
+0.000000E+00,+2.201168E-04,+9.910000E+37,+2.385981E+03,+2.150800E+04,
+1.000000E+00,+2.598242E-04,+9.910000E+37,+2.387046E+03,+2.150800E+04,
+2.000000E+00,+3.001710E-04,+9.910000E+37,+2.388105E+03,+2.150800E+04,
+3.000000E+00,+3.406138E-04,+9.910000E+37,+2.389167E+03,+2.150800E+04,
+4.000000E+00,+3.808024E-04,+9.910000E+37,+2.390227E+03,+2.150800E+04,
+5.000000E+00,+4.204296E-04,+9.910000E+37,+2.391289E+03,+2.150800E+04,
+6.000000E+00,+4.595248E-04,+9.910000E+37,+2.392349E+03,+2.150800E+04,
+7.000000E+00,+4.974839E-04,+9.910000E+37,+2.393408E+03,+2.150800E+04,
+8.000000E+00,+5.347780E-04,+9.910000E+37,+2.394468E+03,+2.150800E+04,
+9.000000E+00,+5.715804E-04,+9.910000E+37,+2.395550E+03,+2.150800E+04,
+1.000000E+01,+6.084763E-04,+9.910000E+37,+2.396606E+03,+2.150800E+04,
+1.100000E+01,+6.456205E-04,+9.910000E+37,+2.397663E+03,+2.150800E+04,
+1.200000E+01,+6.837005E-04,+9.910000E+37,+2.398722E+03,+2.150800E+04,
+1.300000E+01,+7.228729E-04,+9.910000E+37,+2.399780E+03,+2.150800E+04







current through plasma (-mA) <tab> voltage across plasma (-V) <tab> time (sec)
1.648816	3248.090180	0.001000
1.646916	3247.648907	0.101000
1.646549	3247.243338	0.201000
1.646631	3246.512049	0.301000
1.646646	3245.830970	0.401000
1.646560	3245.166650	0.501000
1.646527	3244.437581	0.601000
1.646549	3243.706446	0.701000
1.646512	3242.956533	0.801000
1.646537	3242.276543	0.901000
1.646546	3241.651560	1.001000
1.646624	3241.090870	1.101000
1.646666	3240.553720	1.201000
1.646610	3239.846119	1.301000
1.646538	3239.263602	1.401000
1.646512	3238.588897	1.501000
1.646595	3237.920091	1.601000
1.646575	3237.282124	1.701000
1.646573	3236.674819	1.801000
1.646547	3236.056509	1.901000
1.646598	3235.403462	2.001000
1.646687	3234.760683	2.101000
1.646640	3234.268214	2.201000
1.646635	3234.117233	2.301000
1.646656	3233.024438	2.401000
1.646666	3232.141193	2.501000
1.646714	3231.498177	2.601000
1.646674	3230.861993	2.701000
1.646648	3230.255139	2.801000
1.646633	3229.593582	2.901000
1.646638	3228.958945	3.001000
1.646624	3228.302452	3.101000
1.646598	3227.661719	3.201000
1.646563	3227.027658	3.301000
1.646493	3226.395963	3.401000
1.646499	3225.711884	3.501000
1.646525	3225.054293	3.601000
1.646600	3224.417326	3.701000
1.646599	3223.749905	3.801000
1.646661	3223.098183	3.901000
1.646700	3222.465757	4.001000
1.646660	3221.873307	4.101000
1.646551	3221.251469	4.201000
1.646466	3220.596345	4.301000
1.646388	3220.007642	4.401000
1.646281	3219.331969	4.501000
1.646190	3218.737906	4.601000
1.646143	3218.034582	4.701000
1.646140	3217.408835	4.801000
1.646141	3216.762459	4.901000
1.646121	3216.148257	5.001000
1.646079	3215.555411	5.101000
1.646063	3214.887855	5.201000
1.646097	3214.281848	5.301000
1.646065	3213.664764	5.401000
1.646033	3213.117811	5.501000
1.645963	3212.464281	5.601000
1.646017	3211.828250	5.701000
1.646134	3211.147104	5.801000
1.646133	3210.545518	5.901000
1.646155	3209.940047	6.001000
1.646158	3209.304379	6.101000
1.646227	3208.646771	6.201000
1.646216	3208.016605	6.301000
1.646151	3207.385344	6.401000
1.646082	3206.833806	6.501000
1.646086	3206.151124	6.601000
1.646050	3205.534631	6.701000
1.646032	3204.889209	6.801000
1.645993	3204.246398	6.901000
1.645936	3203.610352	7.001000
1.645936	3202.979160	7.101000
1.645956	3202.352437	7.201000
1.645950	3201.749198	7.301000
1.645888	3201.168681	7.401000
1.645806	3200.783051	7.501000
1.645807	3200.445652	7.601000
1.645800	3199.575864	7.701000
1.645813	3198.683551	7.801000
1.645731	3198.061126	7.901000
1.645683	3197.479028	8.001000
1.645680	3196.838103	8.101000
1.645666	3196.233066	8.201000
1.645637	3195.637958	8.301000
1.645637	3195.036369	8.401000
1.645721	3194.418964	8.501000
1.645770	3193.833474	8.601000
1.645778	3193.214982	8.701000
1.645728	3192.553988	8.801000
1.645666	3191.953481	8.901000
1.645673	3191.339944	9.001000
1.645651	3190.696037	9.101000
1.645495	3190.121980	9.201000
1.645403	3189.537493	9.301000
1.645389	3188.928021	9.401000
1.645462	3188.283579	9.501000
1.645503	3187.700996	9.601000
1.645542	3187.112636	9.701000
1.645573	3186.476232	9.801000
1.645575	3185.830804	9.901000
1.645616	3185.210289	10.001000
1.645558	3184.597995	10.101000
1.645606	3183.961567	10.201000
1.645560	3183.374599	10.301000
1.645561	3182.694013	10.401000
1.645516	3182.148620	10.501000
1.645477	3181.528680	10.601000
1.645537	3180.912654	10.701000
1.645552	3180.291018	10.801000
1.645576	3179.682801	10.901000
1.645530	3179.070474	11.001000
1.645438	3178.523534	11.101000
1.645392	3178.170995	11.201000
1.645265	3177.494222	11.301000
1.645226	3176.868829	11.401000
1.645228	3176.373943	11.501000
1.645246	3175.640742	11.601000
1.645254	3175.186260	11.701000
1.645169	3174.491649	11.801000
1.645213	3173.482007	11.901000
1.645151	3172.833395	12.001000
1.645170	3172.219705	12.101000
1.645124	3171.651772	12.201000
1.645185	3171.056351	12.301000
1.645208	3170.468821	12.401000
1.645220	3169.846442	12.501000
1.645246	3169.254137	12.601000
1.645236	3168.919142	12.701000
1.645202	3168.938131	12.801000
1.645180	3168.158073	12.901000
1.645145	3167.042397	13.001000
1.645108	3166.188015	13.101000
1.645094	3165.598816	13.201000
1.645176	3165.001400	13.302000
1.645209	3164.848931	13.401000
1.645191	3164.099461	13.501000
1.645201	3163.697402	13.601000
1.645164	3163.110847	13.701000
1.645133	3162.481404	13.801000
1.645151	3161.888628	13.901000
1.645114	3161.312570	14.001000
1.645078	3160.609945	14.101000
1.645058	3160.048774	14.201000
1.645021	3159.521173	14.301000
1.645001	3158.929723	14.401000
1.644968	3158.289077	14.501000
1.644964	3157.744604	14.601000
1.644920	3157.185507	14.701000
1.644924	3156.561191	14.801000
1.644906	3155.934503	14.901000
1.644861	3155.214466	15.001000
1.644825	3154.404165	15.101000
1.644715	3153.785579	15.201000
1.644619	3153.207279	15.301000
1.644520	3152.621226	15.401000
1.644477	3152.018439	15.501000
1.644471	3151.451129	15.601000
1.644468	3151.224299	15.701000
1.644532	3150.454436	15.801000
1.644561	3149.652973	15.901000
1.644640	3149.065469	16.001000
1.644734	3148.499261	16.101000
1.644749	3147.907393	16.201000
1.644731	3147.304148	16.301000
1.644714	3146.713722	16.401000
1.644734	3146.453103	16.501000
1.644741	3145.711203	16.601000
1.644787	3144.936429	16.701000
1.644923	3144.328219	16.801000
1.645061	3143.726668	16.901000
1.645120	3143.153925	17.001000
1.645146	3142.821009	17.101000
1.645159	3142.022235	17.201000
1.645115	3141.454337	17.301000
1.645066	3140.864421	17.401000
1.644967	3140.305875	17.501000
1.644990	3139.695518	17.601000
1.644981	3139.140690	17.701000
1.644985	3138.580734	17.801000
1.644951	3137.986069	17.901000
1.644885	3137.969409	18.001000
1.644816	3137.448696	18.101000
1.644767	3136.526357	18.201000
1.644795	3135.695460	18.301000
1.644836	3135.099170	18.401000
1.644870	3134.492392	18.501000
1.644961	3133.921331	18.601000
1.644951	3133.358306	18.701000
1.645008	3132.782031	18.801000
1.645028	3132.222230	18.901000
1.644999	3131.622669	19.001000
1.644988	3131.059633	19.101000
1.645022	3130.450283	19.201000
1.645021	3129.934479	19.301000
1.645101	3129.317943	19.401000
1.645084	3128.750159	19.501000
1.645047	3128.151221	19.601000
1.644995	3127.578969	19.701000
1.644971	3127.004912	19.801000
1.644995	3126.401174	19.901000
1.644919	3125.858908	20.001000
1.644816	3125.274680	20.101000
1.644744	3124.670558	20.201000
1.644647	3124.134040	20.301000
1.644559	3123.617073	20.401000
1.644484	3122.987682	20.501000
1.644427	3122.405917	20.601000
1.644315	3121.848196	20.701000
1.644263	3121.268324	20.801000
1.644199	3120.688287	20.901000
1.644157	3120.106071	21.001000
1.644128	3119.561138	21.101000
1.644084	3118.964725	21.201000
1.644016	3118.419979	21.301000
1.643998	3117.867328	21.401000
1.644001	3117.312256	21.501000
1.643886	3116.698446	21.601000
1.643833	3116.099770	21.701000
1.643767	3115.521854	21.801000
1.643669	3114.967335	21.901000
1.643660	3114.389654	22.001000
1.643688	3113.806965	22.101000
1.643713	3113.225247	22.201000
1.643773	3112.665585	22.301000
1.643792	3112.098626	22.401000
1.643767	3111.564066	22.501000
1.643762	3110.969638	22.601000
1.643732	3110.356934	22.701000
1.643692	3109.787680	22.801000
1.643617	3109.257335	22.901000
1.643628	3108.703148	23.001000
1.643592	3108.129018	23.101000
1.643513	3107.971966	23.201000
1.643492	3107.655516	23.301000
1.643476	3106.764053	23.401000
1.643360	3105.930950	23.501000
1.643291	3105.438701	23.601000
1.643256	3104.847836	23.701000
1.643349	3104.254160	23.801000
1.643435	3103.697005	23.901000
1.643434	3103.143788	24.001000
1.643465	3102.577327	24.101000
1.643468	3102.008210	24.201000
1.643509	3101.422349	24.301000
1.643535	3100.868779	24.401000
1.643571	3100.342521	24.501000
1.643682	3099.772667	24.601000
1.643722	3099.243331	24.701000
1.643717	3098.624973	24.801000
1.643794	3098.049955	24.901000
1.643822	3097.491025	25.001000
1.643816	3096.927591	25.101000
1.643789	3096.369035	25.201000
1.643698	3095.785888	25.301000
1.643659	3095.214771	25.401000
1.643587	3094.681648	25.501000
1.643569	3094.142900	25.601000
1.643621	3093.612720	25.701000
1.643600	3093.050321	25.801000
1.643633	3092.451410	25.901000
1.643613	3091.893373	26.001000
1.643503	3091.370725	26.101000
1.643424	3090.806421	26.201000
1.643420	3090.244195	26.301000
1.643370	3089.695925	26.401000
1.643254	3089.141638	26.501000
1.643109	3088.592368	26.601000
1.642995	3088.025755	26.701000
1.642801	3087.501569	26.801000
1.642632	3086.875766	26.901000
1.642451	3086.283908	27.001000
1.642190	3085.751357	27.101000
1.641934	3085.189471	27.201000
1.641643	3084.612443	27.301000
1.641038	3084.015532	27.401000
1.639947	3083.399943	27.501000
1.639299	3082.843414	27.601000
1.639373	3082.324602	27.701000
1.639900	3081.793085	27.801000
1.640539	3081.292281	27.901000
1.641172	3080.727247	28.001000
1.641714	3080.214061	28.101000
1.642181	3079.708504	28.201000
1.642628	3079.534221	28.301000
1.642975	3079.281558	28.401000
1.643207	3078.853600	28.501000
1.643371	3078.058220	28.601000
1.643579	3077.090399	28.701000
1.643694	3076.512414	28.801000
1.643788	3075.996177	28.901000
1.643897	3075.433750	29.001000
1.643943	3074.860959	29.101000
1.643993	3074.309943	29.201000
1.644022	3073.796785	29.301000
1.644044	3073.268299	29.401000
1.644089	3072.715023	29.501000
1.644194	3072.150266	29.601000
1.644226	3071.604993	29.701000
1.644280	3071.068857	29.801000
1.644343	3070.548469	29.901000
1.644415	3070.040912	30.001000
1.644442	3069.460519	30.101000
1.644490	3068.889724	30.201000
1.644520	3068.363840	30.301000
1.644609	3067.795972	30.401000
1.644790	3067.236700	30.501000
1.644896	3066.683898	30.601000
1.644991	3066.135318	30.701000
1.645112	3065.574776	30.801000
1.645152	3065.058285	30.901000
1.645184	3064.548533	31.001000
1.645218	3064.078663	31.101000
1.645214	3063.481427	31.201000
1.645262	3062.936193	31.301000
1.645381	3062.412130	31.401000
1.645647	3061.894081	31.501000
1.646085	3061.364744	31.601000
1.646514	3060.852749	31.701000
1.646886	3060.338778	31.801000
1.647242	3059.815494	31.901000
1.647553	3059.304488	32.001000
1.647820	3058.886973	32.101000
1.648092	3058.349708	32.201000
1.648387	3057.772566	32.301000
1.648697	3057.226862	32.401000
1.648982	3056.687262	32.501000
1.649198	3056.174644	32.601000
1.649345	3055.671351	32.701000
1.649564	3055.120915	32.801000
1.649760	3054.565441	32.901000
1.649895	3054.047536	33.001000
1.650072	3053.540752	33.101000
1.650185	3052.978671	33.201000
1.650306	3052.443664	33.301000
1.650388	3051.912167	33.401000
1.650436	3051.367626	33.501000
1.650491	3050.812523	33.601000
1.650520	3050.801224	33.701000
1.650529	3050.391093	33.801000
1.650560	3049.500558	33.901000
1.650633	3048.709967	34.001000
1.650719	3048.178419	34.101000
1.650766	3047.655091	34.201000
1.650804	3047.163945	34.301000
1.650879	3046.640254	34.401000
1.650930	3046.099078	34.501000
1.651026	3045.580234	34.601000
1.651114	3045.053181	34.701000
1.651159	3044.507774	34.801000
1.651157	3043.983274	34.901000
1.651262	3043.409761	35.001000
1.651348	3042.895791	35.101000
1.651492	3042.330190	35.201000
1.651725	3041.839688	35.301000
1.651895	3041.275298	35.401000
1.651978	3040.755648	35.501000
1.652080	3040.243800	35.601000
1.652220	3039.722672	35.701000
1.652282	3039.162419	35.801000
1.652341	3038.652369	35.901000
1.652442	3038.122338	36.001000
1.652483	3037.610133	36.101000
1.652516	3037.076103	36.202000
1.652544	3036.563359	36.301000
1.652626	3036.083711	36.401000
1.652678	3035.536499	36.501000
1.652695	3035.073158	36.601000
1.652722	3034.565754	36.701000
1.652794	3034.040526	36.801000
1.652865	3033.510449	36.901000
1.652906	3032.999890	37.001000
1.652894	3032.521618	37.101000
1.652924	3032.000228	37.201000
1.652995	3032.007757	37.301000
1.653053	3031.617128	37.401000
1.653075	3030.460099	37.501000
1.653070	3029.881632	37.601000
1.653111	3029.390467	37.701000
1.653216	3028.822158	37.801000
1.653304	3028.272042	37.901000
1.653353	3027.721946	38.001000
1.653466	3027.182972	38.101000
1.653496	3026.640842	38.201000
1.653512	3026.100800	38.301000
1.653583	3025.552333	38.401000
1.653596	3025.066435	38.501000
1.653549	3024.513798	38.601000
1.653541	3023.975013	38.701000
1.653438	3023.500293	38.801000
1.653413	3023.114125	38.901000
1.653428	3023.198125	39.001000
1.653440	3022.368051	39.101000
1.653457	3021.408167	39.201000
1.653489	3020.875293	39.301000
1.653447	3020.385551	39.401000
1.653475	3019.875308	39.501000
1.653520	3019.395922	39.601000
1.653474	3018.827020	39.701000
1.653464	3018.299886	39.801000
1.653476	3017.785579	39.901000
1.653473	3017.270621	40.001000
1.653617	3016.732122	40.101000
1.653708	3016.206275	40.201000
1.653732	3015.713717	40.301000
1.653769	3015.136731	40.401000
1.653729	3014.640048	40.501000
1.653715	3014.160490	40.601000
1.653790	3013.659755	40.701000
1.653864	3013.096678	40.801000
1.653926	3012.550624	40.901000
1.653863	3012.059152	41.001000
1.653841	3011.585142	41.101000
1.653845	3011.093596	41.201000
1.653884	3010.587379	41.301000
1.653834	3010.074171	41.401000
1.653810	3009.558843	41.501000
1.653820	3009.051143	41.601000
1.653785	3008.607676	41.701000
1.653794	3008.037169	41.801000
1.653814	3007.514850	41.901000
1.653824	3007.010507	42.001000
1.653859	3006.497535	42.101000
1.653856	3005.985170	42.201000
1.653825	3005.493446	42.301000
1.653821	3005.014691	42.401000
1.653936	3004.476915	42.501000
1.653932	3003.969650	42.601000
1.653950	3003.443077	42.701000
1.653980	3002.991294	42.801000
1.654022	3002.389751	42.901000
1.654076	3001.865064	43.001000
1.654134	3001.361863	43.101000
1.654120	3000.837482	43.201000
1.654125	3000.327157	43.301000
1.654143	2999.830140	43.401000
1.654106	2999.329659	43.501000
1.654126	2998.807683	43.601000
1.654131	2998.304683	43.701000
1.654124	2997.795960	43.801000
1.654105	2997.311339	43.901000
1.654072	2996.786072	44.001000
1.654019	2996.295599	44.101000
1.653991	2996.403449	44.201000
1.653943	2995.832233	44.301000
1.653893	2994.904080	44.401000
1.653915	2994.258406	44.501000
1.653920	2993.750145	44.601000
1.653903	2993.260795	44.701000
1.653970	2992.777491	44.801000
1.654076	2992.282990	44.901000
1.654118	2991.755559	45.001000
1.654135	2991.234140	45.101000
1.654154	2990.743314	45.201000
1.654169	2990.242477	45.301000
1.654177	2989.722965	45.401000
1.654184	2989.230966	45.501000
1.654104	2988.695589	45.601000
1.654103	2988.189598	45.701000
1.654055	2987.699236	45.801000
1.654035	2987.194130	45.901000
1.654016	2986.747849	46.001000
1.653991	2986.207348	46.101000
1.653982	2985.664548	46.201000
1.653941	2985.172995	46.301000
1.653842	2984.699074	46.401000
1.653799	2984.179439	46.501000
1.653785	2983.674741	46.601000
1.653688	2983.180505	46.701000
1.653603	2982.679730	46.801000
1.653522	2982.183634	46.901000
1.653448	2981.660396	47.001000
1.653439	2981.176638	47.101000
1.653387	2980.658119	47.201000
1.653370	2980.153126	47.301000
1.653404	2979.641586	47.401000
1.653377	2979.147325	47.501000
1.653353	2978.661385	47.601000
1.653380	2978.169563	47.701000
1.653419	2977.647229	47.801000
1.653402	2977.156417	47.901000
1.653417	2976.647072	48.001000
1.653381	2976.177361	48.101000
1.653367	2975.656362	48.201000
1.653371	2975.147831	48.301000
1.653372	2974.667251	48.401000
1.653421	2974.150441	48.501000
1.653424	2973.641189	48.601000
1.653362	2973.162945	48.701000
1.653317	2972.647970	48.801000
1.653322	2972.137880	48.901000
1.653327	2971.647647	49.001000
1.653280	2971.152863	49.101000
1.653336	2970.710004	49.201000
1.653405	2970.157854	49.301000
1.653438	2969.937392	49.401000
1.653444	2969.876647	49.501000
1.653468	2969.128883	49.601000
1.653572	2968.204503	49.701000
1.653598	2967.725762	49.801000
1.653589	2967.230027	49.901000
1.653593	2966.707765	50.001000
1.653634	2966.203887	50.101000
1.653676	2965.719459	50.201000
1.653722	2965.210958	50.301000
1.653746	2964.685141	50.401000
1.653748	2964.212327	50.501000
1.653800	2963.731426	50.601000
1.653858	2963.222176	50.701000
1.653902	2962.737704	50.801000
1.653921	2962.217237	50.901000
1.653972	2961.717521	51.001000
1.653884	2961.249949	51.101000
1.653773	2960.777583	51.201000
1.653752	2960.312622	51.301000
1.653758	2959.771812	51.401000
1.653727	2959.279192	51.501000
1.653699	2958.779818	51.601000
1.653643	2958.302467	51.701000
1.653643	2957.807879	51.801000
1.653719	2957.313941	51.901000
1.653695	2956.836370	52.001000
1.653673	2956.360868	52.101000
1.653664	2955.846626	52.201000
1.653641	2955.355015	52.301000
1.653639	2954.907109	52.401000
1.653651	2954.354790	52.501000
1.653663	2953.852822	52.601000
1.653677	2953.348859	52.701000
1.653643	2952.877805	52.801000
1.653604	2952.408600	52.901000
1.653566	2951.927272	53.001000
1.653664	2951.398202	53.101000
1.653675	2950.919298	53.201000
1.653668	2950.421103	53.301000
1.653694	2949.933926	53.401000
1.653729	2949.425973	53.501000
1.653769	2948.910020	53.601000
1.653816	2948.420096	53.701000
1.653834	2947.917132	53.801000
1.653833	2947.429866	53.901000
1.653787	2946.943552	54.001000
1.653765	2946.493827	54.101000
1.653754	2946.027754	54.201000
1.653820	2945.539543	54.301000
1.653868	2945.067052	54.401000
1.653928	2944.611981	54.501000
1.653967	2944.074381	54.601000
1.653988	2944.292558	54.701000
1.653896	2943.632094	54.801000
1.653861	2942.713910	54.901000
1.653878	2942.118318	55.001000
1.653879	2941.624325	55.101000
1.653880	2941.143587	55.201000
1.653876	2940.683620	55.301000
1.653858	2940.219310	55.401000
1.653907	2939.721988	55.501000
1.654079	2939.216805	55.601000
1.654157	2938.663697	55.701000
1.654170	2938.185206	55.801000
1.654192	2937.691111	55.901000
1.654189	2937.250958	56.001000
1.654237	2936.801546	56.101000
1.654334	2936.282174	56.201000
1.654298	2935.813504	56.301000
1.654250	2935.345775	56.401000
1.654243	2934.890289	56.501000
1.654269	2934.410691	56.601000
1.654333	2933.908988	56.701000
1.654347	2933.386256	56.801000
1.654395	2932.923080	56.901000
1.654410	2932.426204	57.001000
1.654430	2931.948244	57.101000
1.654476	2931.481649	57.201000
1.654490	2931.019773	57.301000
1.654574	2930.524062	57.401000
1.654655	2930.042311	57.501000
1.654725	2929.563540	57.601000
1.654834	2929.095959	57.701000
1.654856	2928.586131	57.801000
1.654958	2928.084608	57.901000
1.655010	2927.614412	58.001000
1.655069	2927.149893	58.101000
1.655156	2926.660979	58.201000
1.655235	2926.172401	58.301000
1.655282	2926.092075	58.401000
1.655260	2925.812819	58.501000
1.655287	2925.238491	58.601000
1.655312	2924.753102	58.701000
1.655399	2924.266292	58.801000
1.655422	2923.714143	58.902000
1.655483	2923.241627	59.001000
1.655457	2922.868206	59.101000
1.655373	2922.353328	59.201000
1.655326	2921.873330	59.301000
1.655315	2921.411832	59.401000
1.655340	2920.934979	59.501000
1.655422	2920.421289	59.601000
1.655438	2919.969487	59.701000
1.655534	2919.534233	59.801000
1.655635	2919.295849	59.901000
1.655653	2918.822866	60.001000
1.655662	2918.117445	60.101000
1.655691	2917.497159	60.201000
1.655688	2917.048899	60.301000
1.655706	2916.631510	60.401000
1.655743	2916.170578	60.501000
1.655740	2915.710410	60.601000
1.655739	2915.226626	60.701000
1.655794	2914.731070	60.801000
1.655920	2914.214356	60.901000
1.655940	2913.710602	61.001000
1.655872	2913.240304	61.101000
1.655857	2912.781990	61.201000
1.655827	2912.299997	61.301000
1.655801	2911.870487	61.401000
1.655793	2911.389636	61.501000
1.655803	2910.925589	61.601000
1.655816	2910.490355	61.701000
1.655796	2910.038209	61.801000
1.655817	2909.578255	61.901000
1.655969	2909.063290	62.001000
1.656038	2908.443795	62.101000
1.656112	2908.161047	62.201000
1.656153	2908.162866	62.301000
1.656145	2907.068381	62.401000
1.656129	2906.593345	62.501000
1.656094	2906.336749	62.601000
1.656097	2905.581606	62.701000
1.656120	2905.294710	62.801000
1.656157	2904.671758	62.901000
1.656215	2904.147765	63.001000
1.656298	2903.628088	63.101000
1.656302	2902.990120	63.201000
1.656261	2902.623772	63.301000
1.656247	2902.228901	63.401000
1.656277	2901.811858	63.501000
1.656300	2901.381532	63.601000
1.656280	2900.882022	63.701000
1.656276	2900.308253	63.801000
1.656329	2899.941059	63.901000
1.656368	2899.388045	64.001000
1.656497	2898.902234	64.101000
1.656559	2898.373114	64.201000
1.656592	2897.998881	64.301000
1.656596	2897.507038	64.401000
1.656600	2897.338839	64.501000
1.656585	2896.843811	64.601000
1.656619	2896.432660	64.701000
1.656722	2895.699408	64.801000
1.656780	2895.107523	64.901000
1.656859	2894.665157	65.001000
1.656953	2894.365132	65.101000
1.657208	2894.033836	65.201000
1.657178	2893.422707	65.301000
1.657096	2892.734909	65.401000
1.657091	2892.199476	65.501000
1.657082	2891.739915	65.601000
1.657037	2891.200565	65.701000
1.657010	2890.859930	65.801000
1.656956	2890.398825	65.901000
1.656874	2889.943490	66.001000
