-4.000000E+01,+2.345045E-07,+9.910000E+37,+6.675124E+03,+2.150800E+04,
-3.900000E+01,+5.089955E-07,+9.910000E+37,+6.676186E+03,+2.150800E+04,
-3.800000E+01,+7.766421E-07,+9.910000E+37,+6.677246E+03,+2.150800E+04,
-3.700000E+01,+1.042284E-06,+9.910000E+37,+6.678298E+03,+2.150800E+04,
-3.600000E+01,+1.291257E-06,+9.910000E+37,+6.681458E+03,+2.150800E+04,
-3.500000E+01,+1.526459E-06,+9.910000E+37,+6.682549E+03,+2.150800E+04,
-3.400000E+01,+1.756746E-06,+9.910000E+37,+6.683612E+03,+2.150800E+04,
-3.300000E+01,+2.006291E-06,+9.910000E+37,+6.684671E+03,+2.150800E+04,
-3.200000E+01,+2.284907E-06,+9.910000E+37,+6.685750E+03,+2.150800E+04,
-3.100000E+01,+2.596805E-06,+9.910000E+37,+6.686811E+03,+2.150800E+04,
-3.000000E+01,+2.938801E-06,+9.910000E+37,+6.687869E+03,+2.150800E+04,
-2.900000E+01,+3.310966E-06,+9.910000E+37,+6.688928E+03,+2.150800E+04,
-2.800000E+01,+3.710130E-06,+9.910000E+37,+6.689987E+03,+2.150800E+04,
-2.700000E+01,+4.139013E-06,+9.910000E+37,+6.691047E+03,+2.150800E+04,
-2.600000E+01,+4.605924E-06,+9.910000E+37,+6.692104E+03,+2.150800E+04,
-2.500000E+01,+5.149886E-06,+9.910000E+37,+6.693165E+03,+2.150800E+04,
-2.400000E+01,+5.853140E-06,+9.910000E+37,+6.694226E+03,+2.150800E+04,
-2.300000E+01,+6.828131E-06,+9.910000E+37,+6.695286E+03,+2.150800E+04,
-2.200000E+01,+8.195172E-06,+9.910000E+37,+6.696374E+03,+2.150800E+04,
-2.100000E+01,+1.009918E-05,+9.910000E+37,+6.697425E+03,+2.150800E+04,
-2.000000E+01,+1.256893E-05,+9.910000E+37,+6.700601E+03,+2.150800E+04,
-1.900000E+01,+1.585914E-05,+9.910000E+37,+6.701660E+03,+2.150800E+04,
-1.800000E+01,+2.004217E-05,+9.910000E+37,+6.702744E+03,+2.150800E+04,
-1.700000E+01,+2.519303E-05,+9.910000E+37,+6.703802E+03,+2.150800E+04,
-1.600000E+01,+3.203766E-05,+9.910000E+37,+6.704859E+03,+2.150800E+04,
-1.500000E+01,+4.142618E-05,+9.910000E+37,+6.705919E+03,+2.150800E+04,
-1.400000E+01,+5.330556E-05,+9.910000E+37,+6.707002E+03,+2.150800E+04,
-1.300000E+01,+6.713143E-05,+9.910000E+37,+6.708062E+03,+2.150800E+04,
-1.200000E+01,+8.248661E-05,+9.910000E+37,+6.709124E+03,+2.150800E+04,
-1.100000E+01,+9.905282E-05,+9.910000E+37,+6.710181E+03,+2.150800E+04,
-1.000000E+01,+1.042219E-04,+9.910000E+37,+6.713343E+03,+2.150800E+04,
-9.000000E+00,+1.354124E-04,+9.910000E+37,+6.714402E+03,+2.150800E+04,
-8.000000E+00,+1.434595E-04,+9.910000E+37,+6.715462E+03,+2.150800E+04,
-7.000000E+00,+1.758948E-04,+9.910000E+37,+6.716521E+03,+2.150800E+04,
-6.000000E+00,+1.854659E-04,+9.910000E+37,+6.717580E+03,+2.150800E+04,
-5.000000E+00,+2.143753E-04,+9.910000E+37,+6.718643E+03,+2.150800E+04,
-4.000000E+00,+2.455967E-04,+9.910000E+37,+6.719729E+03,+2.150800E+04,
-3.000000E+00,+2.391067E-04,+9.910000E+37,+6.720788E+03,+2.150800E+04,
-2.000000E+00,+2.552962E-04,+9.910000E+37,+6.721847E+03,+2.150800E+04,
-1.000000E+00,+2.788824E-04,+9.910000E+37,+6.722903E+03,+2.150800E+04,
+0.000000E+00,+2.983359E-04,+9.910000E+37,+6.723964E+03,+2.150800E+04,
+1.000000E+00,+3.140425E-04,+9.910000E+37,+6.725031E+03,+2.150800E+04,
+2.000000E+00,+3.248311E-04,+9.910000E+37,+6.726117E+03,+2.150800E+04,
+3.000000E+00,+4.917154E-04,+9.910000E+37,+6.727178E+03,+2.150800E+04,
+4.000000E+00,+5.121640E-04,+9.910000E+37,+6.728240E+03,+2.150800E+04,
+5.000000E+00,+6.034935E-04,+9.910000E+37,+6.729301E+03,+2.150800E+04,
+6.000000E+00,+6.663435E-04,+9.910000E+37,+6.730364E+03,+2.150800E+04,
+7.000000E+00,+7.332533E-04,+9.910000E+37,+6.731425E+03,+2.150800E+04,
+8.000000E+00,+8.034896E-04,+9.910000E+37,+6.732483E+03,+2.150800E+04,
+9.000000E+00,+8.751262E-04,+9.910000E+37,+6.733541E+03,+2.150800E+04,
+1.000000E+01,+9.471108E-04,+9.910000E+37,+6.734602E+03,+2.150800E+04,
+1.100000E+01,+1.017448E-03,+9.910000E+37,+6.735688E+03,+2.150800E+04,
+1.200000E+01,+1.085850E-03,+9.910000E+37,+6.737797E+03,+2.150800E+04,
+1.300000E+01,+1.150281E-03,+9.910000E+37,+6.738857E+03,+2.150800E+04







current through plasma (-mA) <tab> voltage across plasma (-V) <tab> time (sec)
1.831459	3571.430425	0.001000
1.830795	3570.784428	0.101000
1.832060	3569.133026	0.201000
1.831544	3568.862998	0.301000
1.831242	3568.425325	0.401000
1.830999	3567.882869	0.501000
1.830846	3567.287907	0.601000
1.830683	3566.702628	0.701000
1.830683	3566.024062	0.801000
1.830573	3565.448835	0.901000
1.830587	3564.732690	1.001000
1.830621	3564.094359	1.101000
1.830657	3563.380081	1.201000
1.830649	3562.774193	1.301000
1.830636	3562.113275	1.401000
1.830597	3561.491633	1.501000
1.830589	3560.823516	1.601000
1.830594	3560.190426	1.701000
1.830516	3559.575590	1.801000
1.830470	3558.910255	1.901000
1.830451	3558.258663	2.001000
1.830527	3557.595741	2.101000
1.830584	3556.956234	2.201000
1.830496	3556.387519	2.301000
1.830510	3555.687934	2.401000
1.830516	3555.035823	2.501000
1.830558	3554.373067	2.601000
1.830480	3553.731123	2.701000
1.830460	3553.094694	2.801000
1.830449	3552.437796	2.901000
1.830450	3551.808368	3.001000
1.830459	3551.159142	3.101000
1.830355	3550.557441	3.201000
1.830318	3549.931071	3.301000
1.830369	3549.262717	3.401000
1.830459	3548.558891	3.501000
1.830484	3548.470275	3.601000
1.830523	3547.795393	3.701000
1.830546	3546.809753	3.801000
1.830520	3545.971462	3.901000
1.830490	3545.337836	4.001000
1.830369	3544.737639	4.101000
1.830367	3544.102113	4.201000
1.830318	3543.463919	4.301000
1.830329	3542.856766	4.401000
1.830316	3542.149172	4.501000
1.830319	3541.509816	4.601000
1.830350	3540.853977	4.702000
1.830399	3540.188854	4.801000
1.830410	3539.547441	4.901000
1.830416	3538.916914	5.002000
1.830382	3538.310755	5.101000
1.830362	3537.657562	5.201000
1.830364	3537.028404	5.301000
1.830307	3536.414082	5.401000
1.830231	3535.846933	5.501000
1.830176	3535.173839	5.601000
1.830167	3534.487742	5.701000
1.830200	3533.850354	5.801000
1.830215	3533.202385	5.901000
1.830156	3532.599153	6.001000
1.830114	3531.974956	6.101000
1.830065	3531.339198	6.201000
1.830074	3530.697850	6.301000
1.830003	3530.083054	6.401000
1.829969	3529.476344	6.501000
1.829972	3528.855590	6.601000
1.830062	3528.203229	6.701000
1.830116	3527.543831	6.801000
1.830064	3526.932759	6.901000
1.830067	3526.290056	7.001000
1.830079	3525.643790	7.101000
1.830138	3524.972077	7.201000
1.830077	3524.348131	7.301000
1.830137	3523.714172	7.401000
1.830194	3523.067463	7.501000
1.830176	3522.464084	7.601000
1.830243	3521.823864	7.701000
1.830205	3521.230559	7.801000
1.830189	3520.598903	7.901000
1.830190	3519.958214	8.001000
1.830215	3519.312497	8.101000
1.830256	3518.640408	8.201000
1.830255	3518.030443	8.301000
1.830207	3517.427391	8.401000
1.830193	3516.768934	8.501000
1.830186	3516.156545	8.601000
1.830195	3515.536567	8.701000
1.830145	3515.227136	8.801000
1.830125	3514.896320	8.901000
1.830163	3514.012156	9.001000
1.830192	3513.004258	9.101000
1.830220	3512.361746	9.201000
1.830273	3511.724660	9.301000
1.830292	3511.076561	9.401000
1.830328	3510.446404	9.501000
1.830290	3509.828432	9.601000
1.830206	3509.265720	9.701000
1.830118	3508.650319	9.801000
1.830066	3508.019626	9.901000
1.830102	3507.389152	10.001000
1.830140	3506.770188	10.101000
1.830155	3506.145056	10.201000
1.830181	3505.502077	10.301000
1.830248	3504.845659	10.401000
1.830276	3504.195759	10.501000
1.830206	3503.573608	10.601000
1.830148	3502.981484	10.701000
1.830115	3502.406006	10.801000
1.830138	3501.717251	10.901000
1.830156	3501.105960	11.001000
1.830077	3500.525055	11.101000
1.830092	3499.874694	11.201000
1.830085	3499.238892	11.301000
1.830089	3498.635767	11.401000
1.830181	3497.963984	11.501000
1.830188	3497.364526	11.601000
1.830218	3496.744213	11.701000
1.830232	3496.130944	11.801000
1.830277	3495.525859	11.901000
1.830307	3494.834946	12.001000
1.830218	3494.251750	12.101000
1.830153	3493.646830	12.201000
1.830153	3493.012250	12.301000
1.830198	3492.398845	12.401000
1.830210	3491.804471	12.501000
1.830234	3491.190281	12.601000
1.830275	3490.520232	12.701000
1.830293	3489.890359	12.801000
1.830370	3489.269349	12.902000
1.830384	3488.665736	13.001000
1.830331	3488.037842	13.101000
1.830278	3487.422433	13.201000
1.830264	3486.812090	13.301000
1.830257	3486.213259	13.401000
1.830178	3485.640797	13.501000
1.830065	3485.091227	13.601000
1.830019	3484.454740	13.701000
1.830077	3483.835097	13.801000
1.830207	3483.180347	13.901000
1.830237	3482.783166	14.001000
1.830268	3482.577140	14.101000
1.830334	3481.752607	14.201000
1.830395	3480.683767	14.301000
1.830355	3480.057138	14.401000
1.830225	3479.493859	14.501000
1.830165	3478.896305	14.601000
1.830150	3478.299887	14.701000
1.830220	3477.691010	14.801000
1.830316	3477.054283	14.901000
1.830353	3476.457282	15.001000
1.830367	3475.869469	15.101000
1.830422	3475.190169	15.201000
1.830536	3474.549344	15.301000
1.830553	3473.949848	15.401000
1.830446	3473.371017	15.501000
1.830418	3472.759032	15.601000
1.830386	3472.164685	15.701000
1.830339	3471.565666	15.801000
1.830289	3470.974510	15.901000
1.830319	3470.399981	16.001000
1.830331	3469.802369	16.101000
1.830371	3469.160611	16.201000
1.830420	3468.508002	16.301000
1.830491	3467.877823	16.401000
1.830450	3467.266370	16.501000
1.830439	3466.654806	16.601000
1.830445	3466.056690	16.701000
1.830466	3465.433050	16.801000
1.830368	3464.861655	16.901000
1.830298	3464.295539	17.001000
1.830325	3463.695181	17.101000
1.830355	3463.125628	17.201000
1.830335	3462.473142	17.301000
1.830281	3461.872167	17.401000
1.830292	3461.266322	17.501000
1.830319	3460.641402	17.601000
1.830352	3460.037591	17.701000
1.830381	3459.429117	17.801000
1.830337	3458.856614	17.901000
1.830317	3458.298234	18.001000
1.830270	3457.724870	18.101000
1.830327	3457.108760	18.201000
1.830353	3456.556656	18.301000
1.830268	3455.921008	18.401000
1.830282	3455.284058	18.508000
1.830288	3455.392268	18.601000
1.830366	3454.555583	18.701000
1.830508	3453.473636	18.801000
1.830461	3452.853392	18.901000
1.830411	3452.245059	19.001000
1.830361	3451.637691	19.101000
1.830350	3451.052578	19.201000
1.830299	3451.140268	19.301000
1.830293	3450.448341	19.401000
1.830217	3449.467250	19.501000
1.830261	3448.737901	19.601000
1.830345	3448.124856	19.701000
1.830394	3447.512817	19.801000
1.830400	3446.901648	19.901000
1.830454	3446.267296	20.001000
1.830513	3445.665605	20.101000
1.830555	3445.054143	20.201000
1.830541	3444.466237	20.301000
1.830417	3443.960662	20.401000
1.830333	3443.337205	20.501000
1.830295	3442.798822	20.601000
1.830354	3442.182588	20.701000
1.830401	3441.574459	20.801000
1.830459	3440.981758	20.901000
1.830568	3440.372646	21.001000
1.830627	3439.761780	21.101000
1.830672	3439.151121	21.201000
1.830657	3438.531746	21.301000
1.830513	3438.010124	21.401000
1.830446	3437.485091	21.501000
1.830481	3436.843212	21.601000
1.830489	3436.267335	21.701000
1.830454	3435.663391	21.801000
1.830403	3435.108273	21.901000
1.830420	3434.527089	22.001000
1.830436	3433.925817	22.101000
1.830462	3433.323630	22.201000
1.830425	3432.716179	22.301000
1.830445	3432.118713	22.401000
1.830444	3431.539854	22.501000
1.830401	3430.958123	22.601000
1.830470	3430.343194	22.701000
1.830529	3429.740155	22.802000
1.830457	3429.178832	22.901000
1.830442	3428.609285	23.001000
1.830464	3428.024289	23.101000
1.830479	3427.429875	23.201000
1.830480	3426.841682	23.301000
1.830452	3426.288630	23.401000
1.830533	3425.701621	23.501000
1.830556	3425.117686	23.601000
1.830526	3424.538103	23.701000
1.830525	3423.917885	23.801000
1.830521	3423.324153	23.901000
1.830546	3422.749375	24.001000
1.830469	3422.211079	24.101000
1.830459	3421.620683	24.201000
1.830486	3421.009889	24.301000
1.830432	3420.423875	24.401000
1.830398	3420.204179	24.501000
1.830413	3419.856182	24.601000
1.830470	3419.040827	24.701000
1.830626	3418.051127	24.801000
1.830578	3417.468742	24.901000
1.830563	3416.879220	25.001000
1.830514	3416.287817	25.101000
1.830490	3415.726638	25.201000
1.830457	3415.145602	25.301000
1.830353	3414.601778	25.401000
1.830278	3414.057807	25.501000
1.830198	3413.498117	25.601000
1.830220	3412.909808	25.701000
1.830257	3412.317446	25.801000
1.830313	3411.704969	25.901000
1.830311	3411.150464	26.001000
1.830350	3410.569544	26.101000
1.830380	3409.972520	26.201000
1.830362	3409.415669	26.301000
1.830292	3408.837691	26.401000
1.830248	3408.272085	26.501000
1.830227	3407.695870	26.601000
1.830247	3407.145906	26.701000
1.830337	3406.566820	26.801000
1.830416	3405.963266	26.901000
1.830408	3405.382707	27.001000
1.830392	3404.817450	27.101000
1.830454	3404.211082	27.201000
1.830526	3403.624829	27.301000
1.830476	3403.057490	27.401000
1.830383	3402.513262	27.501000
1.830253	3401.965146	27.601000
1.830170	3401.388860	27.701000
1.830181	3400.848572	27.801000
1.830147	3400.327192	27.901000
1.830115	3399.694757	28.001000
1.830101	3399.119298	28.101000
1.830120	3398.519637	28.201000
1.830141	3397.931933	28.301000
1.830156	3397.324859	28.401000
1.830136	3396.742527	28.501000
1.830083	3396.196253	28.601000
1.830043	3395.643611	28.701000
1.830070	3395.075398	28.801000
1.829998	3394.558337	28.901000
1.829915	3393.994645	29.001000
1.829850	3393.417137	29.101000
1.829792	3392.819911	29.201000
1.829779	3392.263114	29.301000
1.829760	3391.682991	29.401000
1.829727	3391.091883	29.501000
1.829642	3390.553483	29.601000
1.829604	3390.099948	29.701000
1.829574	3390.139463	29.801000
1.829572	3389.211938	29.901000
1.829530	3388.319503	30.001000
1.829402	3387.774413	30.101000
1.829339	3387.214872	30.201000
1.829347	3386.639265	30.301000
1.829313	3386.079501	30.401000
1.829254	3385.509656	30.501000
1.829178	3384.923581	30.601000
1.829153	3384.325487	30.701000
1.829171	3383.760488	30.801000
1.829174	3383.174172	30.901000
1.829212	3382.576377	31.001000
1.829156	3382.110069	31.101000
1.829061	3381.506116	31.201000
1.829041	3380.962568	31.301000
1.829053	3380.399189	31.401000
1.829062	3379.838081	31.501000
1.828997	3379.307630	31.601000
1.828915	3378.765115	31.701000
1.828932	3378.203864	31.801000
1.828981	3377.594665	31.901000
1.828982	3377.023109	32.001000
1.829015	3376.480364	32.101000
1.829001	3375.941228	32.201000
1.828978	3375.331395	32.301000
1.828967	3374.764295	32.401000
1.828889	3374.205857	32.501000
1.828847	3373.641436	32.601000
1.828773	3373.105981	32.701000
1.828784	3372.578835	32.801000
1.828824	3372.020181	32.901000
1.828825	3371.438902	33.001000
1.828830	3370.891505	33.101000
1.828761	3370.364993	33.201000
1.828793	3369.778661	33.301000
1.828886	3369.175527	33.401000
1.828910	3368.615678	33.501000
1.828805	3368.055360	33.601000
1.828668	3367.492155	33.702000
1.828513	3366.998475	33.801000
1.828434	3366.480275	33.901000
1.828332	3365.930471	34.001000
1.828323	3365.392222	34.101000
1.828375	3364.806259	34.201000
1.828310	3364.356824	34.301000
1.828439	3363.728715	34.401000
1.828577	3363.131867	34.501000
1.828581	3362.562128	34.601000
1.828617	3361.994322	34.701000
1.828611	3361.448433	34.801000
1.828542	3360.922624	34.901000
1.828484	3360.973081	35.001000
1.828441	3360.381884	35.101000
1.828379	3359.454394	35.201000
1.828251	3358.763998	35.301000
1.828130	3358.278286	35.401000
1.828073	3357.651724	35.501000
1.828040	3357.074475	35.601000
1.828024	3356.510588	35.701000
1.828044	3355.960723	35.801000
1.828144	3355.399976	35.901000
1.828196	3354.890871	36.001000
1.828200	3354.363951	36.101000
1.828154	3353.796751	36.201000
1.828186	3353.249978	36.301000
1.828094	3352.772086	36.401000
1.828024	3352.267678	36.501000
1.828034	3351.692758	36.601000
1.828096	3351.110890	36.701000
1.828190	3350.542870	36.801000
1.828228	3350.000234	36.901000
1.828299	3349.451671	37.001000
1.828336	3348.903771	37.101000
1.828370	3348.306867	37.201000
1.828350	3347.776639	37.301000
1.828354	3347.231393	37.401000
1.828274	3346.760616	37.501000
1.828220	3346.213550	37.601000
1.828235	3345.702211	37.701000
1.828268	3345.132102	37.801000
1.828319	3344.580410	37.901000
1.828403	3344.017837	38.001000
1.828390	3343.498025	38.101000
1.828361	3342.933638	38.201000
1.828328	3342.385541	38.301000
1.828315	3341.836375	38.401000
1.827975	3341.564773	38.501000
1.827658	3341.246583	38.601000
1.828902	3339.765898	38.701000
1.828615	3339.458320	38.801000
1.829521	3338.250338	38.901000
1.829287	3337.891396	39.001000
1.829036	3337.542148	39.102000
1.828943	3337.071168	39.201000
1.829022	3336.540093	39.301000
1.829048	3336.024681	39.401000
1.829090	3335.473620	39.501000
1.829098	3334.965271	39.601000
1.829075	3334.433610	39.701000
1.829077	3333.890933	39.801000
1.829051	3333.366124	39.901000
1.829017	3332.836426	40.001000
1.829011	3332.299913	40.101000
1.828968	3332.206927	40.201000
1.828923	3331.811897	40.301000
1.828955	3330.968860	40.401000
1.828990	3330.159953	40.501000
1.828865	3329.733795	40.601000
1.828528	3329.516263	40.701000
1.829359	3328.293591	40.801000
1.829055	3327.994175	40.901000
1.828928	3327.555294	41.001000
1.828829	3327.110444	41.101000
1.828774	3326.596952	41.201000
1.828728	3326.117472	41.301000
1.828702	3325.622294	41.401000
1.828758	3325.084005	41.501000
1.828792	3324.522263	41.601000
1.826936	3325.452735	41.701000
1.829849	3322.723336	41.801000
1.829350	3322.547017	41.901000
1.829201	3322.137553	42.001000
1.829976	3321.018976	42.102000
1.829450	3320.863763	42.201000
1.829237	3320.422749	42.301000
1.829070	3319.959300	42.401000
1.828917	3319.486723	42.501000
1.828882	3318.992482	42.601000
1.828940	3318.462876	42.701000
1.827931	3318.842346	42.801000
1.829458	3317.113956	42.901000
1.829114	3316.840936	43.001000
1.828921	3316.454737	43.101000
1.828933	3315.955258	43.201000
1.828841	3315.483134	43.301000
1.828807	3314.976226	43.401000
1.828798	3314.447533	43.501000
1.828746	3313.949812	43.601000
1.828692	3313.477597	43.701000
1.828267	3313.329813	43.801000
1.828115	3312.933569	43.901000
1.829322	3311.430800	44.001000
1.829088	3311.131053	44.101000
1.829848	3310.005568	44.201000
1.829563	3309.703867	44.301000
1.829424	3309.314148	44.401000
1.829386	3308.832741	44.501000
1.829315	3308.330488	44.601000
1.829200	3307.880743	44.701000
1.829091	3307.407246	44.801000
1.827660	3308.021598	44.901000
1.829858	3305.777965	45.001000
1.829134	3305.760664	45.101000
1.828947	3305.404861	45.201000
1.828865	3304.948369	45.301000
1.828807	3304.770590	45.401000
1.828816	3304.613090	45.501000
1.828854	3303.744140	45.601000
1.828911	3302.905271	45.701000
1.828902	3302.379072	45.801000
1.828849	3301.903082	45.901000
1.827348	3302.533199	46.001000
1.829719	3300.165929	46.101000
1.829242	3299.977785	46.201000
1.829375	3299.348623	46.301000
1.829593	3298.632936	46.401000
1.829209	3298.376561	46.501000
1.829056	3297.954876	46.601000
1.828975	3297.473169	46.701000
1.828906	3297.042776	46.801000
1.829157	3296.381720	46.901000
1.827560	3297.118040	47.001000
1.829981	3294.775534	47.101000
1.829144	3294.853264	47.201000
1.828930	3294.478060	47.301000
1.828724	3294.077518	47.401000
1.828608	3293.606991	47.501000
1.828408	3293.183007	47.601000
1.827417	3293.426642	47.701000
1.829362	3291.452669	47.801000
1.828982	3291.246336	47.901000
1.829627	3290.256611	48.001000
1.828508	3290.633397	48.101000
1.828413	3290.223960	48.201000
1.829452	3288.936108	48.301000
1.829334	3288.504134	48.401000
1.829096	3288.161622	48.501000
1.827298	3288.971041	48.601000
1.829848	3286.458984	48.701000
1.828884	3286.682045	48.801000
1.829325	3285.900354	48.901000
1.828719	3285.877800	49.001000
1.828533	3285.486784	49.101000
1.829177	3284.476056	49.201000
1.828877	3284.142829	49.301000
1.828672	3283.752838	49.401000
1.828656	3283.210612	49.501000
1.827115	3283.827829	49.601000
1.829508	3281.495449	49.701000
1.828939	3281.412608	49.801000
1.826611	3282.667870	49.901000
1.829190	3280.189263	50.001000
1.829659	3279.331694	50.101000
1.829141	3279.252367	50.201000
1.827475	3280.070862	50.301000
1.829053	3278.286268	50.401000
1.829332	3277.576668	50.501000
1.827664	3278.463016	50.601000
1.829308	3277.230069	50.701000
1.828465	3277.172338	50.801000
1.827675	3276.798896	50.901000
1.828963	3275.274857	51.001000
1.829335	3274.449980	51.101000
1.828842	3274.263734	51.201000
1.826783	3275.307315	51.301000
1.829536	3272.687035	51.401000
1.828550	3272.896384	51.501000
1.827028	3273.588595	51.601000
1.828634	3271.851423	51.701000
1.828902	3271.160861	51.801000
1.826408	3272.577091	51.901000
1.829086	3270.028917	52.001000
1.829516	3269.204051	52.101000
1.827365	3270.328407	52.201000
1.829126	3268.482359	52.301000
1.825977	3270.427789	52.401000
1.829322	3267.281517	52.501000
1.825739	3269.465548	52.601000
1.829205	3266.307326	52.701000
1.825848	3268.363788	52.801000
1.829221	3265.371627	52.901000
1.826219	3267.192073	53.001000
1.828930	3264.567623	53.101000
1.826460	3265.948332	53.201000
1.828287	3264.009246	53.301000
1.827012	3264.469232	53.401000
1.827050	3263.980756	53.501000
1.826919	3263.527771	53.601000
1.826756	3263.139900	53.701000
1.827308	3262.218195	53.801000
1.826430	3262.388671	53.901000
1.827679	3260.926808	54.001000
1.826139	3261.641768	54.101000
1.828044	3259.643005	54.201000
1.825793	3260.877646	54.301000
1.828508	3258.327299	54.401000
1.825602	3260.076394	54.501000
1.824164	3260.739417	54.601000
1.824236	3260.118602	54.701000
1.824831	3259.136318	54.801000
1.828115	3256.070650	54.901000
1.824086	3258.649745	55.001000
1.828001	3255.121251	55.101000
1.825196	3256.771124	55.201000
1.824209	3257.065666	55.301000
1.824321	3256.461162	55.401000
1.828556	3252.774625	55.501000
1.824925	3255.142526	55.601000
1.824578	3254.890215	55.701000
1.824572	3254.343377	55.801000
1.824584	3254.312223	55.901000
1.824541	3253.883109	56.001000
1.824486	3253.069755	56.101000
1.824502	3252.326130	56.201000
1.824492	3251.803052	56.301000
1.824510	3251.291215	56.401000
1.824568	3250.765937	56.501000
1.824638	3250.237195	56.601000
1.824848	3249.629809	56.701000
1.824944	3249.019878	56.801000
1.824865	3248.527035	56.901000
1.824903	3248.026125	57.001000
1.824883	3247.508013	57.101000
1.824796	3247.020148	57.201000
1.824806	3246.505798	57.301000
1.824832	3246.001237	57.401000
1.824832	3245.517259	57.501000
1.824907	3245.031941	57.601000
1.825041	3244.493250	57.701000
1.825398	3243.769288	57.801000
1.825477	3243.192814	57.901000
1.825532	3242.658536	58.001000
1.825615	3242.134350	58.101000
1.825747	3241.584514	58.201000
1.825717	3241.105002	58.301000
1.825696	3240.588132	58.401000
1.825705	3240.097878	58.501000
1.825737	3239.608084	58.601000
1.825671	3239.145360	58.701000
1.825873	3238.521847	58.801000
1.826311	3237.774869	58.901000
1.826409	3237.204460	59.001000
1.826407	3236.714737	59.101000
1.826434	3236.204913	59.201000
1.826494	3235.665381	59.301000
1.826510	3235.184212	59.401000
1.826517	3234.686187	59.501000
1.826554	3234.194983	59.601000
1.826584	3233.694156	59.702000
1.826659	3233.195647	59.801000
1.827111	3232.411785	59.901000
1.827351	3231.728828	60.001000
1.827486	3231.213207	60.101000
1.827499	3230.712254	60.201000
1.827416	3230.208244	60.301000
1.827441	3229.690654	60.401000
1.827479	3229.169762	60.501000
1.827495	3228.655819	60.601000
1.827518	3228.171488	60.701000
1.827536	3227.686254	60.801000
1.827582	3227.122533	60.901000
1.828103	3226.230982	61.001000
1.828176	3226.043614	61.101000
1.828223	3225.789297	61.201000
1.828266	3224.980411	61.301000
1.828300	3224.168583	61.402000
1.828371	3223.636585	61.501000
1.828458	3223.120539	61.601000
1.828528	3222.604056	61.701000
1.828512	3222.121199	61.801000
1.828513	3221.633437	61.901000
1.828832	3220.907143	62.001000
1.829268	3220.109901	62.101000
1.829248	3219.561344	62.201000
1.829269	3219.070546	62.301000
1.829248	3218.573590	62.401000
1.829283	3218.070905	62.501000
1.829341	3217.571400	62.601000
1.829394	3217.054302	62.701000
1.829439	3216.528773	62.801000
1.829414	3216.034183	62.901000
1.829367	3215.550662	63.001000
1.829530	3215.011660	63.101000
1.829699	3214.321695	63.201000
1.829684	3213.787049	63.301000
1.829625	3213.291304	63.401000
1.829525	3212.832990	63.501000
1.829503	3212.353026	63.601000
1.829527	3211.884964	63.701000
1.829539	3211.399508	63.801000
1.829597	3210.864063	63.901000
1.829640	3210.365636	64.001000
1.829649	3209.892832	64.101000
1.830134	3209.028418	64.201000
1.830236	3208.493681	64.301000
1.830254	3207.993995	64.401000
1.830189	3207.502395	64.501000
1.830178	3207.024852	64.601000
1.830062	3206.587312	64.701000
1.829980	3206.126624	64.801000
1.829982	3205.658647	64.901000
1.830004	3205.142645	65.001000
1.829994	3204.653121	65.101000
1.830361	3203.941486	65.201000
1.830910	3203.020872	65.301000
1.830935	3202.456292	65.401000
1.830981	3201.946507	65.502000
1.830965	3201.474016	65.601000
1.830908	3201.017258	65.701000
1.830908	3200.526867	65.801000
1.830845	3200.067725	65.901000
1.830805	3199.596473	66.001000
