-4.000000E+01,+8.272876E-07,+9.910000E+37,+6.465260E+03,+2.150800E+04,
-3.900000E+01,+1.006786E-06,+9.910000E+37,+6.468424E+03,+2.150800E+04,
-3.800000E+01,+1.226607E-06,+9.910000E+37,+6.469485E+03,+2.150800E+04,
-3.700000E+01,+1.577682E-06,+9.910000E+37,+6.470546E+03,+2.150800E+04,
-3.600000E+01,+1.741491E-06,+9.910000E+37,+6.471604E+03,+2.150800E+04,
-3.500000E+01,+1.870426E-06,+9.910000E+37,+6.472688E+03,+2.150800E+04,
-3.400000E+01,+2.297929E-06,+9.910000E+37,+6.473748E+03,+2.150800E+04,
-3.300000E+01,+2.592931E-06,+9.910000E+37,+6.474811E+03,+2.150800E+04,
-3.200000E+01,+2.864516E-06,+9.910000E+37,+6.475869E+03,+2.150800E+04,
-3.100000E+01,+3.205353E-06,+9.910000E+37,+6.476933E+03,+2.150800E+04,
-3.000000E+01,+3.485794E-06,+9.910000E+37,+6.477994E+03,+2.150800E+04,
-2.900000E+01,+3.708971E-06,+9.910000E+37,+6.479052E+03,+2.150800E+04,
-2.800000E+01,+4.226660E-06,+9.910000E+37,+6.480139E+03,+2.150800E+04,
-2.700000E+01,+4.412197E-06,+9.910000E+37,+6.481198E+03,+2.150800E+04,
-2.600000E+01,+4.971354E-06,+9.910000E+37,+6.482289E+03,+2.150800E+04,
-2.500000E+01,+5.599395E-06,+9.910000E+37,+6.483351E+03,+2.150800E+04,
-2.400000E+01,+7.125398E-06,+9.910000E+37,+6.484413E+03,+2.150800E+04,
-2.300000E+01,+7.973217E-06,+9.910000E+37,+6.485475E+03,+2.150800E+04,
-2.200000E+01,+1.007597E-05,+9.910000E+37,+6.486524E+03,+2.150800E+04,
-2.100000E+01,+1.186405E-05,+9.910000E+37,+6.489691E+03,+2.150800E+04,
-2.000000E+01,+1.626573E-05,+9.910000E+37,+6.490752E+03,+2.150800E+04,
-1.900000E+01,+1.830753E-05,+9.910000E+37,+6.491810E+03,+2.150800E+04,
-1.800000E+01,+2.482939E-05,+9.910000E+37,+6.492869E+03,+2.150800E+04,
-1.700000E+01,+2.822888E-05,+9.910000E+37,+6.493928E+03,+2.150800E+04,
-1.600000E+01,+3.648037E-05,+9.910000E+37,+6.497098E+03,+2.150800E+04,
-1.500000E+01,+5.134523E-05,+9.910000E+37,+6.499211E+03,+2.150800E+04,
-1.400000E+01,+5.929231E-05,+9.910000E+37,+6.500267E+03,+2.150800E+04,
-1.300000E+01,+8.105016E-05,+9.910000E+37,+6.501341E+03,+2.150800E+04,
-1.200000E+01,+1.050006E-04,+9.910000E+37,+6.502396E+03,+2.150800E+04,
-1.100000E+01,+9.610937E-05,+9.910000E+37,+6.505567E+03,+2.150800E+04,
-1.000000E+01,+1.889792E-04,+9.910000E+37,+6.506628E+03,+2.150800E+04,
-9.000000E+00,+1.189451E-04,+9.910000E+37,+6.507690E+03,+2.150800E+04,
-8.000000E+00,+2.204588E-04,+9.910000E+37,+6.508749E+03,+2.150800E+04,
-7.000000E+00,+1.630284E-04,+9.910000E+37,+6.509811E+03,+2.150800E+04,
-6.000000E+00,+2.459340E-04,+9.910000E+37,+6.510871E+03,+2.150800E+04,
-5.000000E+00,+1.948330E-04,+9.910000E+37,+6.511931E+03,+2.150800E+04,
-4.000000E+00,+2.620106E-04,+9.910000E+37,+6.512989E+03,+2.150800E+04,
-3.000000E+00,+2.410067E-04,+9.910000E+37,+6.514049E+03,+2.150800E+04,
-2.000000E+00,+3.028955E-04,+9.910000E+37,+6.515108E+03,+2.150800E+04,
-1.000000E+00,+3.242084E-04,+9.910000E+37,+6.516172E+03,+2.150800E+04,
+0.000000E+00,+3.479373E-04,+9.910000E+37,+6.517232E+03,+2.150800E+04,
+1.000000E+00,+3.751549E-04,+9.910000E+37,+6.518299E+03,+2.150800E+04,
+2.000000E+00,+4.060931E-04,+9.910000E+37,+6.519384E+03,+2.150800E+04,
+3.000000E+00,+4.416769E-04,+9.910000E+37,+6.520447E+03,+2.150800E+04,
+4.000000E+00,+4.824173E-04,+9.910000E+37,+6.521506E+03,+2.150800E+04,
+5.000000E+00,+5.285442E-04,+9.910000E+37,+6.522564E+03,+2.150800E+04,
+6.000000E+00,+5.799613E-04,+9.910000E+37,+6.523628E+03,+2.150800E+04,
+7.000000E+00,+6.354498E-04,+9.910000E+37,+6.524689E+03,+2.150800E+04,
+8.000000E+00,+6.940355E-04,+9.910000E+37,+6.525749E+03,+2.150800E+04,
+9.000000E+00,+7.544253E-04,+9.910000E+37,+6.526830E+03,+2.150800E+04,
+1.000000E+01,+8.154336E-04,+9.910000E+37,+6.527889E+03,+2.150800E+04,
+1.100000E+01,+8.757045E-04,+9.910000E+37,+6.528975E+03,+2.150800E+04









current through plasma (-mA) <tab> voltage across plasma (-V) <tab> time (sec)
1.603159	3448.361077	0.001000
1.602440	3447.844429	0.101000
1.602782	3446.908760	0.201000
1.603051	3446.064323	0.301000
1.603413	3445.165490	0.401000
1.603185	3444.731470	0.501000
1.603028	3444.240555	0.601000
1.602955	3443.674701	0.701000
1.602887	3443.104092	0.801000
1.602868	3442.463976	0.901000
1.602876	3441.854690	1.001000
1.602177	3441.755949	1.101000
1.603610	3440.049805	1.201000
1.603151	3439.779632	1.301000
1.602995	3439.256996	1.401000
1.602933	3438.716194	1.501000
1.602830	3438.174127	1.601000
1.602731	3437.641620	1.701000
1.602626	3437.092894	1.801000
1.602707	3436.387205	1.901000
1.602637	3435.803778	2.001000
1.602532	3435.240792	2.101000
1.602559	3434.635524	2.201000
1.602572	3434.049270	2.301000
1.602599	3433.405212	2.401000
1.602589	3432.789920	2.501000
1.602625	3432.114030	2.601000
1.602629	3431.508436	2.701000
1.602582	3430.925902	2.801000
1.602576	3430.286646	2.901000
1.602672	3429.642489	3.001000
1.602624	3429.057166	3.101000
1.602535	3428.503524	3.201000
1.602526	3427.724449	3.301000
1.602533	3426.961604	3.401000
1.602453	3426.382566	3.501000
1.602329	3425.910926	3.601000
1.602287	3425.487393	3.701000
1.602384	3424.820876	3.801000
1.602424	3424.744088	3.901000
1.602436	3423.857099	4.001000
1.602397	3423.061503	4.101000
1.602500	3422.286007	4.201000
1.602647	3421.636308	4.301000
1.602634	3421.037652	4.401000
1.602526	3420.460467	4.501000
1.602539	3419.847569	4.601000
1.602571	3419.246275	4.701000
1.602566	3418.650182	4.801000
1.602456	3418.066275	4.901000
1.602446	3417.471557	5.001000
1.602485	3416.818410	5.101000
1.602463	3416.255599	5.201000
1.602511	3415.647635	5.301000
1.602607	3415.010996	5.401000
1.602619	3414.408605	5.501000
1.602553	3413.801514	5.601000
1.602541	3413.214630	5.701000
1.602636	3412.545707	5.801000
1.602637	3411.924625	5.901000
1.602562	3411.361307	6.001000
1.602467	3410.843221	6.101000
1.602583	3410.163307	6.201000
1.602647	3409.590223	6.301000
1.602573	3409.049839	6.401000
1.602519	3408.464475	6.501000
1.602550	3407.773871	6.601000
1.602520	3407.180733	6.701000
1.602506	3406.612389	6.801000
1.602557	3405.959917	6.901000
1.602597	3405.326308	7.001000
1.602593	3404.809829	7.101000
1.602617	3404.176950	7.201000
1.602758	3403.506237	7.301000
1.602716	3402.951157	7.401000
1.602599	3402.370152	7.501000
1.602550	3401.839949	7.601000
1.602613	3401.127935	7.701000
1.602578	3400.553164	7.801000
1.602491	3399.962703	7.901000
1.602536	3399.340965	8.001000
1.602590	3398.733472	8.101000
1.602584	3398.169113	8.201000
1.602605	3397.534906	8.301000
1.602653	3396.676640	8.401000
1.602678	3396.114301	8.501000
1.602637	3395.590704	8.601000
1.602730	3394.973080	8.701000
1.602743	3394.461925	8.801000
1.602700	3393.979761	8.901000
1.602778	3393.339867	9.001000
1.602817	3392.740469	9.101000
1.602735	3392.679815	9.201000
1.602783	3391.970513	9.301000
1.602778	3391.093339	9.401000
1.602673	3390.495873	9.501000
1.602643	3389.914274	9.601000
1.602758	3389.312917	9.701000
1.602835	3388.724490	9.801000
1.602836	3388.128265	9.901000
1.602882	3387.507270	10.001000
1.602875	3386.912401	10.101000
1.602881	3386.323552	10.201000
1.602994	3385.710074	10.301000
1.603040	3385.074662	10.401000
1.602968	3384.520008	10.501000
1.603012	3383.882685	10.601000
1.603016	3383.338259	10.701000
1.603004	3382.792242	10.801000
1.603027	3382.120101	10.901000
1.602964	3381.565751	11.001000
1.602865	3381.059484	11.101000
1.602934	3380.422988	11.201000
1.602997	3379.827313	11.301000
1.602910	3379.315352	11.401000
1.602923	3378.763687	11.501000
1.602920	3378.129944	11.601000
1.602909	3377.549182	11.701000
1.603020	3376.936232	11.801000
1.603016	3376.390748	11.901000
1.602941	3375.792307	12.001000
1.602971	3375.146360	12.101000
1.602945	3374.564393	12.201000
1.602907	3374.040873	12.301000
1.602966	3373.397086	12.401000
1.602889	3372.848086	12.501000
1.602803	3372.337775	12.601000
1.602823	3371.717543	12.701000
1.602851	3371.150778	12.801000
1.602872	3370.592398	12.901000
1.602845	3369.986142	13.001000
1.602785	3369.391317	13.101000
1.602833	3368.799995	13.201000
1.602916	3368.149989	13.301000
1.602848	3367.469790	13.401000
1.602759	3366.768335	13.501000
1.602762	3366.176355	13.601000
1.602681	3365.737208	13.701000
1.602663	3365.330177	13.801000
1.602729	3364.753543	13.901000
1.602637	3364.274852	14.001000
1.602671	3363.628154	14.101000
1.602695	3363.001297	14.201000
1.602665	3362.560013	14.301000
1.602798	3361.963745	14.401000
1.602845	3361.832758	14.501000
1.602789	3360.963656	14.601000
1.602869	3360.199466	14.701000
1.602903	3359.526658	14.801000
1.602866	3358.966308	14.901000
1.602939	3358.353746	15.001000
1.602921	3357.849886	15.101000
1.602940	3357.221983	15.201000
1.602964	3356.646806	15.301000
1.602932	3356.099843	15.401000
1.602904	3355.598108	15.501000
1.602852	3354.976573	15.601000
1.602813	3354.456483	15.701000
1.602835	3353.859339	15.801000
1.602904	3353.257842	15.901000
1.602878	3352.717178	16.001000
1.602913	3352.131421	16.101000
1.602858	3351.582866	16.201000
1.602885	3350.955760	16.301000
1.603035	3350.318149	16.401000
1.602975	3349.830526	16.501000
1.603001	3349.250963	16.601000
1.603065	3348.632900	16.701000
1.602972	3348.119491	16.801000
1.602987	3347.502113	16.901000
1.602978	3346.967718	17.001000
1.602918	3346.445116	17.101000
1.602907	3345.899109	17.201000
1.602803	3345.360525	17.301000
1.602890	3344.782254	17.401000
1.602965	3344.136472	17.501000
1.602927	3343.715551	17.601000
1.602935	3343.086079	17.701000
1.602922	3342.517456	17.801000
1.602936	3341.941879	17.901000
1.603031	3341.336073	18.001000
1.602982	3340.806157	18.101000
1.602973	3340.257271	18.201000
1.603048	3339.681808	18.301000
1.602969	3339.044173	18.401000
1.603035	3338.279623	18.501000
1.602996	3337.733512	18.601000
1.602920	3337.235447	18.701000
1.602953	3336.859492	18.801000
1.602862	3336.298692	18.901000
1.602859	3335.775257	19.001000
1.602950	3335.148542	19.101000
1.602931	3334.615083	19.201000
1.602997	3334.034803	19.301000
1.603040	3333.521216	19.401000
1.603025	3332.871290	19.501000
1.603037	3332.313256	19.601000
1.602950	3331.755049	19.701000
1.602818	3331.656201	19.801000
1.602829	3330.823745	19.901000
1.602777	3330.375499	20.001000
1.602704	3329.727861	20.101000
1.602755	3328.985987	20.201000
1.602750	3328.454158	20.301000
1.602682	3327.985853	20.401000
1.602787	3327.354746	20.501000
1.602858	3326.761512	20.601000
1.602821	3326.232079	20.701000
1.602838	3325.614989	20.801000
1.602893	3325.046984	20.901000
1.602868	3324.494971	21.001000
1.602886	3323.917675	21.101000
1.602895	3323.333998	21.201000
1.602773	3322.828452	21.301000
1.602707	3322.300263	21.401000
1.602671	3321.778235	21.501000
1.602596	3321.255426	21.601000
1.602566	3320.699940	21.701000
1.602643	3320.107933	21.801000
1.602643	3319.588124	21.901000
1.602606	3319.064674	22.001000
1.602646	3318.520219	22.101000
1.602700	3318.037825	22.201000
1.602727	3317.361190	22.301000
1.602649	3316.801942	22.401000
1.602741	3316.239651	22.501000
1.602690	3315.720734	22.601000
1.602658	3315.147144	22.701000
1.602702	3314.562405	22.801000
1.602622	3314.048823	22.901000
1.602593	3313.540591	23.001000
1.602585	3312.980952	23.101000
1.602535	3312.436382	23.201000
1.602528	3311.883884	23.301000
1.602586	3311.259888	23.401000
1.602566	3310.587967	23.501000
1.602645	3309.980390	23.601000
1.602730	3309.404433	23.701000
1.602727	3308.998114	23.801000
1.602802	3308.516141	23.901000
1.602768	3307.981846	24.001000
1.602684	3307.494759	24.101000
1.602771	3306.863653	24.201000
1.602752	3306.350576	24.301000
1.602801	3305.818569	24.401000
1.602864	3305.243216	24.501000
1.602789	3304.757589	24.601000
1.601274	3305.388519	24.701000
1.603858	3302.855258	24.801000
1.603275	3302.775374	24.901000
1.603602	3301.988278	25.001000
1.603878	3301.391982	25.101000
1.603646	3301.580102	25.201000
1.603609	3300.856098	25.301000
1.603569	3300.028681	25.401000
1.603557	3299.502342	25.501000
1.602171	3300.033958	25.601000
1.604364	3297.741660	25.701000
1.603574	3297.821249	25.801000
1.603394	3297.396488	25.901000
1.603301	3296.933034	26.001000
1.603245	3296.471517	26.101000
1.603142	3296.020367	26.201000
1.603081	3295.509101	26.301000
1.603031	3294.982237	26.401000
1.602967	3294.476234	26.501000
1.602977	3293.908874	26.601000
1.602943	3293.340741	26.701000
1.602864	3292.907990	26.801000
1.602900	3292.325476	26.901000
1.602945	3291.768187	27.001000
1.603019	3291.231060	27.101000
1.603104	3290.646221	27.201000
1.603052	3290.142705	27.301000
1.602996	3289.634134	27.401000
1.602954	3289.141090	27.501000
1.602940	3288.582297	27.601000
1.602936	3288.051342	27.701000
1.602908	3287.516905	27.801000
1.602912	3286.997912	27.901000
1.602956	3286.420875	28.001000
1.603022	3285.881246	28.101000
1.601284	3286.668209	28.201000
1.604229	3283.908060	28.301000
1.603612	3283.842938	28.401000
1.603632	3283.180124	28.501000
1.604052	3282.163464	28.601000
1.603721	3281.888463	28.701000
1.603534	3281.510838	28.801000
1.601961	3282.150694	28.901000
1.603910	3280.343795	29.001000
1.603396	3280.239232	29.101000
1.603586	3279.595044	29.201000
1.603413	3279.225808	29.301000
1.603472	3278.690499	29.401000
1.603453	3278.197686	29.501000
1.602472	3278.413807	29.601000
1.604107	3276.611634	29.701000
1.603593	3276.437832	29.801000
1.603449	3276.023955	29.901000
1.601480	3277.004002	30.001000
1.604148	3274.383573	30.101000
1.603300	3274.476336	30.201000
1.604024	3273.422723	30.301000
1.603404	3273.597043	30.401000
1.602298	3274.107409	30.501000
1.603516	3272.438466	30.601000
1.603589	3271.801833	30.701000
1.603449	3271.250398	30.801000
1.601953	3271.847550	30.901000
1.603934	3269.824998	31.001000
1.603320	3269.838124	31.101000
1.603175	3269.340464	31.201000
1.602976	3269.019682	31.301000
1.602008	3269.275137	31.401000
1.603678	3267.379524	31.501000
1.600933	3268.954579	31.601000
1.603977	3266.058081	31.701000
1.603730	3265.715333	31.801000
1.603561	3265.524038	31.902000
1.603211	3265.208407	32.001000
1.601625	3265.670810	32.101000
1.603905	3263.413950	32.201000
1.603171	3263.449117	32.301000
1.603098	3263.014793	32.401000
1.601163	3264.024064	32.501000
1.604001	3261.321110	32.601000
1.603252	3261.375417	32.701000
1.603873	3260.341956	32.801000
1.603173	3260.295047	32.901000
1.602159	3260.561943	33.001000
1.603310	3259.178243	33.101000
1.602985	3258.867867	33.201000
1.603100	3258.300084	33.301000
1.601435	3259.061471	33.401000
1.603636	3256.856759	33.501000
1.603312	3256.571779	33.601000
1.603686	3255.816726	33.701000
1.601902	3256.691386	33.801000
1.603726	3254.803391	33.901000
1.603134	3254.708590	34.001000
1.601757	3255.270852	34.101000
1.603616	3253.314691	34.201000
1.600807	3254.953314	34.301000
1.604049	3251.923683	34.401000
1.603234	3252.032761	34.501000
1.603777	3251.060770	34.601000
1.601680	3252.142131	34.701000
1.603793	3249.998671	34.801000
1.603032	3250.021696	34.901000
1.603026	3249.530057	35.001000
1.601280	3250.380968	35.101000
1.603485	3248.151017	35.201000
1.600908	3249.633034	35.301000
1.603732	3246.949240	35.401000
1.603589	3246.539408	35.501000
1.603340	3246.233448	35.601000
1.603348	3245.836871	35.701000
1.602013	3246.775005	35.801000
1.603540	3244.769125	35.901000
1.603092	3244.353978	36.001000
1.602414	3244.401104	36.101000
1.602290	3243.910249	36.201000
1.603277	3242.621501	36.301000
1.601139	3243.791262	36.401000
1.603030	3241.763299	36.501000
1.603653	3240.758498	36.601000
1.601348	3242.004593	36.701000
1.603710	3239.689293	36.801000
1.600877	3241.330525	36.901000
1.603627	3238.656636	37.001000
1.603132	3238.598890	37.101000
1.602125	3238.854002	37.201000
1.603117	3237.600119	37.301000
1.601145	3238.584822	37.401000
1.603317	3236.387061	37.501000
1.602897	3236.182286	37.601000
1.602607	3235.854709	37.701000
1.602313	3235.560581	37.801000
1.602519	3234.910999	37.901000
1.601603	3235.083321	38.001000
1.602708	3233.767824	38.101000
1.603246	3232.841641	38.201000
1.601516	3233.640560	38.301000
1.603219	3231.847275	38.401000
1.601035	3233.133008	38.501000
1.603334	3230.825172	38.601000
1.600668	3232.396975	38.701000
1.603566	3229.658247	38.801000
1.601624	3230.625310	38.901000
1.602530	3229.412342	39.001000
1.602359	3229.008660	39.101000
1.601617	3229.072441	39.201000
1.602578	3227.813606	39.301000
1.603246	3226.806374	39.401000
1.601464	3227.641530	39.501000
1.603046	3225.991493	39.601000
1.602390	3225.991896	39.701000
1.601002	3226.517234	39.801000
1.603189	3224.372568	39.901000
1.600616	3225.797350	40.001000
1.603380	3223.228555	40.101000
1.603123	3222.900645	40.201000
1.601433	3223.707787	40.301000
1.603373	3221.549867	40.401000
1.602302	3221.765212	40.501000
1.601536	3221.813007	40.601000
1.602122	3220.891589	40.701000
1.602145	3220.484022	40.801000
1.601276	3220.793847	40.901000
1.600990	3220.773991	41.001000
1.602558	3219.290376	41.101000
1.600131	3220.343068	41.201000
1.603363	3217.188934	41.301000
1.600464	3218.897212	41.401000
1.602617	3216.764529	41.501000
1.601212	3217.344875	41.601000
1.600987	3217.019312	41.701000
1.602612	3215.211229	41.801000
1.600259	3216.533541	41.901000
1.603265	3213.765216	42.001000
1.600523	3215.343706	42.101000
1.601779	3213.825257	42.201000
1.601643	3213.432837	42.301000
1.600003	3214.192297	42.401000
1.603109	3211.235478	42.501000
1.600131	3213.012539	42.601000
1.601876	3211.207753	42.701000
1.601075	3211.373856	42.801000
1.599848	3211.784072	42.901000
1.603088	3208.820257	43.001000
1.600138	3210.618301	43.101000
1.602049	3208.698889	43.201000
1.601316	3208.733047	43.301000
1.600017	3209.258124	43.401000
1.603144	3206.342314	43.501000
1.600125	3208.151079	43.601000
1.601713	3206.423468	43.701000
1.601171	3206.347967	43.801000
1.599534	3207.087588	43.901000
1.602767	3204.055149	44.001000
1.599777	3205.794559	44.101000
1.601021	3204.300678	44.201000
1.601352	3203.574365	44.301000
1.599432	3204.546420	44.401000
1.602673	3201.565052	44.501000
1.599996	3203.139061	44.601000
1.600523	3202.251210	44.701000
1.601824	3200.713257	44.801000
1.599247	3202.265843	44.901000
1.601607	3199.950002	45.001000
1.600613	3200.175646	45.101000
1.599362	3200.660690	45.201000
1.602375	3197.848014	45.301000
1.599464	3199.562393	45.401000
1.600716	3198.171419	45.501000
1.601181	3197.307788	45.601000
1.599157	3198.430488	45.701000
1.602372	3195.491841	45.801000
1.599968	3196.875357	45.901000
1.599977	3196.378390	46.001000
1.601546	3194.663971	46.101000
1.599122	3196.031536	46.201000
1.601632	3193.965944	46.301000
1.600297	3194.554370	46.401000
1.599245	3194.577980	46.501000
1.602050	3191.683216	46.601000
1.599119	3193.556809	46.701000
1.600569	3191.866916	46.801000
1.600790	3191.203936	46.901000
1.598528	3192.499498	47.001000
1.601834	3189.448731	47.101000
1.598981	3191.121631	47.201000
1.600012	3189.834782	47.301000
1.600842	3188.728586	47.401000
1.598419	3190.088435	47.501000
1.601643	3187.159629	47.601000
1.599641	3188.222517	47.701000
1.599386	3187.881718	47.801000
1.601315	3185.902140	47.901000
1.598487	3187.584715	48.001000
1.600249	3185.786175	48.101000
1.599766	3185.612771	48.201000
1.598337	3186.205712	48.301000
1.601276	3183.470869	48.401000
1.598467	3185.008602	48.501000
1.599929	3183.349037	48.601000
1.600415	3183.090650	48.701000
1.598053	3184.532366	48.801000
1.601386	3181.003534	48.901000
1.599102	3182.300860	49.001000
1.599435	3181.572091	49.101000
1.599877	3180.771273	49.201000
1.598246	3181.521882	49.301000
1.600936	3179.009900	49.401000
1.597568	3181.079799	49.501000
1.600468	3178.372174	49.601000
1.599108	3178.992055	49.701000
1.598769	3178.596232	49.801000
1.600492	3176.792456	49.901000
1.597442	3178.758232	50.001000
1.600764	3175.738554	50.101000
1.597116	3178.088821	50.201000
1.597303	3177.464515	50.301000
1.600271	3174.708696	50.401000
1.597408	3176.437446	50.501000
1.600518	3173.562718	50.601000
1.597165	3175.654368	50.701000
1.600394	3172.673382	50.801000
1.597214	3174.660456	50.901000
1.600301	3171.847617	51.001000
1.597401	3173.607599	51.101000
1.599930	3171.148803	51.201000
1.597362	3172.658711	51.301000
1.597108	3172.281739	51.401000
1.597111	3171.829479	51.501000
1.597186	3171.909847	51.601000
1.597229	3171.042170	51.701000
1.597240	3170.328078	51.801000
1.597264	3169.785033	51.901000
1.597262	3169.279370	52.001000
1.597227	3168.841080	52.101000
1.597193	3168.360886	52.201000
1.597173	3167.842218	52.301000
1.597122	3167.408685	52.401000
1.597086	3166.928049	52.501000
1.597054	3166.452708	52.601000
1.597010	3165.973391	52.701000
1.597019	3165.549532	52.801000
1.597025	3165.145208	52.901000
1.597076	3164.579377	53.001000
1.597130	3164.063936	53.101000
1.597201	3163.540663	53.201000
1.597186	3163.073701	53.301000
1.597186	3162.648549	53.401000
1.597262	3162.144562	53.501000
1.597274	3161.655362	53.601000
1.597254	3161.148079	53.701000
1.597218	3160.695684	53.801000
1.597225	3160.236362	53.901000
1.597171	3159.777169	54.001000
1.597145	3159.334254	54.101000
1.597204	3158.829809	54.201000
1.597242	3158.352196	54.301000
1.597206	3157.864810	54.401000
1.597277	3157.390649	54.501000
1.597326	3156.884391	54.601000
1.597343	3156.389907	54.701000
1.597332	3155.925235	54.801000
1.597319	3155.401889	54.901000
1.597301	3154.937209	55.001000
1.597274	3154.486786	55.101000
1.597186	3154.047707	55.201000
1.597095	3153.637316	55.301000
1.597112	3153.216874	55.401000
1.597145	3152.720937	55.501000
1.597226	3152.235355	55.601000
1.597248	3151.522941	55.701000
1.597274	3150.969757	55.801000
1.597294	3150.476686	55.901000
1.597316	3150.127473	56.001000
1.597319	3149.771859	56.101000
1.597321	3149.315221	56.201000
1.597351	3148.798546	56.301000
1.597385	3148.335703	56.401000
1.597381	3147.878697	56.501000
1.597436	3147.405169	56.601000
1.597578	3146.927805	56.701000
1.597569	3146.802977	56.801000
1.597564	3146.459550	56.901000
1.597584	3145.657914	57.001000
1.597517	3145.039804	57.101000
1.597501	3144.542002	57.201000
1.597543	3144.095116	57.301000
1.597589	3143.595689	57.401000
1.597520	3143.142811	57.501000
1.597525	3142.651493	57.601000
1.597658	3142.138943	57.701000
1.597712	3141.562927	57.801000
1.597772	3141.088547	57.901000
1.597763	3140.628775	58.001000
1.597736	3140.168838	58.101000
1.597735	3139.649291	58.201000
1.597667	3139.222854	58.301000
1.597564	3138.789026	58.401000
1.597536	3138.335412	58.501000
1.597585	3137.836837	58.601000
1.597587	3137.388384	58.701000
1.597875	3136.744029	58.801000
1.597926	3136.229146	58.901000
1.597908	3135.763527	59.001000
1.597940	3135.296816	59.101000
1.597966	3134.776388	59.201000
1.598037	3134.296309	59.301000
1.598060	3133.820492	59.401000
1.597977	3133.386418	59.501000
1.597911	3132.946854	59.601000
1.597848	3132.527104	59.701000
1.598023	3131.945153	59.801000
1.598261	3131.328061	59.901000
1.598216	3130.864285	60.001000
1.598137	3130.391809	60.101000
1.598152	3129.967846	60.201000
1.598128	3129.506521	60.301000
1.598192	3129.010366	60.401000
1.598273	3128.519172	60.501000
1.598277	3128.034286	60.601000
1.598257	3127.546068	60.701000
1.598244	3127.172853	60.801000
1.598643	3126.455724	60.901000
1.598789	3125.813623	61.001000
1.598772	3125.354935	61.101000
1.598794	3124.879795	61.201000
1.598716	3124.455455	61.301000
1.598591	3124.017593	61.401000
1.598565	3123.585030	61.501000
1.598585	3123.134930	61.601000
1.598610	3122.664967	61.701000
1.598585	3122.209089	61.801000
1.598616	3121.674320	61.901000
1.599101	3120.903178	62.001000
1.599213	3120.750140	62.101000
1.599251	3120.270238	62.201000
1.599249	3119.503885	62.301000
1.599283	3118.909881	62.401000
1.599216	3118.471054	62.501000
1.599108	3118.060710	62.601000
1.599090	3117.660990	62.701000
1.599080	3117.156899	62.801000
1.599076	3116.706926	62.901000
1.599340	3116.079364	63.001000
1.599731	3115.353352	63.101000
1.599770	3114.843471	63.201000
1.599862	3114.375031	63.301000
1.599898	3113.859665	63.401000
1.599922	3113.426065	63.501000
1.599960	3112.991620	63.601000
1.599944	3112.518225	63.701000
1.599904	3112.114835	63.801000
1.599925	3111.591712	63.901000
1.599892	3111.140339	64.001000
1.600204	3110.424700	64.101000
1.600435	3109.704416	64.201000
1.600437	3109.263971	64.301000
1.600486	3108.837802	64.401000
1.600507	3108.378120	64.501000
1.600480	3107.927239	64.601000
1.600461	3107.465989	64.701000
1.600437	3106.993938	64.801000
1.600400	3106.567319	64.901000
1.600378	3106.148254	65.001000
1.600365	3105.679150	65.101000
1.601081	3104.676877	65.201000
1.601136	3103.877432	65.301000
1.601148	3103.419091	65.401000
1.601195	3103.003880	65.501000
1.601233	3102.733976	65.601000
1.601169	3102.333819	65.701000
1.601129	3101.907906	65.801000
1.601111	3101.488326	65.901000
1.601085	3101.034451	66.001000
