-4.000000E+01,+3.610924E-06,+9.910000E+37,+5.257767E+03,+2.150800E+04,
-3.900000E+01,+4.059197E-06,+9.910000E+37,+5.258829E+03,+2.150800E+04,
-3.800000E+01,+4.540055E-06,+9.910000E+37,+5.259890E+03,+2.150800E+04,
-3.700000E+01,+5.072567E-06,+9.910000E+37,+5.260950E+03,+2.150800E+04,
-3.600000E+01,+5.711592E-06,+9.910000E+37,+5.262009E+03,+2.150800E+04,
-3.500000E+01,+6.560557E-06,+9.910000E+37,+5.263101E+03,+2.150800E+04,
-3.400000E+01,+7.756797E-06,+9.910000E+37,+5.264162E+03,+2.150800E+04,
-3.300000E+01,+9.454273E-06,+9.910000E+37,+5.265222E+03,+2.150800E+04,
-3.200000E+01,+1.169647E-05,+9.910000E+37,+5.268385E+03,+2.150800E+04,
-3.100000E+01,+1.452531E-05,+9.910000E+37,+5.269446E+03,+2.150800E+04,
-3.000000E+01,+1.799897E-05,+9.910000E+37,+5.270508E+03,+2.150800E+04,
-2.900000E+01,+2.248819E-05,+9.910000E+37,+5.271595E+03,+2.150800E+04,
-2.800000E+01,+2.875927E-05,+9.910000E+37,+5.272654E+03,+2.150800E+04,
-2.700000E+01,+3.723303E-05,+9.910000E+37,+5.273712E+03,+2.150800E+04,
-2.600000E+01,+4.762005E-05,+9.910000E+37,+5.274772E+03,+2.150800E+04,
-2.500000E+01,+5.950173E-05,+9.910000E+37,+5.275833E+03,+2.150800E+04,
-2.400000E+01,+7.256234E-05,+9.910000E+37,+5.276893E+03,+2.150800E+04,
-2.300000E+01,+8.667654E-05,+9.910000E+37,+5.277955E+03,+2.150800E+04,
-2.200000E+01,+1.017314E-04,+9.910000E+37,+5.279011E+03,+2.150800E+04,
-2.100000E+01,+1.187173E-04,+9.910000E+37,+5.282173E+03,+2.150800E+04,
-2.000000E+01,+1.353681E-04,+9.910000E+37,+5.283232E+03,+2.150800E+04,
-1.900000E+01,+1.528637E-04,+9.910000E+37,+5.284292E+03,+2.150800E+04,
-1.800000E+01,+1.709430E-04,+9.910000E+37,+5.285351E+03,+2.150800E+04,
-1.700000E+01,+1.893655E-04,+9.910000E+37,+5.286411E+03,+2.150800E+04,
-1.600000E+01,+2.079868E-04,+9.910000E+37,+5.287472E+03,+2.150800E+04,
-1.500000E+01,+2.265021E-04,+9.910000E+37,+5.288532E+03,+2.150800E+04,
-1.400000E+01,+2.448476E-04,+9.910000E+37,+5.289594E+03,+2.150800E+04,
-1.300000E+01,+2.629433E-04,+9.910000E+37,+5.290651E+03,+2.150800E+04,
-1.200000E+01,+2.807886E-04,+9.910000E+37,+5.291711E+03,+2.150800E+04,
-1.100000E+01,+2.982417E-04,+9.910000E+37,+5.292772E+03,+2.150800E+04,
-1.000000E+01,+3.154115E-04,+9.910000E+37,+5.293852E+03,+2.150800E+04,
-9.000000E+00,+3.323250E-04,+9.910000E+37,+5.294937E+03,+2.150800E+04,
-8.000000E+00,+3.490889E-04,+9.910000E+37,+5.295997E+03,+2.150800E+04,
-7.000000E+00,+3.657461E-04,+9.910000E+37,+5.297083E+03,+2.150800E+04,
-6.000000E+00,+3.823432E-04,+9.910000E+37,+5.298146E+03,+2.150800E+04,
-5.000000E+00,+3.989754E-04,+9.910000E+37,+5.299206E+03,+2.150800E+04,
-4.000000E+00,+4.156794E-04,+9.910000E+37,+5.300265E+03,+2.150800E+04,
-3.000000E+00,+4.325556E-04,+9.910000E+37,+5.301323E+03,+2.150800E+04,
-2.000000E+00,+4.495447E-04,+9.910000E+37,+5.302383E+03,+2.150800E+04,
-1.000000E+00,+4.666713E-04,+9.910000E+37,+5.303442E+03,+2.150800E+04,
+0.000000E+00,+4.839201E-04,+9.910000E+37,+5.304505E+03,+2.150800E+04,
+1.000000E+00,+5.014354E-04,+9.910000E+37,+5.305569E+03,+2.150800E+04,
+2.000000E+00,+5.187282E-04,+9.910000E+37,+5.306648E+03,+2.150800E+04,
+3.000000E+00,+5.359079E-04,+9.910000E+37,+5.307710E+03,+2.150800E+04,
+4.000000E+00,+5.528386E-04,+9.910000E+37,+5.308771E+03,+2.150800E+04,
+5.000000E+00,+5.694494E-04,+9.910000E+37,+5.309831E+03,+2.150800E+04,
+6.000000E+00,+5.856799E-04,+9.910000E+37,+5.310892E+03,+2.150800E+04,
+7.000000E+00,+6.013454E-04,+9.910000E+37,+5.311955E+03,+2.150800E+04,
+8.000000E+00,+6.163747E-04,+9.910000E+37,+5.313018E+03,+2.150800E+04,
+9.000000E+00,+6.307862E-04,+9.910000E+37,+5.314079E+03,+2.150800E+04,
+1.000000E+01,+6.446083E-04,+9.910000E+37,+5.315137E+03,+2.150800E+04,
+1.100000E+01,+6.576551E-04,+9.910000E+37,+5.316196E+03,+2.150800E+04,
+1.200000E+01,+6.699022E-04,+9.910000E+37,+5.317280E+03,+2.150800E+04,
+1.300000E+01,+6.813853E-04,+9.910000E+37,+5.318340E+03,+2.150800E+04,
+1.400000E+01,+6.920382E-04,+9.910000E+37,+5.319401E+03,+2.150800E+04,
+1.500000E+01,+7.018837E-04,+9.910000E+37,+5.320488E+03,+2.150800E+04,
+1.600000E+01,+7.109886E-04,+9.910000E+37,+5.321550E+03,+2.150800E+04




current through plasma (-mA) <tab> voltage across plasma (-V) <tab> time (sec)
0.699390	5203.753153	0.001000
0.703357	5199.353641	0.101000
0.701210	5199.246996	0.201000
0.701133	5197.602792	0.301000
0.701098	5196.117708	0.401000
0.701115	5194.592836	0.501000
0.701098	5193.071747	0.601000
0.701171	5191.551734	0.701000
0.701078	5190.131985	0.801000
0.701062	5188.564796	0.901000
0.701042	5187.046674	1.001000
0.701026	5185.519042	1.101000
0.700988	5183.989453	1.201000
0.701009	5182.438733	1.301000
0.701000	5180.918705	1.401000
0.701032	5179.381020	1.501000
0.701028	5177.850629	1.601000
0.701021	5176.322576	1.701000
0.701106	5174.732452	1.801000
0.701140	5173.189199	1.901000
0.701115	5171.641289	2.001000
0.701067	5170.136151	2.101000
0.701116	5168.584916	2.201000
0.700983	5167.164943	2.301000
0.700953	5165.615959	2.401000
0.700917	5164.075292	2.501000
0.700962	5162.548786	2.601000
0.700895	5161.023827	2.701000
0.700911	5159.508227	2.801000
0.700959	5157.931152	2.901000
0.701074	5156.391119	3.001000
0.701037	5154.884564	3.101000
0.701069	5153.333354	3.201000
0.701027	5151.848290	3.301000
0.701076	5150.314613	3.401000
0.701054	5148.764747	3.501000
0.701038	5147.223429	3.601000
0.700974	5145.760006	3.701000
0.701012	5144.249544	3.801000
0.700888	5142.790152	3.901000
0.700898	5141.277001	4.001000
0.700957	5139.716433	4.101000
0.700963	5138.189073	4.201000
0.700900	5136.689968	4.301000
0.700979	5135.188133	4.401000
0.701048	5133.601510	4.501000
0.701082	5132.091965	4.601000
0.701063	5130.581147	4.701000
0.701015	5129.087346	4.801000
0.701014	5127.547082	4.901000
0.701011	5126.050503	5.001000
0.700954	5124.792921	5.101000
0.700939	5123.734565	5.201000
0.700904	5121.990192	5.301000
0.700967	5120.073285	5.401000
0.700978	5118.568740	5.501000
0.700989	5117.009914	5.601000
0.701079	5115.456170	5.701000
0.701065	5113.977135	5.801000
0.701091	5112.441198	5.901000
0.701116	5110.918340	6.001000
0.701175	5109.384384	6.101000
0.701096	5107.947475	6.201000
0.701095	5106.406351	6.301000
0.701073	5104.909096	6.401000
0.701056	5103.426200	6.501000
0.700996	5101.950014	6.601000
0.701042	5100.386050	6.701000
0.700998	5098.923430	6.801000
0.701044	5097.438006	6.901000
0.701002	5095.988110	7.001000
0.701023	5094.496657	7.101000
0.701069	5092.955930	7.201000
0.701142	5091.431629	7.301000
0.701084	5089.967881	7.401000
0.701100	5088.453413	7.501000
0.701111	5086.933762	7.601000
0.701133	5085.453311	7.701000
0.701039	5083.984559	7.801000
0.701066	5082.450588	7.901000
0.700997	5080.995543	8.001000
0.700959	5079.506738	8.101000
0.700941	5078.010956	8.201000
0.700993	5076.494135	8.301000
0.700970	5075.024692	8.401000
0.701000	5073.541445	8.501000
0.700995	5072.072199	8.601000
0.701043	5070.594917	8.701000
0.701007	5069.084017	8.801000
0.701068	5067.591348	8.901000
0.701044	5066.090727	9.001000
0.701081	5064.607433	9.101000
0.700983	5063.140479	9.201000
0.700969	5061.678123	9.301000
0.700880	5060.210268	9.401000
0.700917	5058.739345	9.501000
0.700900	5057.272440	9.601000
0.700931	5055.774211	9.701000
0.700882	5054.346839	9.801000
0.700950	5052.820570	9.901000
0.700924	5051.334670	10.001000
0.701059	5049.839591	10.101000
0.701071	5048.481721	10.201000
0.701089	5047.238452	10.301000
0.701033	5046.225115	10.401000
0.701022	5044.769563	10.501000
0.701022	5042.929276	10.601000
0.700975	5041.548858	10.701000
0.700889	5040.097380	10.801000
0.700935	5038.545454	10.901000
0.700891	5037.119293	11.001000
0.700863	5035.688703	11.101000
0.700872	5034.162265	11.201000
0.700910	5032.640328	11.301000
0.700960	5031.270885	11.401000
0.700959	5029.730478	11.501000
0.701001	5028.142442	11.601000
0.701071	5026.578803	11.701000
0.701065	5025.174120	11.801000
0.701032	5023.709606	11.901000
0.701003	5022.260298	12.001000
0.700998	5020.831841	12.101000
0.700941	5019.373302	12.201000
0.700900	5017.949865	12.301000
0.700892	5016.487916	12.401000
0.700913	5015.032893	12.501000
0.700901	5013.620591	12.601000
0.700895	5012.159948	12.701000
0.700901	5010.879635	12.801000
0.700957	5009.475091	12.901000
0.701052	5007.995558	13.001000
0.701004	5006.494245	13.101000
0.701006	5004.873146	13.202000
0.701061	5003.340554	13.301000
0.701054	5001.939398	13.401000
0.700976	5000.543369	13.501000
0.700975	4999.109115	13.601000
0.700900	4997.701022	13.701000
0.700879	4996.276070	13.801000
0.700830	4994.832970	13.901000
0.700929	4993.383421	14.001000
0.700886	4991.927653	14.101000
0.700952	4990.477126	14.201000
0.700916	4989.047884	14.301000
0.700978	4987.570619	14.401000
0.701008	4986.085237	14.501000
0.701046	4984.642000	14.601000
0.701018	4983.232612	14.701000
0.701031	4981.891795	14.801000
0.700954	4980.371603	14.901000
0.700972	4978.922804	15.001000
0.700875	4977.600985	15.101000
0.700845	4976.122502	15.201000
0.700793	4974.704667	15.301000
0.700828	4973.248873	15.401000
0.700756	4971.854204	15.501000
0.700776	4970.593505	15.601000
0.700827	4969.285267	15.701000
0.700886	4967.803387	15.801000
0.700951	4966.371017	15.901000
0.700944	4964.933625	16.001000
0.700936	4963.527290	16.101000
0.700978	4962.042373	16.201000
0.701022	4960.563210	16.301000
0.700993	4959.097521	16.401000
0.700946	4957.706969	16.501000
0.700883	4956.293065	16.601000
0.700925	4954.718642	16.701000
0.700816	4953.405667	16.801000
0.700853	4952.007947	16.901000
0.700847	4950.517055	17.001000
0.700895	4949.049160	17.101000
0.700918	4947.813264	17.201000
0.701005	4946.374228	17.301000
0.701049	4944.718866	17.401000
0.701122	4943.268419	17.501000
0.701093	4941.971467	17.601000
0.701099	4940.500628	17.701000
0.701028	4939.126539	17.801000
0.701034	4937.635224	17.901000
0.700989	4936.258123	18.001000
0.700980	4934.758205	18.101000
0.700930	4933.489717	18.201000
0.701067	4931.939506	18.301000
0.701111	4930.503668	18.401000
0.701063	4929.154216	18.501000
0.701106	4927.950408	18.601000
0.701147	4926.362742	18.701000
0.701166	4925.003995	18.801000
0.701167	4923.517323	18.901000
0.701182	4922.224010	19.001000
0.701191	4920.841687	19.101000
0.701198	4919.329782	19.201000
0.701175	4917.932778	19.301000
0.701333	4916.611687	19.401000
0.701261	4915.148017	19.501000
0.701239	4913.735052	19.601000
0.701208	4912.253372	19.701000
0.701235	4910.858608	19.801000
0.701175	4909.621324	19.901000
0.701208	4908.158109	20.001000
0.701259	4906.696855	20.101000
0.701234	4905.410656	20.201000
0.701261	4904.034418	20.301000
0.701362	4902.574237	20.401000
0.701512	4900.941768	20.501000
0.701493	4899.499946	20.601000
0.701481	4898.017352	20.701000
0.701447	4896.744106	20.801000
0.701464	4895.629560	20.901000
0.701383	4894.623197	21.001000
0.701338	4893.188913	21.101000
0.701278	4891.486890	21.201000
0.701326	4889.914642	21.301000
0.701306	4888.580036	21.401000
0.701490	4887.321623	21.501000
0.701520	4885.839725	21.601000
0.701571	4884.462945	21.701000
0.701622	4882.900293	21.801000
0.701596	4881.526793	21.901000
0.701566	4880.158104	22.001000
0.701536	4878.885635	22.101000
0.701566	4877.504304	22.201000
0.701548	4875.942383	22.301000
0.701520	4874.822969	22.401000
0.701473	4873.481839	22.501000
0.701677	4872.012483	22.601000
0.701582	4870.704783	22.701000
0.701601	4869.299960	22.801000
0.701630	4867.905681	22.901000
0.701659	4866.520123	23.001000
0.701635	4865.165642	23.101000
0.701618	4863.769579	23.201000
0.701702	4862.544918	23.301000
0.701696	4861.166813	23.401000
0.701775	4859.814547	23.501000
0.701773	4858.511811	23.601000
0.701791	4857.161100	23.701000
0.701716	4855.817978	23.801000
0.701715	4854.385123	23.901000
0.701725	4853.041629	24.001000
0.701704	4851.735377	24.101000
0.701609	4850.366675	24.201000
0.701610	4848.992654	24.301000
0.701632	4847.658811	24.401000
0.701612	4846.259903	24.501000
0.701640	4844.926762	24.601000
0.701920	4843.327272	24.701000
0.701961	4841.718888	24.801000
0.701926	4840.446010	24.901000
0.701952	4838.977582	25.001000
0.701939	4837.621452	25.101000
0.701926	4836.252105	25.201000
0.701900	4834.727568	25.301000
0.701889	4833.680024	25.401000
0.701846	4832.279703	25.501000
0.701849	4830.747434	25.601000
0.701828	4829.702406	25.701000
0.701819	4828.325585	25.801000
0.701803	4826.717425	25.901000
0.701816	4825.502579	26.001000
0.701801	4824.088298	26.101000
0.701820	4822.874661	26.201000
0.701872	4821.953007	26.301000
0.701882	4820.234624	26.401000
0.701905	4818.660515	26.501000
0.701868	4817.332687	26.601000
0.701866	4815.980975	26.701000
0.702082	4814.606252	26.801000
0.702111	4813.181435	26.901000
0.702064	4811.746589	27.001000
0.702016	4810.414617	27.101000
0.702002	4809.118318	27.201000
0.701936	4807.738948	27.301000
0.701971	4806.471520	27.401000
0.702004	4805.055933	27.501000
0.702025	4803.742933	27.601000
0.702010	4802.458800	27.701000
0.702110	4801.142775	27.801000
0.702362	4799.706633	27.901000
0.702388	4798.293364	28.001000
0.702353	4796.967429	28.101000
0.702349	4795.651701	28.201000
0.702338	4794.288427	28.301000
0.702307	4792.988463	28.401000
0.702237	4791.686062	28.501000
0.702215	4790.392246	28.601000
0.702219	4789.057808	28.701000
0.702159	4787.825268	28.801000
0.702280	4786.405656	28.901000
0.702507	4784.918004	29.001000
0.702535	4783.620477	29.101000
0.702506	4782.271837	29.201000
0.702495	4780.947671	29.301000
0.702527	4779.598777	29.401000
0.702579	4778.291195	29.501000
0.702580	4776.981445	29.601000
0.702550	4775.685993	29.701000
0.702545	4774.349005	29.801000
0.702474	4773.090351	29.901000
0.702695	4771.510123	30.001000
0.702720	4770.241729	30.101000
0.702768	4768.854999	30.201000
0.702704	4767.513502	30.301000
0.702660	4766.443356	30.401000
0.702665	4764.995244	30.501000
0.702692	4763.734869	30.601000
0.702706	4762.382727	30.701000
0.702752	4760.990378	30.801000
0.702761	4759.980860	30.901000
0.702860	4758.606634	31.001000
0.703087	4757.041922	31.101000
0.703076	4755.604963	31.201000
0.703066	4754.384522	31.301000
0.703020	4753.205756	31.401000
0.702969	4752.233219	31.501000
0.702930	4750.941053	31.601000
0.702915	4749.347972	31.701000
0.702910	4747.940710	31.801000
0.702918	4746.657403	31.901000
0.702919	4745.311286	32.001000
0.703098	4744.033405	32.101000
0.703339	4742.541277	32.201000
0.703321	4741.284352	32.301000
0.703392	4739.887475	32.401000
0.703425	4738.556974	32.501000
0.703477	4737.313084	32.601000
0.703446	4736.059647	32.701000
0.703370	4734.869246	32.801000
0.703346	4733.490868	32.901000
0.703318	4732.077873	33.001000
0.703310	4730.764904	33.101000
0.703558	4729.326486	33.201000
0.703654	4727.972406	33.301000
0.703655	4726.622973	33.401000
0.703620	4725.386214	33.501000
0.703620	4724.132177	33.601000
0.703649	4722.847386	33.701000
0.703690	4721.536534	33.801000
0.703659	4720.350985	33.901000
0.703663	4718.974237	34.001000
0.703626	4717.652721	34.101000
0.703713	4716.369719	34.201000
0.703979	4714.868388	34.301000
0.704006	4713.560199	34.401000
0.704008	4712.273750	34.501000
0.703878	4711.061095	34.601000
0.703849	4709.683105	34.701000
0.703837	4708.472377	34.801000
0.703889	4707.181132	34.901000
0.703853	4705.925319	35.001000
0.703899	4704.651040	35.101000
0.703938	4703.352615	35.201000
0.704165	4701.917457	35.301000
0.704301	4700.510329	35.401000
0.704318	4699.225282	35.501000
0.704354	4697.921681	35.601000
0.704333	4696.642432	35.701000
0.704291	4695.391661	35.801000
0.704224	4694.147015	35.901000
0.704160	4692.954943	36.001000
0.704215	4691.588563	36.101000
0.704097	4690.329175	36.201000
0.704144	4689.192456	36.301000
0.704422	4687.683362	36.401000
0.704501	4686.310708	36.501000
0.704492	4685.009145	36.601000
0.704476	4683.909130	36.701000
0.704548	4682.989187	36.801000
0.704490	4681.532577	36.901000
0.704565	4679.977513	37.001000
0.704578	4678.637804	37.101000
0.704606	4677.345550	37.201000
0.704546	4676.099419	37.301000
0.704580	4674.745410	37.401000
0.704857	4673.404267	37.501000
0.704871	4672.072477	37.601000
0.704829	4670.826733	37.701000
0.704693	4669.577854	37.801000
0.704735	4668.388750	37.901000
0.704766	4667.137117	38.001000
0.704726	4665.797734	38.101000
0.704773	4664.594491	38.201000
0.704771	4663.238096	38.301000
0.704844	4662.048327	38.401000
0.704978	4660.627876	38.501000
0.705215	4659.273334	38.601000
0.705241	4658.017002	38.701000
0.705242	4656.656829	38.801000
0.705286	4655.436648	38.901000
0.705256	4654.191466	39.001000
0.705232	4652.964876	39.101000
0.705157	4651.765032	39.201000
0.705084	4650.508668	39.301000
0.705087	4649.227728	39.401000
0.705082	4648.105241	39.501000
0.705236	4646.679100	39.601000
0.705392	4645.249880	39.701000
0.705528	4643.988527	39.801000
0.705575	4642.742032	39.901000
0.705603	4641.446477	40.001000
0.705587	4640.314535	40.101000
0.705599	4638.997744	40.201000
0.705678	4637.721220	40.301000
0.705667	4636.514016	40.401000
0.705630	4635.227818	40.501000
0.705513	4633.956486	40.601000
0.705857	4632.402685	40.701000
0.705925	4631.190229	40.801000
0.705885	4629.870214	40.901000
0.705900	4628.632328	41.001000
0.705841	4627.484639	41.101000
0.705829	4626.234146	41.201000
0.705815	4625.077965	41.301000
0.705820	4623.712042	41.401000
0.705820	4622.555091	41.501000
0.705803	4621.221303	41.601000
0.705892	4620.028868	41.701000
0.706272	4618.654044	41.801000
0.706344	4617.187871	41.901000
0.706361	4616.167019	42.001000
0.706342	4615.254652	42.101000
0.706343	4614.011172	42.201000
0.706300	4612.520495	42.301000
0.706239	4611.075489	42.401000
0.706137	4609.889890	42.501000
0.706158	4608.678032	42.601000
0.706180	4607.414016	42.701000
0.706291	4606.233779	42.801000
0.706562	4604.776666	42.901000
0.706596	4603.456758	43.001000
0.706636	4602.259810	43.101000
0.706643	4601.018046	43.201000
0.706691	4599.804932	43.301000
0.706675	4598.635320	43.401000
0.706647	4597.712460	43.501000
0.706654	4596.418979	43.601000
0.706672	4595.224070	43.701000
0.706683	4593.959113	43.801000
0.706837	4592.637120	43.901000
0.706956	4591.267711	44.001000
0.706981	4589.988269	44.101000
0.707037	4588.775041	44.201000
0.706989	4587.540364	44.301000
0.706913	4586.378963	44.401000
0.706915	4585.162137	44.501000
0.706959	4583.918931	44.601000
0.706993	4582.725139	44.701000
0.706956	4581.518907	44.801000
0.707027	4580.249698	44.901000
0.707432	4578.748891	45.001000
0.707463	4577.482432	45.101000
0.707445	4576.149818	45.201000
0.707397	4574.836991	45.301000
0.707378	4573.559469	45.401000
0.707355	4572.228440	45.501000
0.707402	4571.066949	45.601000
0.707404	4569.937056	45.701000
0.707327	4568.782028	45.801000
0.707271	4567.497467	45.901000
0.707395	4566.318796	46.001000
0.707784	4565.043173	46.101000
0.707864	4563.888171	46.201000
0.707811	4562.593218	46.301000
0.707849	4561.388035	46.401000
0.707829	4560.188098	46.501000
0.707941	4558.960973	46.601000
0.707922	4557.740453	46.701000
0.707946	4556.533660	46.801000
0.707986	4555.272919	46.901000
0.707913	4554.153556	47.001000
0.708218	4552.718968	47.101000
0.708303	4551.419756	47.201000
0.708308	4550.220836	47.301000
0.708327	4549.347290	47.401000
0.708300	4548.109182	47.501000
0.708379	4546.560665	47.601000
0.708328	4545.452286	47.701000
0.708338	4544.299608	47.801000
0.708368	4543.100728	47.901000
0.708418	4541.686394	48.001000
0.708493	4540.605226	48.101000
0.708880	4539.111189	48.201000
0.709000	4537.747069	48.301000
0.709005	4536.575071	48.401000
0.709059	4535.264437	48.501000
0.709091	4534.216962	48.601000
0.709091	4532.995166	48.701000
0.709064	4531.720797	48.801000
0.708948	4530.628113	48.901000
0.708915	4529.435768	49.001000
0.708899	4528.294854	49.101000
0.708996	4527.101413	49.201000
0.709397	4525.571048	49.301000
0.709421	4524.220256	49.401000
0.709468	4523.042321	49.501000
0.709537	4521.850742	49.601000
0.709539	4520.674343	49.701000
0.709605	4519.449016	49.801000
0.709628	4518.174315	49.901000
0.709679	4517.116891	50.001000
0.709614	4515.825589	50.101000
0.709579	4514.775345	50.201000
0.709973	4513.348949	50.301000
0.710178	4511.955133	50.402000
0.710218	4510.724593	50.501000
0.710239	4509.559774	50.601000
0.710215	4508.405277	50.701000
0.710202	4507.212546	50.801000
0.710116	4506.066620	50.901000
0.710103	4504.870707	51.001000
0.710108	4503.671284	51.101000
0.710096	4502.574741	51.201000
0.710105	4501.348130	51.301000
0.710588	4499.879959	51.401000
0.710756	4498.508721	51.501000
0.710915	4497.212058	51.601000
0.710950	4496.079536	51.701000
0.710924	4494.911551	51.801000
0.710929	4493.778200	51.901000
0.710919	4492.586466	52.001000
0.710855	4491.441890	52.101000
0.710798	4490.311348	52.201000
0.710810	4489.148501	52.301000
0.710912	4487.851894	52.401000
0.711424	4486.357886	52.501000
0.711491	4485.086300	52.601000
0.711507	4484.182186	52.701000
0.711538	4483.011096	52.801000
0.711552	4481.654870	52.901000
0.711486	4480.407944	53.001000
0.711537	4479.231133	53.101000
0.711608	4477.960701	53.201000
0.711591	4476.914981	53.301000
0.711555	4475.680502	53.401000
0.711901	4474.372473	53.501000
0.712356	4472.948412	53.601000
0.712373	4471.639951	53.701000
0.712363	4470.578795	53.801000
0.712379	4469.375983	53.901000
0.712278	4468.294487	54.001000
0.712273	4467.149680	54.101000
0.712248	4466.012440	54.201000
0.712265	4464.853840	54.301000
0.712343	4463.724989	54.401000
0.712332	4462.788968	54.501000
0.712981	4460.908267	54.601000
0.713155	4459.426688	54.701000
0.713203	4458.301954	54.801000
0.713230	4457.256479	54.901000
0.713140	4456.117654	55.001000
0.713209	4455.018905	55.101000
0.713236	4453.835941	55.201000
0.713162	4452.705502	55.301000
0.713157	4451.610338	55.401000
0.713158	4450.323698	55.501000
0.713268	4449.368369	55.601000
0.713888	4447.818113	55.701000
0.713978	4446.512292	55.801000
0.713984	4445.423042	55.901000
0.713916	4444.252170	56.001000
0.713926	4443.067918	56.101000
0.714011	4442.038225	56.201000
0.714072	4440.729165	56.301000
0.714119	4439.671146	56.401000
0.714080	4438.525206	56.501000
0.714069	4437.287596	56.601000
0.714543	4435.849005	56.701000
0.714912	4434.454339	56.801000
0.714855	4433.338452	56.901000
0.714843	4432.193239	57.001000
0.714815	4431.076993	57.101000
0.714755	4429.953301	57.201000
0.714720	4429.163765	57.301000
0.714701	4427.944075	57.401000
0.714775	4426.183637	57.501000
0.714770	4425.330866	57.601000
0.714784	4424.011381	57.701000
0.715548	4422.391427	57.801000
0.715658	4421.113779	57.901000
0.715688	4420.550968	58.001000
0.715697	4419.101820	58.101000
0.715793	4417.652343	58.201000
0.715862	4416.433029	58.301000
0.715824	4415.318861	58.401000
0.715758	4414.242551	58.501000
0.715727	4413.087933	58.601000
0.715697	4411.988992	58.701000
0.715906	4410.781423	58.801000
0.716419	4409.311409	58.901000
0.716409	4408.031916	59.001000
0.716429	4406.880386	59.101000
0.716425	4405.795713	59.201000
0.716477	4404.735554	59.301000
0.716447	4403.497968	59.401000
0.716481	4402.569113	59.501000
0.716548	4401.210356	59.601000
0.716554	4400.093243	59.701000
0.716645	4399.040407	59.802000
0.717127	4397.554842	59.901000
0.717448	4396.175055	60.001000
0.717525	4394.931804	60.101000
0.717524	4393.876970	60.201000
0.717529	4392.661687	60.301000
0.717518	4391.713137	60.402000
0.717494	4390.680885	60.501000
0.717474	4389.539667	60.601000
0.717397	4388.460702	60.702000
0.717370	4387.368950	60.801000
0.717445	4386.313620	60.902000
0.718144	4384.626426	61.001000
0.718222	4383.386036	61.101000
0.718299	4382.339289	61.201000
0.718363	4380.834893	61.301000
0.718380	4379.535051	61.401000
0.718383	4378.401075	61.501000
0.718377	4377.387182	61.601000
0.718462	4376.251650	61.701000
0.718466	4375.585407	61.801000
0.718446	4374.510149	61.901000
0.718531	4372.857823	62.001000
0.719296	4371.163910	62.101000
0.719334	4369.963378	62.201000
0.719303	4369.007179	62.301000
0.719285	4367.743831	62.401000
0.719366	4366.594089	62.501000
0.719396	4365.568217	62.601000
0.719330	4364.384085	62.701000
0.719329	4363.283675	62.801000
0.719338	4362.180620	62.901000
0.719413	4361.154780	63.001000
0.719807	4359.702584	63.101000
0.720309	4358.540742	63.201000
0.720430	4357.657551	63.301000
0.720437	4356.321175	63.401000
0.720372	4354.838592	63.501000
0.720369	4353.742567	63.601000
0.720352	4352.650165	63.701000
0.720419	4351.496074	63.801000
0.720352	4350.443361	63.901000
0.720303	4349.446898	64.001000
0.720383	4348.256709	64.101000
0.721010	4346.711214	64.201000
0.721267	4345.388199	64.301000
0.721344	4344.362703	64.401000
0.721431	4343.098394	64.501000
0.721483	4341.970618	64.601000
0.721448	4340.952465	64.701000
0.721461	4339.794075	64.801000
0.721494	4338.690212	64.901000
0.721434	4337.681029	65.001000
0.721417	4336.573479	65.101000
0.721468	4335.461668	65.201000
0.722183	4333.856182	65.301000
0.722355	4332.692766	65.401000
0.722273	4331.513208	65.501000
0.722272	4330.413903	65.601000
0.722322	4329.347452	65.701000
0.722340	4328.230325	65.801000
0.722339	4327.098242	65.901000
0.722321	4326.062759	66.001000
