-6.000000E+01,-1.775403E-09,+9.910000E+37,+4.930762E+01,+2.150800E+04,
-5.950000E+01,-1.433547E-09,+9.910000E+37,+5.036621E+01,+2.150800E+04,
-5.900000E+01,-6.626920E-10,+9.910000E+37,+5.142285E+01,+2.150800E+04,
-5.850000E+01,-9.214952E-10,+9.910000E+37,+5.248242E+01,+2.150800E+04,
-5.800000E+01,-7.960312E-10,+9.910000E+37,+5.354199E+01,+2.150800E+04,
-5.750000E+01,-5.432874E-10,+9.910000E+37,+5.459766E+01,+2.150800E+04,
-5.700000E+01,-4.434217E-10,+9.910000E+37,+5.565625E+01,+2.150800E+04,
-5.650000E+01,-4.527619E-10,+9.910000E+37,+5.671582E+01,+2.150800E+04,
-5.600000E+01,-5.058755E-10,+9.910000E+37,+5.777441E+01,+2.150800E+04,
-5.550000E+01,-4.225701E-10,+9.910000E+37,+5.883301E+01,+2.150800E+04,
-5.500000E+01,-5.138528E-10,+9.910000E+37,+5.989160E+01,+2.150800E+04,
-5.450000E+01,-3.936908E-10,+9.910000E+37,+6.095117E+01,+2.150800E+04,
-5.400000E+01,-5.511636E-10,+9.910000E+37,+6.200977E+01,+2.150800E+04,
-5.350000E+01,-3.512302E-10,+9.910000E+37,+6.306934E+01,+2.150800E+04,
-5.300000E+01,-4.001029E-10,+9.910000E+37,+6.412793E+01,+2.150800E+04,
-5.250000E+01,-2.544949E-10,+9.910000E+37,+6.518750E+01,+2.150800E+04,
-5.200000E+01,-2.782243E-10,+9.910000E+37,+6.624414E+01,+2.150800E+04,
-5.150000E+01,-1.655344E-10,+9.910000E+37,+6.730469E+01,+2.150800E+04,
-5.100000E+01,-9.929385E-11,+9.910000E+37,+6.836621E+01,+2.150800E+04,
-5.050000E+01,-1.617982E-10,+9.910000E+37,+6.944629E+01,+2.150800E+04,
-5.000000E+01,-8.960006E-11,+9.910000E+37,+7.050391E+01,+2.150800E+04,
-4.950000E+01,-2.265749E-10,+9.910000E+37,+7.156641E+01,+2.150800E+04,
-4.900000E+01,-2.002198E-10,+9.910000E+37,+7.262793E+01,+2.150800E+04,
-4.850000E+01,-1.548815E-10,+9.910000E+37,+7.369043E+01,+2.150800E+04,
-4.800000E+01,-1.392349E-09,+9.910000E+37,+7.477148E+01,+2.150800E+04,
-4.750000E+01,-1.717949E-10,+9.910000E+37,+7.583301E+01,+2.150800E+04,
-4.700000E+01,+3.010307E-11,+9.910000E+37,+7.689160E+01,+2.150800E+04,
-4.650000E+01,-1.367561E-10,+9.910000E+37,+7.795508E+01,+2.150800E+04,
-4.600000E+01,-3.380065E-13,+9.910000E+37,+7.901270E+01,+2.150800E+04,
-4.550000E+01,-1.379173E-10,+9.910000E+37,+8.007129E+01,+2.150800E+04,
-4.500000E+01,+5.171097E-10,+9.910000E+37,+8.113281E+01,+2.150800E+04,
-4.450000E+01,-1.606875E-10,+9.910000E+37,+8.221094E+01,+2.150800E+04,
-4.400000E+01,-1.735621E-10,+9.910000E+37,+8.329297E+01,+2.150800E+04,
-4.350000E+01,-8.768150E-11,+9.910000E+37,+8.435449E+01,+2.150800E+04,
-4.300000E+01,-5.971101E-11,+9.910000E+37,+8.544336E+01,+2.150800E+04,
-4.250000E+01,-1.144907E-10,+9.910000E+37,+8.650293E+01,+2.150800E+04,
-4.200000E+01,-1.581126E-10,+9.910000E+37,+8.756250E+01,+2.150800E+04,
-4.150000E+01,-1.281730E-10,+9.910000E+37,+8.862402E+01,+2.150800E+04,
-4.100000E+01,-2.313709E-10,+9.910000E+37,+8.968262E+01,+2.150800E+04,
-4.050000E+01,-6.566858E-11,+9.910000E+37,+9.074609E+01,+2.150800E+04,
-4.000000E+01,-6.369954E-11,+9.910000E+37,+9.180664E+01,+2.150800E+04,
-3.950000E+01,-1.431680E-10,+9.910000E+37,+9.286816E+01,+2.150800E+04,
-3.900000E+01,+1.632127E-11,+9.910000E+37,+9.392969E+01,+2.150800E+04,
-3.850000E+01,+8.053525E-11,+9.910000E+37,+9.501172E+01,+2.150800E+04,
-3.800000E+01,+2.147051E-11,+9.910000E+37,+9.607227E+01,+2.150800E+04,
-3.750000E+01,-9.222968E-12,+9.910000E+37,+9.713281E+01,+2.150800E+04,
-3.700000E+01,-9.212448E-11,+9.910000E+37,+9.819141E+01,+2.150800E+04,
-3.650000E+01,+4.812536E-11,+9.910000E+37,+9.925098E+01,+2.150800E+04,
-3.600000E+01,+5.165916E-11,+9.910000E+37,+1.003115E+02,+2.150800E+04,
-3.550000E+01,+1.798720E-11,+9.910000E+37,+1.013721E+02,+2.150800E+04,
-3.500000E+01,+6.325699E-12,+9.910000E+37,+1.024307E+02,+2.150800E+04,
-3.450000E+01,-6.698838E-12,+9.910000E+37,+1.034902E+02,+2.150800E+04,
-3.400000E+01,-7.016197E-11,+9.910000E+37,+1.045488E+02,+2.150800E+04,
-3.350000E+01,+8.395491E-12,+9.910000E+37,+1.056289E+02,+2.150800E+04,
-3.300000E+01,+1.904734E-11,+9.910000E+37,+1.066904E+02,+2.150800E+04,
-3.250000E+01,-7.197960E-11,+9.910000E+37,+1.077471E+02,+2.150800E+04,
-3.200000E+01,-4.385767E-11,+9.910000E+37,+1.088076E+02,+2.150800E+04,
-3.150000E+01,-8.076456E-11,+9.910000E+37,+1.098652E+02,+2.150800E+04,
-3.100000E+01,-1.492793E-11,+9.91000










































current through plasma (-mA) <tab> voltage across plasma (-V) <tab> time (sec)
1.242677	3335.595475	0.001000
1.240159	3335.593697	0.101000
1.240268	3334.820407	0.201000
1.240272	3334.083169	0.301000
1.240330	3333.313074	0.401000
1.240329	3332.586117	0.501000
1.240352	3331.834335	0.601000
1.240280	3331.263074	0.701000
1.240293	3330.370085	0.801000
1.240302	3329.597763	0.901000
1.240336	3328.847772	1.001000
1.240293	3328.099961	1.101000
1.240268	3327.363917	1.201000
1.240237	3326.580140	1.301000
1.240221	3325.851863	1.401000
1.240166	3325.078139	1.501000
1.240132	3324.332456	1.601000
1.240206	3323.567434	1.701000
1.240235	3322.788503	1.801000
1.240197	3322.052705	1.901000
1.240182	3321.303938	2.001000
1.240217	3320.519326	2.101000
1.240244	3319.782491	2.201000
1.240245	3319.000453	2.301000
1.240287	3318.232992	2.401000
1.240328	3317.448587	2.501000
1.240319	3316.996747	2.601000
1.240314	3316.532202	2.701000
1.240360	3315.498777	2.801000
1.240399	3314.362232	2.901000
1.240348	3313.627281	3.001000
1.240324	3312.865253	3.101000
1.240329	3312.122153	3.201000
1.240410	3311.327806	3.301000
1.240398	3310.574961	3.401000
1.240377	3309.816632	3.501000
1.240334	3309.068599	3.601000
1.240290	3308.342456	3.701000
1.240182	3307.609386	3.801000
1.240179	3306.835028	3.902000
1.240177	3306.069535	4.001000
1.240216	3305.308779	4.101000
1.240189	3304.569004	4.201000
1.240207	3303.800646	4.301000
1.240210	3303.023876	4.401000
1.240260	3302.254933	4.501000
1.240257	3301.493616	4.601000
1.240292	3300.708488	4.701000
1.240317	3299.935609	4.801000
1.240411	3299.168900	4.901000
1.240396	3298.437948	5.001000
1.240436	3297.665214	5.101000
1.240441	3296.894577	5.201000
1.240422	3296.174189	5.301000
1.240316	3295.475992	5.401000
1.240274	3294.731842	5.501000
1.240290	3293.972885	5.601000
1.240307	3293.248814	5.701000
1.240299	3292.481431	5.801000
1.240241	3291.762038	5.901000
1.240202	3291.019764	6.001000
1.240186	3290.263320	6.101000
1.240151	3289.522713	6.201000
1.240163	3288.764768	6.301000
1.240188	3288.006469	6.401000
1.240191	3287.247234	6.501000
1.240208	3286.479194	6.601000
1.240237	3285.699818	6.701000
1.240294	3284.909100	6.801000
1.240258	3284.186654	6.901000
1.240220	3283.495845	7.001000
1.240242	3282.686409	7.101000
1.240315	3281.883666	7.201000
1.240298	3281.162841	7.301000
1.240292	3280.418641	7.401000
1.240297	3279.649504	7.501000
1.240315	3278.929238	7.601000
1.240358	3278.210707	7.701000
1.240376	3277.463182	7.801000
1.240371	3277.428149	7.901000
1.240370	3276.499626	8.001000
1.240427	3275.420753	8.101000
1.240374	3274.537846	8.201000
1.240365	3273.782226	8.301000
1.240382	3273.039246	8.401000
1.240321	3272.329305	8.501000
1.240275	3271.610769	8.601000
1.240298	3270.861052	8.701000
1.240366	3270.081829	8.801000
1.240358	3269.351230	8.901000
1.240329	3268.598427	9.001000
1.240327	3267.864356	9.101000
1.240335	3267.117117	9.201000
1.240336	3266.336770	9.301000
1.240328	3265.575051	9.401000
1.240315	3264.816242	9.501000
1.240392	3264.053159	9.601000
1.240386	3263.336137	9.701000
1.240359	3262.606635	9.801000
1.240354	3261.872407	9.901000
1.240352	3261.127802	10.001000
1.240288	3260.434284	10.101000
1.240212	3259.760414	10.201000
1.240172	3258.992294	10.301000
1.240215	3258.242502	10.401000
1.240155	3257.500492	10.501000
1.240141	3256.734919	10.601000
1.240121	3255.997223	10.701000
1.240148	3255.252794	10.801000
1.240140	3254.521899	10.901000
1.240116	3253.793095	11.001000
1.240147	3253.041842	11.101000
1.240231	3252.274329	11.201000
1.240245	3251.585427	11.301000
1.240257	3250.797540	11.401000
1.240245	3250.046163	11.501000
1.240308	3249.285472	11.601000
1.240237	3248.594415	11.701000
1.240192	3247.890025	11.801000
1.240180	3247.163331	11.901000
1.240196	3246.435281	12.001000
1.240177	3245.706791	12.101000
1.240129	3245.000182	12.201000
1.240080	3244.315970	12.301000
1.240041	3243.585188	12.401000
1.239997	3242.842281	12.501000
1.239976	3242.114753	12.601000
1.239985	3241.364715	12.701000
1.240072	3240.605647	12.801000
1.240124	3239.868298	12.901000
1.240093	3239.167762	13.001000
1.240115	3238.987376	13.101000
1.240143	3238.208462	13.201000
1.240169	3237.139899	13.301000
1.240143	3236.279199	13.401000
1.240139	3235.483019	13.501000
1.240172	3234.741769	13.601000
1.240146	3234.029457	13.701000
1.240146	3233.272658	13.801000
1.240140	3232.527678	13.901000
1.240157	3231.802793	14.001000
1.240151	3231.101136	14.101000
1.240065	3230.401730	14.201000
1.240012	3229.686459	14.301000
1.240033	3228.986282	14.401000
1.240069	3228.279738	14.501000
1.240036	3227.548974	14.601000
1.240015	3226.810170	14.701000
1.240008	3226.084064	14.801000
1.240029	3225.341471	14.901000
1.240008	3224.628100	15.001000
1.240066	3223.895542	15.101000
1.240078	3223.121599	15.201000
1.240109	3222.385724	15.301000
1.240064	3221.680887	15.401000
1.240090	3220.973546	15.501000
1.240080	3220.214230	15.601000
1.240059	3219.482637	15.701000
1.240023	3218.765220	15.801000
1.240053	3218.032005	15.901000
1.240058	3217.319589	16.001000
1.240092	3216.585622	16.101000
1.240030	3215.879197	16.201000
1.239977	3215.173558	16.301000
1.239936	3214.461476	16.401000
1.239945	3213.757680	16.501000
1.239939	3213.109470	16.601000
1.239905	3212.351226	16.701000
1.239905	3211.625582	16.801000
1.239891	3210.907340	16.901000
1.239841	3210.199675	17.001000
1.239882	3209.474520	17.101000
1.239890	3208.730415	17.201000
1.239949	3208.000854	17.301000
1.239992	3207.278863	17.401000
1.239965	3206.583905	17.501000
1.239963	3205.896552	17.601000
1.240040	3205.166611	17.701000
1.240077	3204.419306	17.801000
1.240118	3203.692815	17.901000
1.240105	3202.977200	18.001000
1.240102	3202.274223	18.101000
1.240127	3201.563216	18.201000
1.240068	3201.201045	18.301000
1.240045	3200.803932	18.401000
1.239994	3199.899207	18.501000
1.239940	3198.816292	18.601000
1.239920	3198.175159	18.701000
1.239895	3197.436317	18.801000
1.239886	3196.703270	18.901000
1.239895	3196.000224	19.001000
1.239877	3195.311277	19.101000
1.239880	3194.587528	19.201000
1.239922	3193.864233	19.301000
1.240014	3193.133257	19.401000
1.240041	3192.407989	19.501000
1.240043	3191.715571	19.601000
1.240051	3190.991527	19.701000
1.240105	3190.314226	19.801000
1.240080	3189.555967	19.901000
1.240015	3188.872547	20.001000
1.239998	3188.172458	20.101000
1.239960	3187.457133	20.201000
1.239988	3186.761989	20.301000
1.239978	3186.059654	20.401000
1.239981	3185.332820	20.501000
1.239944	3184.635115	20.601000
1.239934	3183.924784	20.701000
1.239832	3183.276136	20.801000
1.239804	3182.620387	20.901000
1.239816	3181.885785	21.001000
1.239921	3181.165860	21.101000
1.239930	3180.468059	21.201000
1.239926	3179.745490	21.301000
1.239908	3179.041283	21.401000
1.239974	3178.316625	21.501000
1.239966	3177.633487	21.601000
1.239925	3176.956620	21.701000
1.239931	3176.238808	21.801000
1.239972	3175.575207	21.901000
1.239962	3174.829322	22.001000
1.239970	3174.119685	22.101000
1.239950	3173.392767	22.201000
1.239918	3172.701950	22.301000
1.239921	3172.008677	22.401000
1.239865	3171.345700	22.501000
1.239863	3170.664082	22.601000
1.239902	3169.961425	22.701000
1.239926	3169.255732	22.801000
1.239862	3168.579150	22.901000
1.239863	3167.921654	23.001000
1.239852	3167.173123	23.101000
1.239860	3166.448051	23.201000
1.239766	3165.788987	23.301000
1.239741	3165.102198	23.401000
1.239786	3164.400666	23.501000
1.239789	3164.305771	23.601000
1.239876	3163.480821	23.701000
1.239907	3162.407397	23.801000
1.239910	3161.540440	23.901000
1.239963	3160.844635	24.001000
1.239954	3160.158710	24.101000
1.239930	3159.437603	24.201000
1.239978	3158.729632	24.301000
1.240012	3158.018145	24.401000
1.240098	3157.312584	24.501000
1.239967	3156.656624	24.601000
1.239881	3155.988178	24.701000
1.239839	3155.286966	24.801000
1.239892	3154.583373	24.901000
1.239848	3153.920713	25.001000
1.239728	3153.359220	25.101000
1.239713	3152.621671	25.201000
1.239742	3151.908959	25.301000
1.239755	3151.218474	25.401000
1.239753	3150.523141	25.501000
1.239762	3149.840688	25.601000
1.239761	3149.116488	25.701000
1.239805	3148.411864	25.801000
1.239791	3147.722695	25.901000
1.239795	3147.012584	26.001000
1.239845	3146.319626	26.101000
1.239904	3145.654749	26.201000
1.239876	3144.905515	26.301000
1.239904	3144.194419	26.401000
1.239931	3143.495218	26.501000
1.239982	3142.791154	26.601000
1.239865	3142.142136	26.701000
1.239836	3141.478158	26.801000
1.239816	3140.807404	26.901000
1.239824	3140.114142	27.001000
1.239834	3139.434490	27.101000
1.239784	3138.779846	27.201000
1.239721	3138.115563	27.301000
1.239748	3137.379325	27.401000
1.239750	3136.685025	27.501000
1.239697	3136.010542	27.601000
1.239730	3135.308333	27.701000
1.239801	3134.603264	27.801000
1.239934	3133.904284	27.901000
1.239964	3133.213355	28.001000
1.239957	3132.561200	28.101000
1.239986	3131.838599	28.201000
1.240046	3131.181155	28.301000
1.240070	3130.497518	28.401000
1.239969	3129.833731	28.501000
1.239928	3129.147617	28.601000
1.239896	3128.483041	28.701000
1.239895	3128.329336	28.801000
1.239866	3127.636951	28.901000
1.239807	3126.637078	29.001000
1.239773	3125.787546	29.101000
1.239783	3125.083695	29.201000
1.239766	3124.419529	29.301000
1.239758	3123.812835	29.401000
1.239798	3123.071188	29.501000
1.239830	3122.380785	29.601000
1.239878	3121.699060	29.701000
1.239912	3120.998413	29.801000
1.239966	3120.288140	29.901000
1.239966	3119.590547	30.001000
1.239992	3118.916063	30.101000
1.239918	3118.261940	30.201000
1.239934	3117.559621	30.301000
1.239919	3116.868322	30.401000
1.239962	3116.218787	30.501000
1.239970	3115.502865	30.601000
1.239927	3114.855256	30.701000
1.239899	3114.195409	30.801000
1.239914	3113.492189	30.901000
1.239920	3112.833113	31.001000
1.239879	3112.200587	31.101000
1.239882	3111.497296	31.201000
1.239876	3110.840803	31.301000
1.239982	3110.146763	31.401000
1.239985	3109.514609	31.501000
1.239947	3108.879053	31.601000
1.239945	3108.166894	31.701000
1.239966	3107.491345	31.801000
1.239911	3106.824125	31.901000
1.239823	3106.188563	32.001000
1.239835	3105.526006	32.101000
1.239848	3104.823162	32.201000
1.239900	3104.138601	32.301000
1.239910	3103.473962	32.401000
1.239983	3102.772117	32.501000
1.239987	3102.141756	32.601000
1.240008	3101.423563	32.701000
1.239972	3100.768658	32.801000
1.239888	3100.123379	32.901000
1.239845	3099.463283	33.001000
1.239852	3098.805520	33.101000
1.239891	3098.099168	33.201000
1.239789	3097.448003	33.301000
1.239751	3096.764561	33.401000
1.239708	3096.107035	33.501000
1.239710	3095.445716	33.601000
1.239693	3094.849105	33.701000
1.239639	3094.136163	33.801000
1.239592	3093.458875	33.901000
1.239598	3093.122555	34.001000
1.239617	3092.703204	34.101000
1.239616	3091.658226	34.201000
1.239566	3090.736372	34.301000
1.239624	3090.048248	34.401000
1.239657	3089.385776	34.501000
1.239669	3088.734946	34.601000
1.239701	3088.080557	34.701000
1.239705	3087.399841	34.801000
1.239762	3086.693402	34.901000
1.239758	3086.049170	35.001000
1.239688	3085.445563	35.101000
1.239579	3084.779388	35.201000
1.239556	3084.106639	35.301000
1.239553	3083.456304	35.401000
1.239480	3082.823860	35.501000
1.239433	3082.195923	35.601000
1.239437	3081.542145	35.701000
1.239472	3080.933217	35.801000
1.239510	3080.205972	35.901000
1.239500	3079.558390	36.001000
1.239506	3078.899355	36.101000
1.239534	3078.185230	36.201000
1.239532	3077.517226	36.301000
1.239557	3076.851544	36.401000
1.239604	3076.173422	36.501000
1.239636	3075.495701	36.601000
1.239676	3074.840045	36.701000
1.239664	3074.161782	36.801000
1.239607	3073.587847	36.901000
1.239613	3072.877237	37.001000
1.239632	3072.234984	37.101000
1.239623	3071.555404	37.201000
1.239485	3070.952376	37.301000
1.239431	3070.324272	37.401000
1.239434	3069.675265	37.501000
1.239487	3069.014268	37.601000
1.239478	3068.349174	37.701000
1.239476	3067.699947	37.801000
1.239462	3067.046404	37.901000
1.239494	3066.399484	38.001000
1.239566	3065.711661	38.101000
1.239602	3065.024832	38.201000
1.239587	3064.391070	38.301000
1.239598	3063.734775	38.401000
1.239636	3063.079549	38.501000
1.239652	3062.385934	38.601000
1.239663	3061.740679	38.701000
1.239657	3061.077585	38.801000
1.239678	3060.403311	38.901000
1.239668	3059.770097	39.001000
1.239603	3059.145237	39.101000
1.239567	3058.575543	39.201000
1.239571	3058.541139	39.301000
1.239563	3057.685895	39.401000
1.239586	3056.621115	39.501000
1.239512	3055.934303	39.601000
1.239457	3055.285840	39.701000
1.239439	3054.615906	39.801000
1.239425	3053.969369	39.901000
1.239343	3053.341720	40.001000
1.239329	3052.760349	40.101000
1.239378	3052.031746	40.201000
1.239457	3051.375975	40.301000
1.239504	3050.692850	40.401000
1.239477	3050.079009	40.501000
1.239470	3049.412278	40.601000
1.239502	3048.763291	40.701000
1.239592	3048.096473	40.801000
1.239581	3047.448222	40.901000
1.239538	3046.820306	41.001000
1.239564	3046.162831	41.101000
1.239581	3045.572778	41.201000
1.239602	3044.881297	41.301000
1.239571	3044.242554	41.401000
1.239602	3043.559364	41.501000
1.239545	3042.929709	41.601000
1.239560	3042.300282	41.701000
1.239569	3041.655517	41.801000
1.239509	3041.038054	41.901000
1.239478	3040.414152	42.001000
1.239494	3039.787766	42.101000
1.239570	3039.123638	42.201000
1.239543	3038.544420	42.301000
1.239574	3037.834314	42.401000
1.239589	3037.179279	42.501000
1.239643	3036.557603	42.601000
1.239671	3035.921533	42.701000
1.239586	3035.345354	42.801000
1.239524	3034.747502	42.901000
1.239576	3034.101445	43.001000
1.239665	3033.451083	43.101000
1.239627	3032.814473	43.201000
1.239599	3032.188728	43.301000
1.239560	3031.526387	43.401000
1.239546	3030.825789	43.501000
1.239573	3030.171872	43.601000
1.239535	3029.530869	43.701000
1.239502	3028.893193	43.801000
1.239508	3028.252607	43.901000
1.239568	3027.608024	44.001000
1.239617	3026.962086	44.101000
1.239616	3026.297278	44.201000
1.239641	3025.631167	44.301000
1.239619	3025.043044	44.401000
1.239623	3024.992289	44.501000
1.239634	3024.248207	44.601000
1.239581	3023.243752	44.701000
1.239599	3022.462595	44.801000
1.239640	3021.825164	44.901000
1.239668	3021.157638	45.001000
1.239651	3020.541747	45.101000
1.239662	3019.908104	45.201000
1.239695	3019.246715	45.301000
1.239755	3018.602932	45.401000
1.239748	3018.021251	45.501000
1.239707	3017.328474	45.601000
1.239682	3016.684179	45.701000
1.239704	3016.055603	45.801000
1.239781	3015.399861	45.901000
1.239761	3014.790067	46.001000
1.239709	3014.216999	46.101000
1.239642	3013.581859	46.201000
1.239659	3012.955097	46.301000
1.239670	3012.321961	46.401000
1.239624	3011.759052	46.501000
1.239549	3011.151080	46.601000
1.239549	3010.923894	46.701000
1.239575	3010.572910	46.801000
1.239572	3009.214543	46.901000
1.239605	3008.578917	47.001000
1.239651	3007.918145	47.101000
1.239644	3007.278326	47.201000
1.239688	3006.629530	47.301000
1.239692	3005.998562	47.401000
1.239676	3005.378713	47.501000
1.239705	3004.772176	47.601000
1.239707	3004.123647	47.701000
1.239717	3003.470444	47.801000
1.239644	3002.851300	47.901000
1.239633	3002.216015	48.001000
1.239636	3001.588691	48.101000
1.239650	3000.972871	48.201000
1.239593	3000.340213	48.301000
1.239490	2999.756876	48.401000
1.239429	2999.143611	48.501000
1.239423	2998.508968	48.601000
1.239481	2997.934328	48.701000
1.239505	2997.251667	48.801000
1.239476	2996.633606	48.901000
1.239507	2995.993314	49.001000
1.239574	2995.339207	49.101000
1.239630	2994.698607	49.201000
1.239634	2994.058312	49.301000
1.239685	2993.427670	49.401000
1.239686	2992.797446	49.501000
1.239730	2992.162081	49.601000
1.239808	2991.912124	49.701000
1.239837	2991.519484	49.801000
1.239792	2990.567880	49.901000
1.239734	2989.705276	50.001000
1.239739	2989.127697	50.101000
1.239722	2988.493628	50.201000
1.239664	2987.879262	50.301000
1.239601	2987.272897	50.401000
1.239568	2986.677068	50.501000
1.239514	2986.079531	50.601000
1.239500	2985.452718	50.701000
1.239518	2984.864437	50.801000
1.239486	2984.236840	50.901000
1.239522	2983.579295	51.001000
1.239572	2982.959376	51.101000
1.239568	2982.327096	51.201000
1.239557	2981.685310	51.301000
1.239579	2981.041594	51.401000
1.239637	2980.406519	51.501000
1.239711	2979.768880	51.601000
1.239677	2979.173235	51.701000
1.239636	2978.561228	51.801000
1.239651	2977.987191	51.901000
1.239678	2977.307138	52.001000
1.239636	2976.706665	52.101000
1.239528	2976.118418	52.201000
1.239451	2975.522994	52.301000
1.239469	2974.900572	52.401000
1.239483	2974.289997	52.501000
1.239547	2973.655116	52.601000
1.239535	2973.054134	52.701000
1.239500	2972.448984	52.801000
1.239496	2971.832878	52.901000
1.239568	2971.230705	53.001000
1.239595	2970.559821	53.101000
1.239612	2969.953811	53.201000
1.239598	2969.351938	53.301000
1.239594	2968.741855	53.401000
1.239697	2968.102005	53.501000
1.239723	2967.469072	53.601000
1.239727	2966.861239	53.701000
1.239752	2966.231197	53.801000
1.239767	2965.621051	53.901000
1.239776	2965.029093	54.001000
1.239747	2964.416834	54.101000
1.239639	2963.807918	54.201000
1.239627	2963.192284	54.301000
1.239589	2962.600543	54.401000
1.239554	2961.982567	54.501000
1.239477	2961.398093	54.601000
1.239443	2960.824009	54.701000
1.239454	2960.193503	54.801000
1.239432	2959.748682	54.901000
1.239457	2959.622850	55.001000
1.239457	2958.854815	55.101000
1.239517	2957.731562	55.201000
1.239566	2957.098695	55.301000
1.239659	2956.477974	55.401000
1.239721	2955.847947	55.501000
1.239709	2955.226924	55.601000
1.239681	2954.633237	55.701000
1.239678	2954.004580	55.801000
1.239715	2953.378025	55.901000
1.239673	2952.773646	56.001000
1.239610	2952.220982	56.101000
1.239562	2951.659520	56.201000
1.239551	2951.016202	56.301000
1.239608	2950.395813	56.401000
1.239594	2949.811342	56.501000
1.239598	2949.210379	56.601000
1.239631	2948.592789	56.701000
1.239608	2947.990197	56.801000
1.239627	2947.380017	56.901000
1.239610	2946.766290	57.001000
1.239596	2946.159165	57.101000
1.239605	2945.584951	57.201000
1.239694	2944.965954	57.301000
1.239821	2944.309470	57.401000
1.239834	2943.700619	57.501000
1.239878	2943.068820	57.601000
1.239916	2942.445533	57.701000
1.239893	2941.844641	57.801000
1.239930	2941.232858	57.901000
1.239819	2940.674525	58.001000
1.239766	2940.118081	58.101000
1.239774	2939.497211	58.201000
1.239773	2938.947922	58.301000
1.239773	2938.274811	58.401000
1.239720	2937.700246	58.501000
1.239691	2937.127662	58.601000
1.239694	2936.510369	58.701000
1.239675	2935.910138	58.801000
1.239652	2935.317609	58.901000
1.239605	2934.723830	59.001000
1.239609	2934.097219	59.101000
1.239651	2933.484129	59.201000
1.239701	2932.884428	59.301000
1.239763	2932.286026	59.401000
1.239709	2931.671492	59.501000
1.239742	2931.054399	59.601000
1.239745	2930.447486	59.701000
1.239763	2929.840203	59.802000
1.239744	2929.235771	59.901000
1.239633	2928.686105	60.001000
1.239614	2928.193400	60.101000
1.239599	2928.223919	60.201000
1.239630	2927.328171	60.301000
1.239667	2926.333112	60.401000
1.239665	2925.721682	60.501000
1.239628	2925.104606	60.601000
1.239611	2924.501347	60.701000
1.239621	2923.905467	60.801000
1.239616	2923.299561	60.901000
1.239618	2922.703602	61.001000
1.239584	2922.129951	61.101000
1.239572	2921.543752	61.201000
1.239687	2920.933630	61.301000
1.239761	2920.328734	61.401000
1.239790	2919.778468	61.501000
1.239780	2919.107550	61.601000
1.239731	2918.518111	61.701000
1.239748	2917.907709	61.801000
1.239751	2917.307251	61.901000
1.239704	2916.742460	62.001000
1.239696	2916.174047	62.101000
1.239681	2915.581408	62.201000
1.239687	2914.974582	62.301000
1.239682	2914.381918	62.401000
1.239621	2913.812725	62.501000
1.239582	2913.278714	62.601000
1.239514	2912.647953	62.701000
1.239498	2912.063625	62.801000
1.239472	2911.494193	62.901000
1.239461	2910.909113	63.001000
1.239513	2910.290766	63.101000
1.239499	2909.698101	63.201000
1.239556	2909.094412	63.301000
1.239509	2908.508661	63.401000
1.239510	2907.919495	63.501000
1.239566	2907.341898	63.601000
1.239627	2906.731947	63.702000
1.239725	2906.098677	63.801000
1.239749	2905.523988	63.901000
1.239697	2904.953719	64.001000
1.239689	2904.376169	64.101000
1.239725	2903.745133	64.201000
1.239711	2903.142957	64.301000
1.239704	2902.561929	64.401000
1.239657	2901.984747	64.501000
1.239643	2901.384267	64.601000
1.239648	2900.844285	64.701000
1.239677	2900.214165	64.801000
1.239691	2899.624370	64.901000
1.239623	2899.063295	65.001000
1.239566	2898.487093	65.101000
1.239560	2897.906708	65.201000
1.239645	2897.312601	65.301000
1.239624	2897.370922	65.401000
1.239697	2896.622733	65.501000
1.239704	2895.634377	65.601000
1.239741	2894.929291	65.701000
1.239795	2894.395093	65.801000
1.239847	2893.730465	65.901000
1.239773	2893.188645	66.001000
1.239761	2892.641726	66.101000
1.239757	2892.060124	66.201000
1.239798	2891.490020	66.301000
1.239850	2890.883303	66.401000
1.239840	2890.293393	66.501000
1.239851	2889.719519	66.601000
1.239840	2889.119460	66.702000
1.239812	2888.585716	66.801000
1.239828	2888.000968	66.901000
1.239770	2887.427959	67.001000
1.239726	2886.875075	67.101000
1.239696	2886.292189	67.201000
1.239737	2885.720261	67.301000
1.239791	2885.166764	67.401000
1.239826	2884.548903	67.501000
1.239858	2883.957837	67.601000
1.239887	2883.360779	67.703000
1.239872	2882.777191	67.801000
1.239964	2882.242130	67.901000
1.239995	2881.599004	68.001000
1.239951	2881.044355	68.101000
1.239997	2880.433923	68.201000
1.239991	2879.856679	68.301000
1.240023	2879.270410	68.401000
1.240022	2878.692926	68.501000
1.240006	2878.119191	68.601000
1.239999	2877.550758	68.701000
1.239977	2876.965738	68.801000
1.240010	2876.414199	68.901000
1.240041	2875.868147	69.001000
1.239988	2875.260857	69.101000
1.239986	2874.681682	69.201000
1.239981	2874.105446	69.301000
1.239997	2873.543106	69.401000
1.240032	2872.974944	69.501000
1.240034	2872.418209	69.601000
1.240054	2871.850217	69.703000
1.240126	2871.248780	69.801000
1.240127	2870.671897	69.901000
1.240126	2870.141011	70.001000
1.240076	2869.563730	70.101000
1.240043	2868.976577	70.202000
1.240058	2868.397118	70.301000
1.240089	2867.806503	70.401000
1.240149	2867.204216	70.501000
1.240123	2866.960170	70.601000
1.240119	2866.693224	70.701000
1.240086	2865.811566	70.801000
1.240084	2864.914798	70.901000
1.240094	2864.354737	71.001000
1.240035	2863.870186	71.102000
1.240007	2863.272982	71.201000
1.239951	2862.717377	71.301000
1.239950	2862.139875	71.401000
1.239989	2861.547830	71.501000
1.239987	2860.983640	71.601000
1.239984	2860.419905	71.702000
1.240039	2859.861408	71.801000
1.240066	2859.269588	71.901000
1.240116	2858.692450	72.001000
1.240169	2858.135740	72.101000
1.240097	2857.603211	72.201000
1.240125	2856.973470	72.301000
1.240143	2856.396062	72.401000
1.240179	2855.810112	72.501000
1.240193	2855.255176	72.601000
1.240171	2854.679721	72.703000
1.240154	2854.134908	72.801000
1.240151	2853.559351	72.901000
1.240182	2853.000328	73.001000
1.240197	2852.438006	73.101000
1.240169	2851.932112	73.201000
1.240133	2851.345415	73.301000
1.240109	2850.766098	73.401000
1.240085	2850.213513	73.501000
1.240139	2849.637994	73.601000
1.240168	2849.064863	73.703000
1.240134	2848.518421	73.801000
1.240110	2847.980600	73.901000
1.240104	2847.393863	74.001000
1.240136	2846.849597	74.101000
1.240196	2846.244248	74.201000
1.240181	2845.729402	74.301000
1.240182	2845.083300	74.401000
1.240239	2844.527524	74.501000
1.240293	2843.951592	74.601000
1.240361	2843.364362	74.701000
1.240364	2842.812826	74.801000
1.240361	2842.255202	74.901000
1.240378	2841.684680	75.001000
1.240362	2841.128687	75.101000
1.240352	2840.563139	75.201000
1.240350	2840.040901	75.301000
1.240310	2839.512104	75.401000
1.240249	2838.926897	75.501000
1.240204	2838.381700	75.601000
1.240239	2837.824729	75.701000
1.240326	2837.433054	75.801000
1.240355	2837.282111	75.901000
1.240327	2836.613970	76.001000
1.240331	2835.627345	76.101000
1.240328	2834.976288	76.201000
1.240356	2834.411505	76.301000
1.240326	2833.906561	76.402000
1.240363	2833.298041	76.501000
1.240381	2832.712584	76.601000
1.240371	2832.136382	76.701000
1.240410	2831.588918	76.801000
1.240462	2831.017106	76.901000
1.240461	2830.468212	77.001000
1.240486	2829.898348	77.101000
1.240470	2829.337648	77.201000
1.240463	2828.794968	77.301000
1.240430	2828.253542	77.401000
1.240371	2827.765234	77.501000
1.240387	2827.131320	77.601000
1.240312	2826.601035	77.701000
1.240302	2826.074482	77.801000
1.240349	2825.503899	77.901000
1.240348	2824.955140	78.001000
1.240318	2824.418185	78.101000
1.240340	2823.855052	78.201000
1.240382	2823.278917	78.301000
1.240397	2822.724119	78.401000
1.240364	2822.207574	78.501000
1.240335	2821.686134	78.601000
1.240385	2821.087527	78.701000
1.240368	2820.538034	78.801000
1.240394	2819.964477	78.901000
1.240420	2819.409287	79.001000
1.240376	2818.854100	79.101000
1.240409	2818.284531	79.201000
1.240373	2817.745629	79.301000
1.240311	2817.213792	79.401000
1.240276	2816.658325	79.501000
1.240164	2816.188402	79.601000
1.240133	2815.615540	79.701000
1.240118	2815.057077	79.801000
1.240118	2814.512201	79.901000
1.240170	2813.960375	80.001000
1.240154	2813.434088	80.101000
1.240186	2812.852352	80.201000
1.240222	2812.280940	80.301000
1.240215	2811.737971	80.401000
1.240261	2811.187644	80.501000
1.240309	2810.654429	80.601000
1.240298	2810.185188	80.701000
1.240309	2809.553305	80.801000
1.240324	2808.996923	80.901000
1.240326	2808.448746	81.001000
1.240321	2808.369081	81.101000
1.240336	2807.871312	81.201000
1.240288	2807.033867	81.301000
1.240316	2806.252992	81.401000
1.240285	2805.700123	81.501000
1.240282	2805.158201	81.601000
1.240286	2804.658027	81.701000
1.240276	2804.139591	81.801000
1.240256	2803.535548	81.901000
1.240235	2802.997583	82.001000
1.240245	2802.453069	82.101000
1.240287	2801.903559	82.201000
1.240267	2801.377263	82.301000
1.240261	2800.833665	82.401000
1.240271	2800.273388	82.501000
1.240254	2799.717755	82.601000
1.240282	2799.176530	82.701000
1.240268	2798.693959	82.801000
1.240213	2798.122562	82.901000
1.240259	2797.572742	83.001000
1.240306	2796.993991	83.101000
1.240352	2796.442831	83.201000
1.240394	2795.897378	83.301000
1.240349	2795.369223	83.401000
1.240316	2794.831475	83.501000
1.240292	2794.277549	83.601000
1.240256	2793.736872	83.701000
1.240205	2793.220407	83.801000
1.240168	2792.742941	83.901000
1.240130	2792.172792	84.001000
1.240162	2791.633097	84.101000
1.240168	2791.086603	84.201000
1.240198	2790.538200	84.301000
1.240208	2789.996013	84.401000
1.240159	2789.455563	84.501000
1.240158	2788.919471	84.601000
1.240162	2788.365768	84.701000
1.240194	2787.810941	84.801000
1.240214	2787.289369	84.901000
1.240236	2786.782805	85.001000
1.240212	2786.229686	85.101000
1.240238	2785.658127	85.201000
1.240260	2785.112569	85.301000
1.240280	2784.569386	85.401000
1.240262	2784.029775	85.501000
1.240216	2783.509273	85.601000
1.240202	2782.953170	85.701000
1.240228	2782.407506	85.801000
1.240202	2781.882625	85.901000
1.240241	2781.392201	86.001000
1.240212	2780.867099	86.101000
1.240165	2780.334558	86.201000
1.240148	2779.967028	86.301000
1.240132	2779.896924	86.401000
1.240126	2779.131868	86.501000
1.240180	2778.178564	86.601000
1.240154	2777.648707	86.701000
1.240216	2777.098156	86.801000
1.240251	2776.526171	86.901000
1.240228	2776.003750	87.001000
1.240262	2775.494033	87.101000
1.240257	2775.208403	87.201000
1.240233	2775.196466	87.301000
1.240175	2774.643222	87.401000
1.240143	2773.607936	87.501000
1.240162	2772.807556	87.601000
1.240177	2772.257675	87.701000
1.240108	2771.755262	87.801000
1.240094	2771.241244	87.901000
1.240091	2770.709256	88.001000
1.240071	2770.173784	88.101000
1.240029	2769.681976	88.201000
1.240005	2769.130951	88.301000
1.239963	2768.611380	88.401000
1.240001	2768.048961	88.501000
1.239973	2767.515626	88.601000
1.240045	2766.975422	88.701000
1.240097	2766.444413	88.801000
1.240071	2765.911967	88.901000
1.240079	2765.377221	89.001000
1.240096	2764.839267	89.101000
1.240143	2764.324158	89.201000
1.240194	2763.757028	89.301000
1.240188	2763.253401	89.401000
1.240136	2762.723096	89.501000
1.240140	2762.176245	89.601000
1.240160	2761.639444	89.701000
1.240157	2761.096981	89.801000
1.240130	2760.577305	89.901000
1.240071	2760.070502	90.001000
1.240045	2759.549124	90.101000
1.240052	2759.004089	90.201000
1.240027	2758.521697	90.301000
1.240047	2757.940885	90.401000
1.240049	2757.426539	90.501000
1.239997	2756.925350	90.601000
1.239985	2756.412194	90.701000
1.240000	2755.879827	90.801000
1.240015	2755.351030	90.901000
1.240081	2754.806424	91.001000
1.240120	2754.281426	91.101000
1.240145	2753.744470	91.201000
1.240186	2753.220154	91.301000
1.240211	2752.694597	91.401000
1.240215	2752.117537	91.501000
1.240246	2752.172834	91.601000
1.240248	2751.601918	91.701000
1.240180	2750.786594	91.801000
1.240171	2750.052415	91.901000
1.240146	2749.524580	92.001000
1.240154	2749.018119	92.101000
1.240145	2748.508695	92.201000
1.240074	2748.008875	92.301000
1.240042	2747.520632	92.401000
1.240022	2746.990404	92.501000
1.240012	2746.433827	92.601000
1.240013	2745.913552	92.701000
1.239960	2745.401398	92.801000
1.239965	2744.868185	92.901000
1.240000	2744.317374	93.001000
1.240005	2743.783065	93.101000
1.240079	2743.237690	93.201000
1.240142	2742.702522	93.301000
1.240093	2742.194961	93.401000
1.240114	2741.712383	93.501000
1.240127	2741.176541	93.601000
1.240134	2740.669113	93.701000
1.240139	2740.085268	93.801000
1.240085	2739.603595	93.901000
1.239996	2739.122665	94.001000
1.239918	2738.615870	94.101000
1.239939	2738.080734	94.201000
1.239912	2737.576102	94.301000
1.239904	2737.044829	94.401000
1.239866	2736.540544	94.501000
1.239867	2736.073531	94.601000
1.239921	2735.475383	94.701000
1.239934	2734.947063	94.801000
1.239941	2734.419413	94.901000
1.239985	2733.880830	95.001000
1.239964	2733.382696	95.101000
1.239946	2732.853182	95.201000
1.239963	2732.334829	95.301000
1.239984	2731.816168	95.401000
1.240049	2731.287590	95.501000
1.240076	2730.793167	95.601000
1.240058	2730.288035	95.701000
1.240093	2729.721004	95.801000
1.240087	2729.198724	95.901000
1.240051	2728.697802	96.001000
1.240046	2728.185708	96.101000
1.240026	2727.689292	96.201000
1.239913	2727.222246	96.301000
1.239872	2726.704289	96.401000
1.239848	2726.197366	96.501000
1.239813	2725.700265	96.601000
1.239809	2725.229956	96.701000
1.239803	2725.037521	96.801000
1.239819	2724.725118	96.901000
1.239786	2723.910806	97.001000
1.239802	2723.115104	97.101000
1.239818	2722.588766	97.201000
1.239848	2722.074171	97.301000
1.239855	2721.544076	97.401000
1.239871	2721.012089	97.501000
1.239899	2720.457356	97.601000
1.239879	2719.953982	97.701000
1.239884	2719.494126	97.801000
1.239899	2718.897000	97.901000
1.239897	2718.391359	98.001000
1.239889	2717.893405	98.101000
1.239842	2717.396100	98.201000
1.239802	2716.892140	98.301000
1.239763	2716.388402	98.401000
1.239734	2715.892689	98.501000
1.239667	2715.401205	98.601000
1.239675	2714.891448	98.701000
1.239624	2714.433017	98.801000
1.239586	2713.905018	98.901000
1.239678	2713.336063	99.001000
1.239736	2712.832744	99.101000
1.239805	2712.288362	99.201000
1.239830	2711.750696	99.301000
1.239844	2711.205252	99.401000
1.239842	2710.695194	99.501000
1.239913	2710.153506	99.601000
1.239889	2709.638174	99.701000
1.239851	2709.140822	99.801000
1.239825	2708.700949	99.901000
1.239792	2708.153396	100.001000
1.239845	2707.655936	100.101000
1.239869	2707.129954	100.201000
1.239828	2706.656111	100.301000
1.239813	2706.142853	100.401000
1.239778	2705.628159	100.501000
1.239724	2705.128268	100.601000
1.239703	2704.596278	100.701000
1.239695	2704.077430	100.801000
1.239647	2703.601135	100.901000
1.239566	2703.180047	101.001000
1.239561	2702.658258	101.101000
1.239625	2702.096318	101.201000
1.239670	2701.618022	101.301000
1.239662	2701.057974	101.401000
1.239693	2700.566680	101.501000
1.239693	2700.052875	101.601000
1.239671	2699.513112	101.701000
1.239637	2699.031452	101.801000
1.239664	2698.494937	101.901000
1.239664	2698.077298	102.001000
1.239659	2698.231743	102.101000
1.239566	2697.501244	102.201000
1.239541	2696.642138	102.301000
1.239525	2696.041047	102.401000
1.239553	2695.532242	102.501000
1.239539	2695.036233	102.601000
1.239510	2694.523513	102.701000
1.239481	2694.019061	102.801000
1.239469	2693.484511	102.901000
1.239485	2692.981185	103.001000
1.239463	2692.485725	103.101000
1.239400	2691.956695	103.201000
1.239369	2691.466312	103.301000
1.239353	2690.935255	103.401000
1.239352	2690.410580	103.501000
1.239377	2689.881349	103.601000
1.239394	2689.406120	103.701000
1.239379	2688.891254	103.801000
1.239307	2688.386806	103.901000
1.239252	2687.883597	104.001000
1.239268	2687.412444	104.101000
1.239255	2686.916453	104.201000
1.239218	2686.387652	104.301000
1.239187	2685.906126	104.401000
1.239137	2685.418215	104.501000
1.239126	2684.913176	104.601000
1.239110	2684.412835	104.701000
1.239088	2683.885335	104.801000
1.239022	2683.381981	104.901000
1.238993	2682.907746	105.001000
1.239001	2682.421963	105.101000
1.239030	2681.929501	105.201000
1.239113	2681.398221	105.301000
1.239144	2680.851001	105.401000
1.239117	2680.367654	105.501000
1.239114	2679.883295	105.601000
1.239092	2679.415735	105.701000
1.239124	2678.914533	105.801000
1.239142	2678.410222	105.901000
1.239098	2677.897638	106.001000
