,-3.420000E+01,-2.310705E-11,+9.910000E+37,+5.927910E+02,+2.150800E+04
,-3.400000E+01,-1.461977E-10,+9.910000E+37,+5.938506E+02,+2.150800E+04
,-3.380000E+01,-1.154522E-11,+9.910000E+37,+5.949111E+02,+2.150800E+04
,-3.360000E+01,-1.701021E-12,+9.910000E+37,+5.959746E+02,+2.150800E+04
,-3.340000E+01,-1.224176E-10,+9.910000E+37,+5.970352E+02,+2.150800E+04
,-3.320000E+01,+1.041485E-11,+9.910000E+37,+5.980937E+02,+2.150800E+04
,-3.300000E+01,+7.941188E-12,+9.910000E+37,+5.991562E+02,+2.150800E+04
,-3.280000E+01,+2.434811E-11,+9.910000E+37,+6.002168E+02,+2.150800E+04
,-3.260000E+01,+3.358642E-11,+9.910000E+37,+6.012969E+02,+2.150800E+04
,-3.240000E+01,+2.207639E-11,+9.910000E+37,+6.023564E+02,+2.150800E+04
,-3.220000E+01,+5.736389E-11,+9.910000E+37,+6.034170E+02,+2.150800E+04
,-3.200000E+01,-1.876504E-11,+9.910000E+37,+6.044736E+02,+2.150800E+04
,-3.180000E+01,-3.542620E-11,+9.910000E+37,+6.055332E+02,+2.150800E+04
,-3.160000E+01,+5.499119E-11,+9.910000E+37,+6.065967E+02,+2.150800E+04
,-3.140000E+01,+2.258120E-11,+9.910000E+37,+6.076553E+02,+2.150800E+04
,-3.120000E+01,-2.679269E-11,+9.910000E+37,+6.087295E+02,+2.150800E+04
,-3.100000E+01,-6.183159E-11,+9.910000E+37,+6.097871E+02,+2.150800E+04
,-3.080000E+01,+1.120330E-09,+9.910000E+37,+6.108662E+02,+2.150800E+04
,-3.060000E+01,-5.678276E-11,+9.910000E+37,+6.119258E+02,+2.150800E+04
,-3.040000E+01,-5.971108E-11,+9.910000E+37,+6.129863E+02,+2.150800E+04
,-3.020000E+01,-6.657751E-11,+9.910000E+37,+6.140459E+02,+2.150800E+04
,-3.000000E+01,-8.227938E-11,+9.910000E+37,+6.151064E+02,+2.150800E+04
,-2.980000E+01,-7.844224E-11,+9.910000E+37,+6.161670E+02,+2.150800E+04
,-2.960000E+01,-4.087894E-11,+9.910000E+37,+6.172275E+02,+2.150800E+04
,-2.940000E+01,-1.957287E-11,+9.910000E+37,+6.182861E+02,+2.150800E+04
,-2.920000E+01,-9.677309E-12,+9.910000E+37,+6.193438E+02,+2.150800E+04
,-2.900000E+01,-3.300275E-11,+9.910000E+37,+6.204043E+02,+2.150800E+04
,-2.880000E+01,-2.795393E-11,+9.910000E+37,+6.214639E+02,+2.150800E+04
,-2.860000E+01,+3.545431E-11,+9.910000E+37,+6.225225E+02,+2.150800E+04
,-2.840000E+01,+3.974536E-11,+9.910000E+37,+6.235820E+02,+2.150800E+04







































































current through plasma (-mA) <tab> voltage across plasma (-V) <tab> time (sec)
1.239388	2506.938693	0.001000
1.238831	2506.535271	0.101000
1.238840	2506.110131	0.201000
1.238818	2505.665904	0.301000
1.238763	2505.250332	0.401000
1.238751	2504.868792	0.501000
1.238773	2504.372162	0.601000
1.238737	2503.921756	0.701000
1.238695	2503.533975	0.801000
1.238679	2503.059215	0.901000
1.238720	2502.652616	1.001000
1.238668	2502.213013	1.101000
1.238674	2501.771108	1.201000
1.238730	2501.288819	1.301000
1.238732	2500.859431	1.401000
1.238765	2500.375175	1.501000
1.238804	2499.954299	1.601000
1.238791	2499.462823	1.701000
1.238778	2499.066262	1.801000
1.238789	2498.586403	1.901000
1.238833	2498.152481	2.001000
1.238838	2497.676207	2.101000
1.238830	2497.255559	2.201000
1.238796	2496.791730	2.301000
1.238747	2496.389819	2.401000
1.238721	2495.936658	2.501000
1.238730	2495.537470	2.601000
1.238804	2495.063615	2.701000
1.238810	2494.617954	2.801000
1.238793	2494.158568	2.901000
1.238760	2493.744441	3.001000
1.238717	2493.313720	3.101000
1.238683	2492.897265	3.201000
1.238694	2492.426503	3.301000
1.238754	2491.977126	3.401000
1.238760	2491.506975	3.501000
1.238779	2491.073068	3.601000
1.238772	2490.692096	3.701000
1.238747	2490.219898	3.801000
1.238825	2489.778853	3.901000
1.238884	2489.339145	4.001000
1.238903	2488.905675	4.101000
1.238893	2488.458261	4.201000
1.238895	2488.595392	4.301000
1.238928	2488.075121	4.401000
1.238915	2487.288993	4.501000
1.238866	2486.707986	4.601000
1.238835	2486.282388	4.701000
1.238810	2485.892496	4.801000
1.238812	2485.413965	4.901000
1.238812	2484.974190	5.001000
1.238761	2484.578467	5.101000
1.238713	2484.155605	5.201000
1.238721	2483.703270	5.301000
1.238763	2483.246255	5.401000
1.238788	2482.792841	5.501000
1.238783	2482.317106	5.601000
1.238797	2481.873541	5.701000
1.238814	2481.457694	5.801000
1.238890	2480.983214	5.901000
1.238929	2480.497168	6.002000
1.238937	2480.052540	6.101000
1.238868	2479.604717	6.201000
1.238833	2479.198919	6.301000
1.238771	2478.763739	6.401000
1.238709	2478.336163	6.501000
1.238691	2477.896815	6.601000
1.238687	2477.469143	6.701000
1.238691	2477.031733	6.801000
1.238705	2476.651658	6.901000
1.238706	2476.155109	7.001000
1.238631	2475.752330	7.101000
1.238600	2475.312435	7.201000
1.238602	2474.885881	7.301000
1.238633	2474.432238	7.401000
1.238653	2473.971082	7.501000
1.238720	2473.523996	7.601000
1.238720	2473.081799	7.701000
1.238746	2472.620954	7.801000
1.238734	2472.187107	7.901000
1.238769	2471.784388	8.001000
1.238821	2471.302137	8.101000
1.238831	2470.842982	8.201000
1.238868	2470.399073	8.301000
1.238831	2469.992582	8.401000
1.238770	2469.569142	8.502000
1.238707	2469.162038	8.601000
1.238696	2468.722025	8.701000
1.238741	2468.278162	8.801000
1.238723	2467.850296	8.901000
1.238680	2467.456851	9.001000
1.238637	2467.053009	9.101000
1.238606	2466.581418	9.201000
1.238612	2466.136800	9.301000
1.238631	2465.683927	9.401000
1.238619	2465.489579	9.501000
1.238640	2465.366286	9.601000
1.238661	2464.778842	9.701000
1.238683	2463.910813	9.801000
1.238697	2463.452008	9.901000
1.238753	2462.994465	10.001000
1.238789	2462.610622	10.101000
1.238794	2462.151877	10.201000
1.238836	2461.685401	10.301000
1.238816	2461.277790	10.401000
1.238818	2460.879784	10.501000
1.238744	2460.494242	10.601000
1.238731	2460.065525	10.701000
1.238756	2459.634859	10.801000
1.238738	2459.247906	10.901000
1.238692	2458.874094	11.001000
1.238702	2458.459608	11.101000
1.238647	2458.122354	11.201000
1.238592	2457.631248	11.301000
1.238597	2457.166643	11.401000
1.238632	2456.722885	11.501000
1.238627	2456.248209	11.601000
1.238683	2455.740038	11.701000
1.238676	2455.291682	11.801000
1.238623	2454.881661	11.901000
1.238630	2454.446108	12.001000
1.238683	2453.994796	12.101000
1.238730	2453.573254	12.201000
1.238729	2453.153485	12.301000
1.238769	2452.678773	12.401000
1.238773	2452.242634	12.501000
1.238743	2451.823142	12.601000
1.238694	2451.408000	12.701000
1.238671	2450.969717	12.802000
1.238629	2450.545398	12.901000
1.238568	2450.149491	13.001000
1.238584	2449.716999	13.101000
1.238553	2449.286963	13.201000
1.238543	2448.902656	13.301000
1.238563	2448.433562	13.401000
1.238619	2447.990793	13.501000
1.238670	2447.553010	13.601000
1.238719	2447.102994	13.701000
1.238766	2446.652655	13.801000
1.238776	2446.218783	13.901000
1.238729	2445.805722	14.001000
1.238702	2445.397595	14.101000
1.238768	2444.949834	14.201000
1.238778	2444.509211	14.301000
1.238766	2444.123563	14.401000
1.238766	2443.658927	14.501000
1.238733	2443.262061	14.601000
1.238670	2442.890530	14.701000
1.238681	2443.114508	14.801000
1.238587	2442.528287	14.901000
1.238559	2441.716733	15.001000
1.238530	2441.225919	15.101000
1.238504	2440.792108	15.201000
1.238466	2440.387986	15.301000
1.238453	2439.966459	15.401000
1.238496	2439.556803	15.501000
1.238529	2439.058974	15.601000
1.238509	2438.638423	15.701000
1.238525	2438.181477	15.801000
1.238544	2437.740412	15.901000
1.238568	2437.318807	16.001000
1.238593	2436.901010	16.101000
1.238670	2436.471492	16.201000
1.238709	2436.058526	16.301000
1.238708	2435.633898	16.401000
1.238710	2435.225907	16.501000
1.238698	2434.786963	16.601000
1.238698	2434.348507	16.701000
1.238667	2433.977388	16.801000
1.238649	2433.520018	16.901000
1.238669	2433.098726	17.001000
1.238671	2432.680521	17.101000
1.238682	2432.248037	17.201000
1.238649	2431.827264	17.301000
1.238631	2431.454831	17.401000
1.238599	2431.065906	17.501000
1.238611	2430.692523	17.601000
1.238636	2430.189689	17.701000
1.238632	2429.759039	17.801000
1.238637	2429.325014	17.901000
1.238677	2428.879720	18.001000
1.238672	2428.472736	18.101000
1.238671	2428.047538	18.201000
1.238673	2427.626213	18.301000
1.238723	2427.201779	18.401000
1.238781	2426.759218	18.501000
1.238816	2426.325897	18.601000
1.238800	2425.967563	18.701000
1.238757	2425.501114	18.801000
1.238736	2425.074065	18.901000
1.238754	2424.680484	19.001000
1.238790	2424.294251	19.101000
1.238797	2423.881178	19.201000
1.238810	2423.442793	19.301000
1.238807	2423.026640	19.402000
1.238781	2422.634291	19.501000
1.238713	2422.231169	19.601000
1.238703	2421.860798	19.701000
1.238717	2421.467573	19.801000
1.238745	2421.021403	19.901000
1.238769	2420.821548	20.001000
1.238779	2420.805699	20.101000
1.238773	2420.115382	20.201000
1.238755	2419.338140	20.301000
1.238745	2418.903959	20.401000
1.238782	2418.479375	20.501000
1.238817	2418.035632	20.601000
1.238792	2417.625538	20.701000
1.238790	2417.238745	20.801000
1.238800	2416.782903	20.901000
1.238801	2416.371001	21.001000
1.238767	2415.971000	21.101000
1.238767	2415.566159	21.201000
1.238744	2415.187358	21.301000
1.238730	2414.712036	21.401000
1.238686	2414.346630	21.501000
1.238673	2413.939620	21.601000
1.238638	2413.528201	21.701000
1.238618	2413.126994	21.801000
1.238668	2412.720364	21.901000
1.238763	2412.285291	22.001000
1.238816	2411.872055	22.101000
1.238811	2411.398098	22.201000
1.238835	2410.955978	22.301000
1.238842	2410.563280	22.401000
1.238820	2410.115469	22.501000
1.238829	2409.719949	22.602000
1.238898	2409.278305	22.701000
1.238934	2408.845530	22.801000
1.238912	2408.479199	22.901000
1.238854	2408.071104	23.001000
1.238777	2407.684439	23.101000
1.238758	2407.250613	23.201000
1.238741	2406.839245	23.301000
1.238713	2406.446435	23.401000
1.238690	2406.021108	23.501000
1.238666	2405.622203	23.601000
1.238644	2405.189400	23.701000
1.238630	2404.801879	23.801000
1.238616	2404.359816	23.901000
1.238632	2403.998243	24.001000
1.238706	2403.509939	24.101000
1.238756	2403.089743	24.201000
1.238823	2402.650454	24.301000
1.238851	2402.231017	24.401000
1.238856	2401.804391	24.501000
1.238847	2401.418396	24.601000
1.238842	2401.017182	24.701000
1.238890	2400.597496	24.801000
1.238900	2400.198899	24.901000
1.238930	2399.779151	25.001000
1.238915	2399.419812	25.101000
1.238889	2399.079501	25.201000
1.238865	2399.200152	25.301000
1.238853	2398.651720	25.401000
1.238844	2397.789716	25.501000
1.238802	2397.366134	25.601000
1.238764	2396.959798	25.701000
1.238744	2396.551057	25.801000
1.238771	2396.126336	25.901000
1.238753	2395.739371	26.001000
1.238644	2395.424515	26.101000
1.238650	2394.995563	26.201000
1.238681	2394.548086	26.301000
1.238725	2394.115069	26.401000
1.238755	2393.690138	26.501000
1.238839	2393.252592	26.601000
1.238825	2392.853641	26.701000
1.238744	2392.457060	26.801000
1.238771	2392.033043	26.901000
1.238797	2391.603227	27.001000
1.238787	2391.206288	27.101000
1.238739	2390.829671	27.201000
1.238708	2390.413612	27.301000
1.238693	2389.998217	27.401000
1.238693	2389.600409	27.501000
1.238684	2389.189770	27.601000
1.238685	2388.780985	27.701000
1.238706	2388.374970	27.801000
1.238669	2387.973938	27.901000
1.238658	2387.562611	28.001000
1.238613	2387.164519	28.101000
1.238600	2386.752217	28.201000
1.238542	2386.399857	28.301000
1.238570	2385.942340	28.401000
1.238603	2385.472535	28.501000
1.238660	2385.079744	28.601000
1.238653	2384.609901	28.701000
1.238733	2384.265009	28.801000
1.238729	2383.872870	28.901000
1.238713	2383.508646	29.001000
1.238706	2383.089838	29.101000
1.238728	2382.671633	29.201000
1.238700	2382.302954	29.301000
1.238738	2381.864154	29.401000
1.238711	2381.479298	29.501000
1.238687	2381.069568	29.601000
1.238628	2380.699566	29.701000
1.238626	2380.266480	29.801000
1.238681	2379.864293	29.901000
1.238703	2379.446125	30.001000
1.238696	2379.074351	30.101000
1.238770	2378.654449	30.201000
1.238780	2378.239058	30.301000
1.238776	2377.909954	30.401000
1.238796	2378.140092	30.501000
