,-4.180000E+01,-1.866411E-11,+9.910000E+37,+3.115400E+02,+2.150800E+04
,-4.160000E+01,-1.802275E-10,+9.910000E+37,+3.126016E+02,+2.150800E+04
,-4.140000E+01,-4.310058E-11,+9.910000E+37,+3.136631E+02,+2.150800E+04
,-4.120000E+01,-2.198106E-10,+9.910000E+37,+3.147412E+02,+2.150800E+04
,-4.100000E+01,-1.694750E-11,+9.910000E+37,+3.158232E+02,+2.150800E+04
,-4.080000E+01,-8.516192E-12,+9.910000E+37,+3.168848E+02,+2.150800E+04
,-4.060000E+01,-4.673576E-11,+9.910000E+37,+3.179453E+02,+2.150800E+04
,-4.040000E+01,-2.058267E-11,+9.910000E+37,+3.190049E+02,+2.150800E+04
,-4.020000E+01,-1.736640E-10,+9.910000E+37,+3.200645E+02,+2.150800E+04
,-4.000000E+01,-1.262552E-10,+9.910000E+37,+3.211240E+02,+2.150800E+04
,-3.980000E+01,-8.505652E-11,+9.910000E+37,+3.221865E+02,+2.150800E+04
,-3.960000E+01,-4.087907E-11,+9.910000E+37,+3.232480E+02,+2.150800E+04
,-3.940000E+01,-4.047517E-11,+9.910000E+37,+3.243076E+02,+2.150800E+04
,-3.920000E+01,-1.569523E-10,+9.910000E+37,+3.253662E+02,+2.150800E+04
,-3.900000E+01,-4.340351E-11,+9.910000E+37,+3.264453E+02,+2.150800E+04
,-3.880000E+01,-1.168643E-10,+9.910000E+37,+3.275068E+02,+2.150800E+04
,-3.860000E+01,-1.388269E-10,+9.910000E+37,+3.285654E+02,+2.150800E+04
,-3.840000E+01,-1.273155E-10,+9.910000E+37,+3.296270E+02,+2.150800E+04
,-3.820000E+01,-2.063316E-11,+9.910000E+37,+3.307061E+02,+2.150800E+04
,-3.800000E+01,-4.597841E-11,+9.910000E+37,+3.317666E+02,+2.150800E+04
,-3.780000E+01,+1.542690E-14,+9.910000E+37,+3.328252E+02,+2.150800E+04
,-3.760000E+01,+7.671557E-10,+9.910000E+37,+3.338994E+02,+2.150800E+04
,-3.740000E+01,+2.798303E-11,+9.910000E+37,+3.349863E+02,+2.150800E+04
,-3.720000E+01,+3.355254E-10,+9.910000E+37,+3.360479E+02,+2.150800E+04
,-3.700000E+01,-1.421086E-10,+9.910000E+37,+3.371094E+02,+2.150800E+04
,-3.680000E+01,+3.439561E-10,+9.910000E+37,+3.381719E+02,+2.150800E+04
,-3.660000E+01,-3.946538E-11,+9.910000E+37,+3.392344E+02,+2.150800E+04
,-3.640000E+01,-1.568528E-11,+9.910000E+37,+3.402959E+02,+2.150800E+04
,-3.620000E+01,-6.314455E-11,+9.910000E+37,+3.413555E+02,+2.150800E+04
,-3.600000E+01,-2.963512E-10,+9.910000E+37,+3.424150E+02,+2.150800E+04
,-3.580000E+01,-8.142137E-11,+9.910000E+37,+3.434785E+02,+2.150800E+04
,-3.560000E+01,-1.615971E-10,+9.910000E+37,+3.445361E+02,+2.150800E+04
,-3.540000E+01,-1.214588E-10,+9.910000E+37,+3.455986E+02,+2.150800E+04
,-3.520000E+01,-2.757012E-10,+9.910000E+37,+3.466592E+02,+2.150800E+04
,-3.500000E+01,-1.753300E-10,+9.910000E+37,+3.477197E+02,+2.150800E+04
,-3.480000E+01,-7.048542E-10,+9.910000E+37,+3.487773E+02,+2.150800E+04
,-3.460000E+01,-2.648982E-11,+9.910000E+37,+3.498389E+02,+2.150800E+04
,-3.440000E+01,-4.067709E-11,+9.910000E+37,+3.508994E+02,+2.150800E+04
,-3.420000E+01,-1.279717E-10,+9.910000E+37,+3.519629E+02,+2.150800E+04
,-3.400000E+01,+9.986703E-10,+9.910000E+37,+3.530254E+02,+2.150800E+04
,-3.380000E+01,-6.289203E-11,+9.910000E+37,+3.540830E+02,+2.150800E+04
,-3.360000E+01,-9.626497E-11,+9.910000E+37,+3.551445E+02,+2.150800E+04
,-3.340000E+01,-1.930009E-10,+9.910000E+37,+3.562061E+02,+2.150800E+04
,-3.320000E+01,-6.955655E-11,+9.910000E+37,+3.572666E+02,+2.150800E+04
,-3.300000E+01,-7.187902E-11,+9.910000E+37,+3.583281E+02,+2.150800E+04
,-3.280000E+01,-5.809564E-11,+9.910000E+37,+3.593857E+02,+2.150800E+04
,-3.260000E+01,-4.224224E-11,+9.910000E+37,+3.604463E+02,+2.150800E+04
,-3.240000E+01,-5.794416E-11,+9.910000E+37,+3.615078E+02,+2.150800E+04
,-3.220000E+01,-2.729764E-11,+9.910000E+37,+3.625664E+02,+2.150800E+04
,-3.200000E+01,-3.275040E-11,+9.910000E+37,+3.636260E+02,+2.150800E+04
,-3.180000E+01,+4.050279E-11,+9.910000E+37,+3.647139E+02,+2.150800E+04
,-3.160000E+01,+5.130616E-11,+9.910000E+37,+3.657744E+02,+2.150800E+04
,-3.140000E+01,+3.303132E-11,+9.910000E+37,+3.668350E+02,+2.150800E+04
,-3.120000E+01,-2.318263E-10,+9.910000E+37,+3.678965E+02,+2.150800E+04
,-3.100000E+01,+6.756162E-11,+9.910000E+37,+3.689590E+02,+2.150800E+04
,-3.080000E+01,-1.179141E-09,+9.910000E+37,+3.700205E+02,+2.150800E+04
,-3.060000E+01,+4.181531E-11,+9.910000E+37,+3.710830E+02,+2.150800E+04
,-3.040000E+01,+5.812133E-11,+9.910000E+37,+3.721416E+02,+2.150800E+04
,-3.020000E+01,+2.540838E-11,+9.9100














































































































































current through plasma (-mA) <tab> voltage across plasma (-V) <tab> time (sec)
1.233477	2751.431012	0.001000
1.232226	2751.197657	0.101000
1.232204	2750.680259	0.201000
1.232204	2750.172114	0.301000
1.232179	2749.644364	0.401000
1.232201	2749.177238	0.501000
1.232250	2748.605465	0.601000
1.232240	2748.083808	0.701000
1.232254	2747.570822	0.801000
1.232290	2747.003841	0.901000
1.232276	2746.478271	1.001000
1.232319	2745.939635	1.101000
1.232345	2745.444941	1.201000
1.232373	2744.871188	1.301000
1.232402	2744.320265	1.401000
1.232417	2743.804629	1.501000
1.232415	2743.259242	1.601000
1.232416	2742.710868	1.701000
1.232375	2742.190616	1.801000
1.232344	2741.679306	1.901000
1.232338	2741.143667	2.001000
1.232298	2740.610831	2.101000
1.232280	2740.089162	2.201000
1.232253	2739.587876	2.301000
1.232189	2739.095219	2.401000
1.232170	2738.556344	2.501000
1.232161	2738.065479	2.601000
1.232180	2737.511457	2.701000
1.232239	2736.962834	2.801000
1.232238	2736.430680	2.901000
1.232264	2735.882960	3.001000
1.232275	2735.320510	3.101000
1.232249	2734.784618	3.201000
1.232303	2734.231626	3.301000
1.232348	2733.691870	3.401000
1.232356	2733.172939	3.501000
1.232367	2732.648254	3.601000
1.232394	2732.168108	3.701000
1.232414	2731.580421	3.801000
1.232428	2731.047902	3.901000
1.232388	2730.535658	4.001000
1.232359	2730.017010	4.101000
1.232396	2729.480577	4.201000
1.232354	2728.966849	4.301000
1.232324	2728.596840	4.401000
1.232304	2728.615143	4.501000
1.232292	2727.854017	4.601000
1.232222	2726.975071	4.701000
1.232195	2726.475313	4.801000
1.232184	2725.889270	4.901000
1.232218	2725.351477	5.001000
1.232256	2724.826326	5.101000
1.232281	2724.293858	5.201000
1.232320	2723.771872	5.301000
1.232406	2723.232800	5.401000
1.232437	2722.695073	5.501000
1.232527	2722.167695	5.601000
1.232567	2721.644019	5.701000
1.232581	2721.148715	5.801000
1.232607	2720.605992	5.901000
1.232578	2720.067478	6.001000
1.232542	2719.549028	6.101000
1.232564	2719.018882	6.201000
1.232558	2718.524182	6.301000
1.232517	2718.033752	6.401000
1.232482	2717.503980	6.501000
1.232447	2716.993227	6.601000
1.232461	2716.475480	6.702000
1.232470	2715.959993	6.801000
1.232454	2715.517467	6.901000
1.232423	2714.962006	7.001000
1.232419	2714.438763	7.101000
1.232425	2713.922954	7.201000
1.232497	2713.377475	7.301000
1.232570	2712.853547	7.401000
1.232644	2712.345422	7.501000
1.232708	2711.770985	7.601000
1.232732	2711.253170	7.702000
1.232707	2710.746271	7.801000
1.232765	2710.203865	7.901000
1.232808	2709.732601	8.001000
1.232770	2709.206037	8.101000
1.232733	2708.714436	8.201000
1.232721	2708.214142	8.301000
1.232730	2707.698273	8.401000
1.232766	2707.174923	8.501000
1.232697	2706.699907	8.601000
1.232667	2706.194494	8.701000
1.232700	2705.659356	8.801000
1.232665	2705.173195	8.901000
1.232646	2704.685553	9.001000
1.232711	2704.164547	9.101000
1.232717	2703.665376	9.201000
1.232693	2703.209842	9.301000
1.232663	2702.694527	9.401000
1.232677	2702.159368	9.501000
1.232767	2701.611995	9.601000
1.232830	2701.689720	9.701000
1.232923	2701.082282	9.801000
1.232923	2700.209393	9.901000
1.232986	2699.514788	10.001000
1.233008	2699.092682	10.101000
1.232997	2698.485148	10.201000
1.233030	2697.969714	10.301000
1.232942	2697.499313	10.401000
1.232915	2697.001315	10.501000
1.232888	2696.509405	10.601000
1.232887	2696.003480	10.702000
1.232862	2695.501766	10.801000
1.232912	2694.991249	10.901000
1.232929	2694.485874	11.001000
1.232932	2693.986937	11.101000
1.232951	2693.513032	11.201000
1.232958	2692.966037	11.301000
1.232976	2692.448053	11.401000
1.232977	2691.962419	11.501000
1.232967	2691.474299	11.601000
1.232972	2690.968755	11.701000
1.233034	2690.429722	11.801000
1.233081	2689.898865	11.901000
1.233117	2689.364861	12.001000
1.233122	2688.884638	12.101000
1.233061	2688.418266	12.201000
1.233056	2687.897086	12.301000
1.233059	2687.359665	12.401000
1.233020	2686.851185	12.501000
1.232997	2686.367528	12.601000
1.232975	2685.884202	12.701000
1.232962	2685.380350	12.801000
1.232949	2684.868880	12.901000
1.232939	2684.380811	13.001000
1.232961	2683.892078	13.101000
1.232990	2683.364991	13.201000
1.232942	2682.962837	13.301000
1.232934	2682.422194	13.401000
1.232996	2681.889069	13.501000
1.233056	2681.371214	13.601000
1.233061	2680.855123	13.702000
1.233106	2680.363697	13.801000
1.233114	2679.896827	13.901000
1.233137	2679.406936	14.001000
1.233114	2678.922080	14.101000
1.233144	2678.407517	14.201000
1.233148	2677.897038	14.301000
1.233157	2677.451952	14.401000
1.233162	2676.918327	14.501000
1.233185	2676.412191	14.601000
1.233213	2675.897285	14.702000
1.233172	2675.406470	14.801000
1.233146	2675.178639	14.901000
1.233129	2675.118962	15.001000
1.233119	2674.294574	15.101000
1.233080	2673.484865	15.201000
1.233084	2672.983900	15.301000
1.233092	2672.516468	15.401000
1.233092	2672.046342	15.501000
1.233120	2671.441184	15.601000
1.233145	2670.974387	15.702000
1.233228	2670.397451	15.801000
1.233253	2669.893850	15.901000
1.233242	2669.427968	16.001000
1.233243	2668.871879	16.101000
1.233234	2668.414172	16.201000
1.233210	2667.919548	16.301000
1.233214	2667.411207	16.401000
1.233183	2666.965308	16.501000
1.233176	2666.449530	16.601000
1.233178	2665.933294	16.701000
1.233208	2665.441213	16.801000
1.233232	2664.990830	16.901000
1.233239	2664.475413	17.001000
1.233205	2664.003392	17.101000
1.233169	2663.532018	17.201000
1.233168	2663.017689	17.301000
1.233157	2662.541076	17.401000
1.233179	2662.044565	17.501000
1.233200	2661.589059	17.601000
1.233188	2661.024468	17.702000
1.233179	2660.528824	17.801000
1.233247	2660.008341	17.901000
1.233290	2659.512023	18.001000
1.233291	2659.040453	18.101000
1.233289	2658.541869	18.201000
1.233322	2658.027553	18.301000
1.233333	2657.533785	18.401000
1.233368	2657.081072	18.501000
1.233374	2656.560988	18.601000
1.233345	2656.116814	18.702000
1.233310	2655.625771	18.801000
1.233272	2655.139897	18.901000
1.233215	2654.673653	19.001000
1.233237	2654.183637	19.101000
1.233225	2653.687112	19.201000
1.233185	2653.219617	19.301000
1.233152	2652.747349	19.401000
1.233170	2652.246213	19.501000
1.233217	2651.756805	19.601000
1.233234	2651.282146	19.702000
1.233239	2650.794053	19.801000
1.233249	2650.290827	19.901000
1.233204	2649.794165	20.001000
1.233239	2649.352193	20.101000
1.233273	2649.505677	20.201000
1.233301	2648.675938	20.301000
1.233295	2647.805032	20.401000
1.233334	2647.313003	20.501000
1.233376	2646.831090	20.601000
1.233383	2646.336484	20.702000
1.233372	2645.910260	20.801000
1.233349	2645.348233	20.901000
1.233308	2644.867798	21.001000
1.233255	2644.431065	21.101000
1.233234	2643.953490	21.201000
1.233222	2643.485377	21.301000
1.233230	2643.034149	21.401000
1.233231	2642.586342	21.501000
1.233246	2642.058751	21.601000
1.233301	2641.545693	21.702000
1.233390	2641.049017	21.801000
1.233423	2640.573330	21.901000
1.233438	2639.990006	22.001000
1.233422	2639.472562	22.101000
1.233361	2638.968302	22.201000
1.233400	2638.465845	22.301000
1.233458	2637.977066	22.401000
1.233479	2637.477880	22.501000
1.233486	2636.997697	22.601000
1.233484	2636.502008	22.703000
1.233453	2636.015014	22.801000
1.233442	2635.580831	22.901000
1.233486	2635.122700	23.001000
1.233459	2634.617197	23.101000
1.233411	2634.128284	23.201000
1.233372	2633.654555	23.301000
1.233315	2633.176405	23.401000
1.233284	2632.710834	23.501000
1.233232	2632.259756	23.601000
1.233180	2631.782228	23.702000
1.233162	2631.284720	23.801000
1.233120	2630.815879	23.901000
1.233149	2630.341248	24.001000
1.233239	2629.860712	24.101000
1.233329	2629.332866	24.201000
1.233304	2628.830309	24.301000
1.233345	2628.331594	24.401000
1.233325	2627.853191	24.501000
1.233356	2627.323969	24.601000
1.233321	2626.863133	24.701000
1.233320	2626.383039	24.801000
1.233328	2625.899143	24.901000
1.233311	2625.417119	25.001000
1.233315	2625.003139	25.101000
1.233350	2624.444657	25.201000
1.233308	2623.962196	25.301000
1.233258	2624.093333	25.401000
1.233171	2623.540685	25.501000
1.233133	2622.673575	25.601000
1.233115	2622.049796	25.702000
1.233096	2621.568308	25.801000
1.233112	2621.103309	25.901000
1.233091	2620.661217	26.001000
1.233078	2620.206518	26.101000
1.233127	2619.720167	26.201000
1.233136	2619.182637	26.301000
1.233206	2618.669904	26.401000
1.233261	2618.175247	26.501000
1.233268	2617.698602	26.601000
1.233279	2617.218868	26.702000
1.233306	2616.714218	26.801000
1.233299	2616.229078	26.901000
1.233238	2615.752414	27.001000
1.233167	2615.302315	27.101000
1.233123	2614.850063	27.201000
1.233121	2614.390222	27.301000
1.233139	2613.886672	27.401000
1.233015	2613.427173	27.501000
1.232950	2612.945185	27.601000
1.232903	2612.472112	27.702000
1.232901	2612.011214	27.801000
1.232897	2611.543983	27.901000
1.232879	2611.082794	28.001000
1.232888	2610.612898	28.101000
1.232912	2610.095878	28.201000
1.232921	2609.665679	28.301000
1.232940	2609.158078	28.401000
1.232946	2608.677888	28.501000
1.232964	2608.196135	28.601000
1.232933	2607.709952	28.702000
1.232917	2607.240621	28.801000
1.232949	2606.754326	28.901000
1.232955	2606.283376	29.001000
1.232970	2605.837878	29.101000
1.232911	2605.377090	29.201000
1.232865	2604.901531	29.301000
1.232829	2604.484731	29.401000
1.232762	2603.970541	29.501000
1.232786	2603.487699	29.601000
1.232787	2603.024702	29.701000
1.232768	2602.544090	29.801000
1.232773	2602.081062	29.901000
1.232778	2601.615754	30.001000
1.232803	2601.163263	30.101000
1.232878	2600.653098	30.201000
1.232890	2600.183552	30.301000
1.232828	2599.747257	30.401000
1.232814	2599.275019	30.501000
1.232885	2599.529340	30.601000
1.232887	2599.314975	30.701000
1.232898	2598.142328	30.801000
1.232863	2597.330424	30.901000
1.232860	2596.880040	31.001000
1.232860	2596.417870	31.101000
1.232854	2595.948533	31.201000
1.232833	2595.508558	31.301000
1.232854	2595.023282	31.401000
1.232854	2594.609064	31.501000
1.232840	2594.116794	31.601000
1.232831	2593.655252	31.701000
1.232906	2593.179963	31.801000
1.232833	2592.721453	31.901000
1.232808	2592.234715	32.001000
1.232815	2591.771139	32.101000
1.232796	2591.294425	32.201000
1.232773	2590.826243	32.301000
1.232798	2590.347178	32.401000
1.232839	2589.887976	32.501000
1.232831	2589.481979	32.601000
1.232860	2588.930738	32.701000
1.232899	2588.454796	32.801000
1.232914	2587.976155	32.901000
1.232891	2587.497253	33.001000
1.232861	2587.058425	33.101000
1.232854	2586.556032	33.201000
1.232804	2586.101806	33.301000
1.232825	2585.639544	33.401000
1.232732	2585.218217	33.501000
1.232654	2584.808482	33.601000
1.232594	2584.355206	33.701000
1.232570	2583.873924	33.801000
1.232553	2583.418295	33.901000
1.232608	2582.935501	34.001000
1.232656	2582.490780	34.101000
1.232591	2582.032176	34.201000
1.232518	2581.579257	34.301000
1.232517	2581.098900	34.401000
1.232508	2580.615449	34.501000
1.232557	2580.133823	34.601000
1.232600	2579.706286	34.701000
1.232645	2579.200273	34.801000
1.232656	2578.724384	34.901000
1.232666	2578.252147	35.001000
1.232686	2577.799376	35.101000
1.232688	2577.311404	35.201000
1.232718	2576.844392	35.301000
1.232716	2576.380056	35.401000
1.232663	2575.963006	35.501000
1.232604	2575.518165	35.601000
1.232591	2575.042460	35.701000
1.232559	2574.699191	35.801000
1.232549	2574.812824	35.901000
1.232501	2574.182660	36.001000
1.232491	2573.319366	36.101000
1.232436	2572.800218	36.201000
1.232443	2572.333981	36.301000
1.232464	2571.863377	36.401000
1.232498	2571.400067	36.501000
1.232571	2570.920905	36.601000
1.232634	2570.463348	36.701000
1.232698	2570.025261	36.801000
1.232729	2569.533131	36.901000
1.232770	2569.030118	37.001000
1.232738	2568.593782	37.101000
1.232785	2568.104038	37.201000
1.232828	2567.637582	37.301000
1.232813	2567.190390	37.401000
1.232763	2566.745317	37.501000
1.232705	2566.292774	37.601000
1.232649	2565.854581	37.701000
1.232655	2565.385791	37.801000
1.232696	2564.982088	37.901000
1.232714	2564.483446	38.001000
1.232653	2564.050966	38.101000
1.232649	2563.577433	38.201000
1.232590	2563.129856	38.301000
1.232569	2562.656990	38.401000
1.232602	2562.179636	38.501000
1.232545	2561.744855	38.601000
1.232496	2561.313328	38.701000
1.232478	2560.863999	38.801000
1.232530	2560.402264	38.901000
1.232555	2559.949064	39.001000
1.232665	2559.404961	39.101000
1.232734	2558.940328	39.201000
1.232711	2558.493708	39.301000
1.232676	2558.048622	39.401000
1.232709	2557.591177	39.501000
1.232710	2557.130062	39.601000
1.232696	2556.690779	39.701000
1.232700	2556.252047	39.801000
1.232698	2555.813358	39.901000
1.232666	2555.393240	40.001000
1.232621	2554.948401	40.101000
1.232581	2554.449054	40.201000
1.232522	2554.014434	40.301000
1.232472	2553.560887	40.401000
1.232423	2553.112416	40.501000
1.232433	2552.672859	40.601000
1.232424	2552.216192	40.701000
1.232438	2551.760145	40.801000
1.232423	2551.294925	40.901000
1.232415	2550.817334	41.001000
1.232422	2550.836810	41.101000
1.232502	2550.494375	41.201000
1.232509	2549.733144	41.301000
1.232488	2549.000626	41.401000
1.232455	2548.553491	41.501000
1.232469	2548.106238	41.601000
1.232539	2547.629587	41.701000
1.232559	2547.199584	41.801000
1.232591	2546.742778	41.901000
1.232570	2546.291477	42.001000
1.232562	2545.854482	42.101000
1.232567	2545.440630	42.201000
1.232536	2544.944820	42.301000
1.232582	2544.483728	42.401000
1.232591	2544.038785	42.501000
1.232544	2543.612139	42.601000
1.232483	2543.173475	42.701000
1.232472	2542.716978	42.801000
1.232490	2542.258530	42.901000
1.232501	2541.788732	43.001000
1.232541	2541.355267	43.101000
1.232576	2540.923998	43.201000
1.232565	2540.452862	43.301000
1.232613	2539.946564	43.401000
1.232632	2539.502396	43.501000
1.232605	2539.053337	43.601000
1.232597	2538.598740	43.701000
1.232544	2538.174657	43.801000
1.232513	2537.768513	43.901000
1.232520	2537.323545	44.001000
1.232473	2536.901122	44.101000
1.232431	2536.433770	44.201000
1.232409	2536.044445	44.301000
1.232428	2535.542857	44.401000
1.232436	2535.092501	44.501000
1.232353	2534.670517	44.601000
1.232312	2534.228876	44.701000
1.232326	2533.779567	44.801000
1.232311	2533.325660	44.901000
1.232363	2532.869479	45.001000
1.232401	2532.422402	45.101000
1.232372	2531.980064	45.201000
1.232370	2531.510312	45.301000
1.232391	2531.102123	45.401000
1.232417	2530.593236	45.501000
1.232423	2530.152047	45.601000
1.232517	2529.673771	45.701000
1.232549	2529.217599	45.801000
1.232509	2528.795704	45.901000
1.232473	2528.363725	46.001000
1.232492	2527.927697	46.101000
1.232493	2527.454347	46.201000
1.232468	2527.130416	46.301000
1.232446	2527.320812	46.401000
1.232446	2526.644300	46.501000
1.232397	2525.842320	46.601000
1.232397	2525.326475	46.701000
1.232410	2524.895229	46.801000
1.232384	2524.443877	46.901000
1.232418	2524.000610	47.001000
1.232487	2523.550469	47.101000
1.232504	2523.111998	47.201000
1.232534	2522.644608	47.301000
1.232574	2522.172109	47.401000
1.232640	2521.760635	47.501000
1.232604	2521.282889	47.601000
1.232663	2520.804583	47.701000
1.232720	2520.346209	47.801000
1.232755	2519.908709	47.901000
1.232728	2519.488964	48.001000
1.232753	2519.073215	48.101000
1.232757	2518.622031	48.201000
1.232732	2518.205215	48.301000
1.232811	2517.724520	48.401000
1.232754	2517.319136	48.501000
1.232671	2516.921200	48.601000
1.232587	2516.447870	48.701000
1.232600	2516.011556	48.801000
1.232556	2515.576176	48.901000
1.232568	2515.133139	49.001000
1.232637	2514.686306	49.101000
1.232615	2514.291505	49.201000
1.232598	2513.870719	49.301000
1.232553	2513.439499	49.401000
1.232578	2512.981863	49.501000
1.232585	2512.556487	49.601000
1.232624	2512.085933	49.701000
1.232647	2511.626397	49.801000
1.232723	2511.190620	49.901000
1.232786	2510.739592	50.001000
1.232896	2510.292149	50.101000
1.232915	2509.849693	50.201000
1.232902	2509.415218	50.301000
1.232881	2508.984716	50.401000
1.232890	2508.559521	50.501000
1.232840	2508.141387	50.601000
1.232763	2507.781251	50.701000
1.232762	2507.282748	50.801000
1.232688	2506.857458	50.901000
1.232638	2506.406355	51.001000
1.232619	2505.971692	51.101000
1.232641	2505.547713	51.201000
1.232674	2505.089785	51.301000
1.232713	2504.635554	51.401000
1.232769	2504.184469	51.501000
1.232787	2504.336769	51.601000
1.232838	2503.846404	51.701000
1.232872	2503.099442	51.801000
1.232859	2502.445939	51.901000
1.232807	2502.047435	52.001000
1.232816	2501.587232	52.101000
1.232804	2501.121805	52.201000
1.232803	2500.675189	52.301000
1.232866	2500.223301	52.401000
1.232861	2499.814551	52.501000
1.232868	2499.397896	52.601000
1.232820	2498.998345	52.701000
1.232851	2498.582862	52.801000
1.232884	2498.139328	52.901000
1.232852	2497.684523	53.001000
1.232798	2497.257064	53.101000
1.232785	2496.837918	53.201000
1.232810	2496.406041	53.301000
1.232866	2495.958789	53.401000
1.232869	2495.515830	53.501000
1.232897	2495.099180	53.601000
1.232896	2494.648571	53.701000
1.232938	2494.189002	53.801000
1.232985	2493.784573	53.901000
1.232999	2493.325986	54.001000
1.232979	2492.921564	54.101000
1.232995	2492.445797	54.201000
1.232992	2492.014945	54.301000
1.233009	2491.574218	54.401000
1.233006	2491.140106	54.501000
1.232991	2490.735444	54.601000
1.233028	2490.342984	54.701000
1.232984	2489.948350	54.801000
1.232946	2489.518497	54.901000
1.232945	2489.133679	55.001000
1.232949	2488.650382	55.101000
1.232938	2488.228281	55.201000
1.232935	2487.810282	55.301000
1.232937	2487.400247	55.401000
1.232912	2486.967151	55.501000
1.232951	2486.520130	55.601000
1.232996	2486.084140	55.701000
1.232993	2485.649474	55.801000
1.233010	2485.208853	55.901000
1.233036	2484.800850	56.001000
1.233024	2484.407073	56.101000
1.233001	2483.905552	56.201000
1.233032	2483.452831	56.301000
1.233039	2483.028724	56.401000
1.233038	2482.587429	56.501000
1.233034	2482.145648	56.601000
1.233080	2481.725347	56.701000
1.233075	2481.803285	56.801000
1.233075	2481.443027	56.901000
1.233097	2480.712321	57.001000
1.233091	2480.076175	57.101000
1.233074	2479.612838	57.201000
1.233055	2479.168466	57.301000
1.233019	2478.769458	57.401000
1.232941	2478.382134	57.501000
1.232926	2477.938148	57.601000
1.232915	2477.504533	57.701000
1.232936	2477.090992	57.801000
1.232913	2476.638090	57.901000
1.232947	2476.191764	58.001000
1.233018	2475.810464	58.101000
1.233078	2475.394088	58.201000
1.233115	2474.908176	58.301000
1.233143	2474.462077	58.401000
1.233183	2474.019081	58.501000
1.233173	2473.594206	58.601000
1.233183	2473.164221	58.701000
1.233205	2472.758322	58.801000
1.233255	2472.294240	58.901000
1.233240	2471.865883	59.001000
1.233216	2471.450339	59.101000
1.233202	2471.047014	59.201000
1.233198	2470.643995	59.301000
1.233209	2470.172656	59.401000
1.233191	2469.777702	59.501000
1.233119	2469.371747	59.601000
1.233016	2468.974461	59.701000
1.232961	2468.551664	59.801000
1.232959	2468.112951	59.901000
1.232960	2467.682855	60.001000
1.232964	2467.261801	60.101000
1.232870	2466.874874	60.201000
1.232892	2466.466827	60.301000
1.232913	2466.006228	60.401000
1.232979	2465.530833	60.501000
1.233026	2465.102326	60.601000
1.233052	2464.651199	60.701000
1.233055	2464.240776	60.801000
1.233077	2463.810211	60.901000
1.233102	2463.382886	61.001000
1.233126	2462.951168	61.101000
1.233170	2462.508432	61.201000
1.233137	2462.090796	61.301000
1.233109	2461.731640	61.401000
1.233094	2461.267151	61.501000
1.233054	2460.874715	61.601000
1.233008	2460.469705	61.701000
1.232962	2460.054424	61.801000
1.232952	2459.649956	61.901000
1.232943	2459.598577	62.001000
1.232920	2459.443207	62.101000
1.232926	2458.695410	62.201000
1.232963	2457.959797	62.301000
1.233010	2457.533875	62.401000
1.233031	2457.154883	62.501000
1.233032	2456.691598	62.601000
1.233058	2456.247964	62.701000
1.233089	2455.818855	62.801000
1.233142	2455.370124	62.901000
1.233120	2454.977102	63.001000
1.233107	2454.572241	63.101000
1.233131	2454.122576	63.201000
1.233184	2453.696254	63.301000
1.233188	2453.271940	63.401000
1.233136	2452.900622	63.501000
1.233142	2452.476919	63.601000
1.233144	2452.052584	63.701000
1.233113	2451.650740	63.801000
1.233087	2451.246073	63.901000
1.233088	2450.832174	64.001000
1.233075	2450.435492	64.101000
1.233044	2449.993185	64.201000
1.233053	2449.565576	64.301000
1.233077	2449.153486	64.401000
1.233078	2448.738940	64.501000
1.233098	2448.353935	64.601000
1.233069	2447.903143	64.701000
1.233090	2447.477387	64.801000
1.233139	2447.025298	64.901000
1.233182	2446.583464	65.001000
1.233214	2446.175448	65.101000
1.233230	2445.775081	65.201000
1.233207	2445.359828	65.301000
1.233207	2444.930315	65.401000
1.233202	2444.500132	65.501000
1.233177	2444.089184	65.601000
1.233135	2443.746505	65.701000
1.233042	2443.301225	65.801000
1.232988	2442.916470	65.901000
1.232942	2442.524883	66.001000
1.232942	2442.164460	66.101000
1.232949	2441.712143	66.201000
1.232874	2441.328559	66.301000
1.232872	2440.913051	66.401000
1.232914	2440.508507	66.501000
1.232934	2440.090130	66.601000
1.232940	2439.692545	66.701000
1.232936	2439.246669	66.801000
1.232934	2438.805028	66.901000
1.232971	2438.378869	67.001000
1.232997	2437.951350	67.101000
1.233015	2437.535357	67.201000
1.233019	2437.769202	67.301000
1.233023	2437.197215	67.401000
1.233043	2436.387322	67.501000
1.233031	2435.867889	67.601000
1.233048	2435.442453	67.701000
1.233089	2435.064120	67.801000
1.233076	2434.601680	67.901000
1.233062	2434.210256	68.001000
1.233073	2433.807995	68.101000
1.233087	2433.374842	68.201000
1.233052	2432.970819	68.301000
1.233033	2432.570507	68.401000
1.232993	2432.168185	68.501000
1.232988	2431.752101	68.601000
1.232946	2431.388107	68.701000
1.232977	2430.983310	68.801000
1.233006	2430.595730	68.901000
1.233002	2430.121972	69.001000
1.232974	2429.725376	69.101000
1.232996	2429.302318	69.201000
1.233077	2428.855536	69.301000
1.233134	2428.438782	69.401000
1.233186	2428.035809	69.501000
1.233170	2427.636881	69.601000
1.233172	2427.206621	69.701000
1.233215	2426.764506	69.801000
1.233207	2426.377858	69.901000
1.233208	2425.960604	70.001000
1.233177	2425.555471	70.101000
1.233126	2425.154887	70.201000
1.233126	2424.739621	70.301000
1.233074	2424.329308	70.401000
1.233090	2423.924305	70.501000
1.233061	2423.525964	70.601000
1.233057	2423.120391	70.701000
1.233079	2422.729236	70.801000
1.233087	2422.326704	70.901000
1.233100	2421.962487	71.001000
1.233084	2421.535755	71.101000
1.233126	2421.092356	71.201000
1.233143	2420.671380	71.301000
1.233153	2420.253928	71.401000
1.233201	2419.829968	71.501000
1.233211	2419.420060	71.601000
1.233188	2419.028007	71.701000
1.233195	2418.611279	71.801000
1.233200	2418.205924	71.901000
1.233212	2417.801073	72.001000
1.233220	2417.438149	72.101000
1.233242	2416.948524	72.201000
1.233219	2416.558230	72.301000
1.233176	2416.194647	72.401000
1.233171	2416.359598	72.501000
1.233147	2415.908901	72.601000
1.233156	2415.115281	72.701000
1.233126	2414.585101	72.801000
1.233078	2414.183885	72.901000
1.233103	2413.767033	73.001000
1.233094	2413.379802	73.101000
1.233122	2412.976799	73.201000
1.233146	2412.499602	73.301000
1.233172	2412.088198	73.401000
1.233199	2411.671405	73.501000
1.233250	2411.251395	73.601000
1.233307	2410.832069	73.701000
1.233331	2410.431152	73.801000
1.233309	2410.017471	73.901000
1.233304	2409.631627	74.001000
1.233293	2409.255365	74.101000
1.233297	2408.824356	74.201000
1.233277	2408.404397	74.301000
1.233213	2407.998617	74.401000
1.233172	2407.647558	74.501000
1.233147	2407.237726	74.601000
1.233155	2406.839227	74.701000
1.233141	2406.442588	74.801000
1.233113	2406.048646	74.901000
1.233097	2405.645529	75.001000
1.233099	2405.239614	75.101000
1.233133	2404.845086	75.201000
1.233163	2404.490796	75.301000
1.233203	2404.011548	75.401000
1.233215	2403.583008	75.501000
1.233233	2403.171370	75.601000
1.233249	2402.766957	75.701000
1.233271	2402.332279	75.801000
1.233313	2401.923513	75.901000
1.233331	2401.509963	76.001000
1.233321	2401.119497	76.101000
1.233324	2400.705178	76.201000
1.233301	2400.318196	76.301000
1.233269	2399.960977	76.401000
1.233262	2399.487005	76.501000
1.233212	2399.108825	76.601000
1.233191	2398.715616	76.701000
1.233158	2398.324537	76.801000
1.233140	2397.915717	76.901000
1.233156	2397.502936	77.001000
1.233144	2397.112769	77.101000
1.233110	2396.715238	77.201000
1.233110	2396.312073	77.301000
1.233083	2395.968804	77.401000
1.233054	2395.582204	77.501000
1.233020	2395.162837	77.601000
1.233031	2395.021664	77.701000
1.233024	2394.927990	77.801000
1.233051	2394.326967	77.901000
1.233079	2393.504721	78.001000
1.233122	2393.097293	78.101000
1.233203	2392.694958	78.201000
1.233188	2392.312056	78.301000
1.233166	2391.906975	78.401000
1.233143	2391.563705	78.501000
1.233121	2391.118935	78.601000
1.233121	2390.708112	78.701000
1.233138	2390.327304	78.801000
1.233123	2389.937585	78.901000
1.233095	2389.565768	79.001000
1.233091	2389.160150	79.101000
1.233097	2388.747899	79.201000
1.233110	2388.345948	79.301000
1.233109	2387.948541	79.401000
1.233129	2387.542539	79.501000
1.233091	2387.183199	79.601000
1.233097	2386.748408	79.701000
1.233081	2386.315259	79.801000
1.233081	2385.906091	79.901000
1.233110	2385.496387	80.001000
1.233114	2385.109777	80.101000
1.233123	2384.700251	80.201000
1.233153	2384.281670	80.301000
1.233178	2383.895624	80.401000
1.233184	2383.499205	80.501000
1.233114	2383.156260	80.601000
1.233113	2382.750145	80.701000
1.233071	2382.347532	80.801000
1.233092	2381.935883	80.901000
1.233094	2381.533824	81.001000
1.233115	2381.154276	81.101000
1.233115	2380.783970	81.201000
1.233175	2380.353076	81.301000
1.233227	2379.926405	81.401000
1.233223	2379.531233	81.501000
1.233198	2379.133451	81.601000
1.233199	2378.784569	81.701000
1.233186	2378.332547	81.801000
1.233223	2377.931353	81.901000
1.233273	2377.529272	82.001000
1.233271	2377.132723	82.101000
1.233275	2376.735220	82.201000
1.233312	2376.322851	82.301000
1.233348	2375.913750	82.401000
1.233376	2375.508710	82.501000
1.233401	2375.102367	82.601000
1.233408	2374.724441	82.701000
1.233463	2374.381360	82.801000
1.233464	2373.911706	82.901000
1.233422	2374.118542	83.001000
1.233420	2373.647109	83.101000
1.233373	2372.908522	83.201000
1.233338	2372.366882	83.301000
1.233265	2372.027613	83.401000
1.233225	2371.644126	83.501000
1.233261	2371.233885	83.601000
1.233293	2370.823092	83.701000
1.233280	2370.464803	83.801000
1.233262	2370.069434	83.901000
1.233261	2369.603469	84.001000
1.233286	2369.214273	84.101000
1.233347	2368.816091	84.201000
1.233340	2368.416250	84.301000
1.233349	2368.000559	84.401000
1.233401	2367.590523	84.501000
1.233409	2367.188393	84.601000
1.233438	2366.805919	84.701000
1.233438	2366.411532	84.801000
1.233446	2366.066528	84.901000
1.233448	2365.666945	85.001000
1.233422	2365.248816	85.101000
1.233355	2364.854022	85.201000
1.233336	2364.458794	85.301000
1.233320	2364.065782	85.401000
1.233316	2363.669614	85.501000
1.233306	2363.289949	85.601000
1.233302	2362.912956	85.701000
1.233286	2362.516298	85.801000
1.233285	2362.119911	85.901000
1.233342	2361.752225	86.001000
1.233343	2361.320415	86.101000
1.233378	2360.902662	86.201000
1.233383	2360.513304	86.301000
1.233433	2360.117747	86.401000
1.233446	2359.726642	86.501000
1.233457	2359.316964	86.601000
1.233449	2358.922956	86.701000
1.233424	2358.541015	86.801000
1.233446	2358.126859	86.901000
1.233442	2357.735657	87.001000
1.233459	2357.408973	87.101000
1.233447	2356.963176	87.201000
1.233463	2356.558533	87.301000
1.233483	2356.157624	87.401000
1.233474	2355.761078	87.501000
1.233512	2355.379201	87.601000
1.233574	2354.988838	87.701000
1.233584	2354.598631	87.801000
1.233599	2354.220966	87.901000
1.233636	2353.827672	88.001000
1.233659	2353.462930	88.101000
1.233697	2353.459641	88.201000
1.233703	2353.220973	88.301000
1.233670	2352.475992	88.401000
1.233697	2351.823639	88.501000
1.233732	2351.429465	88.601000
1.233755	2351.030848	88.701000
1.233774	2350.631240	88.801000
1.233762	2350.211929	88.901000
1.233756	2349.819135	89.001000
1.233765	2349.422310	89.101000
1.233759	2349.071335	89.201000
1.233709	2348.634651	89.301000
1.233641	2348.295032	89.401000
1.233591	2347.935077	89.501000
1.233598	2347.558913	89.601000
1.233574	2347.168281	89.701000
1.233584	2346.795500	89.801000
1.233596	2346.392308	89.901000
1.233593	2345.990568	90.001000
1.233582	2345.626072	90.101000
1.233606	2345.261161	90.201000
1.233647	2344.898225	90.301000
1.233654	2344.437605	90.401000
1.233690	2344.025133	90.501000
1.233762	2343.626094	90.601000
1.233788	2343.314106	90.701000
1.233804	2343.572744	90.801000
1.233800	2342.690637	90.901000
1.233862	2342.024899	91.001000
1.233849	2341.636240	91.101000
1.233844	2341.239456	91.201000
1.233792	2340.897359	91.301000
1.233787	2340.497991	91.401000
1.233771	2340.076669	91.501000
1.233737	2339.714499	91.601000
1.233707	2339.342115	91.701000
1.233708	2338.986662	91.801000
1.233708	2338.597681	91.901000
1.233710	2338.196626	92.001000
1.233697	2337.812448	92.101000
1.233730	2337.404844	92.201000
1.233679	2337.031060	92.301000
1.233672	2336.711336	92.401000
1.233685	2336.282149	92.501000
1.233727	2335.863150	92.601000
1.233738	2335.466944	92.701000
1.233726	2335.083967	92.801000
1.233755	2334.685384	92.901000
1.233779	2334.273533	93.001000
1.233781	2333.880710	93.101000
1.233810	2333.495875	93.201000
1.233832	2333.117945	93.301000
1.233860	2332.818983	93.401000
1.233776	2333.087950	93.501000
1.233829	2332.404397	93.601000
1.233808	2331.601643	93.701000
1.233755	2331.190863	93.801000
1.233712	2330.821388	93.901000
1.233678	2330.442672	94.001000
1.233691	2330.052916	94.101000
1.233693	2329.667228	94.201000
1.233705	2329.290821	94.301000
1.233713	2328.891383	94.401000
1.233761	2328.504930	94.501000
1.233757	2328.136280	94.601000
1.233771	2327.723701	94.701000
1.233832	2327.322222	94.801000
1.233860	2326.911551	94.901000
1.233884	2326.509746	95.001000
1.233885	2326.166441	95.101000
1.233921	2325.770460	95.201000
1.233961	2325.384167	95.301000
1.233944	2325.031109	95.401000
1.233895	2324.712107	95.501000
1.233797	2324.404288	95.601000
1.233760	2324.029683	95.701000
1.233752	2323.638560	95.801000
1.233744	2323.248665	95.901000
1.233721	2322.857907	96.001000
1.233733	2322.455224	96.101000
1.233698	2322.093885	96.201000
1.233665	2321.727142	96.301000
1.233671	2321.343415	96.401000
1.233721	2320.917347	96.501000
1.233734	2320.501096	96.601000
1.233682	2320.162620	96.701000
1.233734	2319.704674	96.801000
1.233761	2319.295471	96.901000
1.233742	2318.922839	97.001000
1.233762	2318.554559	97.101000
1.233762	2318.171393	97.201000
1.233733	2317.764307	97.301000
1.233645	2317.402949	97.401000
1.233635	2317.019887	97.501000
1.233653	2316.603619	97.601000
1.233611	2316.253300	97.701000
1.233542	2315.881210	97.801000
1.233511	2315.484243	97.901000
1.233539	2315.095248	98.001000
1.233546	2314.700152	98.101000
1.233552	2314.341368	98.201000
1.233533	2313.982431	98.301000
1.233537	2313.597680	98.401000
1.233536	2313.203591	98.501000
1.233520	2312.829952	98.601000
1.233541	2313.102403	98.701000
1.233561	2312.586008	98.801000
1.233550	2311.755219	98.901000
1.233548	2311.270050	99.001000
1.233564	2310.865794	99.101000
1.233578	2310.466052	99.201000
1.233556	2310.101915	99.301000
1.233559	2309.722555	99.401000
1.233514	2309.331576	99.501000
1.233436	2308.942874	99.601000
1.233415	2308.541293	99.701000
1.233424	2308.166849	99.801000
1.233410	2307.812012	99.901000
1.233377	2307.384829	100.001000
1.233290	2307.044721	100.101000
1.233270	2306.640243	100.201000
1.233296	2306.220344	100.301000
1.233277	2305.824267	100.401000
1.233269	2305.452665	100.501000
1.233256	2305.086394	100.601000
1.233308	2304.714240	100.701000
1.233321	2304.339372	100.801000
1.233345	2303.978483	100.901000
1.233359	2303.612910	101.001000
1.233356	2303.190039	101.101000
1.233355	2302.826239	101.201000
1.233366	2302.427847	101.301000
1.233363	2302.035235	101.401000
1.233342	2301.641180	101.501000
1.233328	2301.273693	101.601000
1.233287	2300.931527	101.701000
1.233240	2300.584047	101.801000
1.233201	2300.229749	101.901000
1.233194	2299.899844	102.001000
1.233176	2299.509835	102.101000
1.233159	2299.197641	102.201000
1.233147	2298.871778	102.301000
1.233143	2298.382202	102.401000
1.233196	2298.011743	102.501000
1.233220	2297.625337	102.601000
1.233230	2297.227023	102.701000
1.233218	2296.849980	102.801000
1.233211	2296.489019	102.901000
1.233208	2296.109318	103.001000
1.233180	2295.777861	103.101000
1.233212	2295.333501	103.201000
1.233175	2294.981419	103.301000
1.233153	2294.605156	103.401000
1.233109	2294.236434	103.501000
1.233118	2293.817434	103.601000
1.233135	2293.444524	103.701000
1.233129	2293.076790	103.801000
1.233103	2293.327545	103.901000
1.233097	2292.826228	104.001000
1.233116	2292.098947	104.101000
1.233152	2291.596961	104.201000
1.233148	2291.171211	104.301000
1.233136	2290.804839	104.401000
1.233097	2290.439383	104.501000
1.233051	2290.069672	104.601000
1.233055	2289.681544	104.701000
1.233080	2289.312684	104.801000
1.233052	2288.957639	104.901000
1.233051	2288.581915	105.001000
1.233096	2288.202011	105.101000
1.233131	2287.853833	105.201000
1.233141	2287.446922	105.301000
1.233145	2287.010412	105.401000
1.233200	2286.615855	105.501000
1.233208	2286.258163	105.601000
1.233214	2285.892258	105.701000
1.233202	2285.512694	105.801000
1.233188	2285.145004	105.901000
1.233165	2284.767127	106.001000
1.233124	2284.407346	106.101000
1.233047	2284.050468	106.201000
1.233028	2283.740095	106.301000
1.233012	2283.334317	106.401000
1.233021	2282.954620	106.501000
1.233010	2282.592234	106.601000
1.233006	2282.215437	106.701000
1.232971	2281.845127	106.801000
1.232960	2281.462583	106.901000
1.232981	2281.057534	107.001000
1.233014	2280.666174	107.101000
1.233038	2280.289757	107.201000
1.233015	2279.956173	107.301000
1.232983	2279.592040	107.401000
1.232985	2279.170205	107.501000
1.233005	2278.761783	107.601000
1.233003	2278.386441	107.701000
1.232998	2278.024739	107.801000
1.232985	2277.658445	107.901000
1.232918	2277.318180	108.001000
1.232892	2276.975228	108.101000
1.232864	2276.639509	108.201000
1.232820	2276.278961	108.301000
1.232767	2275.959915	108.401000
1.232702	2275.574187	108.501000
1.232687	2275.187771	108.601000
1.232716	2274.792325	108.701000
1.232687	2274.434685	108.801000
1.232651	2274.072608	108.901000
1.232686	2273.703046	109.001000
1.232740	2273.563713	109.101000
1.232752	2273.530482	109.201000
1.232792	2272.967267	109.301000
1.232790	2272.173068	109.401000
1.232801	2271.842835	109.501000
1.232813	2271.431145	109.601000
1.232809	2271.057427	109.701000
1.232824	2270.691489	109.801000
1.232873	2270.308775	109.901000
1.232860	2269.944168	110.001000
1.232816	2269.597382	110.101000
1.232785	2269.213964	110.201000
1.232806	2268.824222	110.301000
1.232791	2268.481280	110.401000
1.232804	2268.130207	110.501000
1.232780	2267.785908	110.601000
1.232757	2267.395078	110.701000
1.232727	2267.035870	110.801000
1.232730	2266.669574	110.901000
1.232723	2266.292161	111.001000
1.232672	2265.953066	111.101000
1.232623	2265.596901	111.201000
1.232575	2265.233263	111.301000
1.232594	2264.848121	111.401000
1.232667	2264.442233	111.501000
1.232687	2264.131940	111.601000
1.232711	2263.704586	111.701000
1.232723	2263.316697	111.802000
1.232770	2262.936823	111.901000
1.232857	2262.562685	112.001000
1.232851	2262.202351	112.101000
1.232826	2261.848680	112.201000
1.232809	2261.488371	112.301000
1.232823	2261.110726	112.401000
1.232799	2260.752375	112.501000
1.232783	2260.391247	112.601000
1.232767	2260.094393	112.701000
1.232760	2259.704049	112.801000
1.232681	2259.345415	112.901000
1.232634	2258.974077	113.001000
1.232660	2258.592070	113.101000
1.232621	2258.236792	113.201000
1.232621	2257.866559	113.301000
1.232662	2257.487885	113.401000
1.232736	2257.104828	113.501000
1.232826	2256.718466	113.601000
1.232849	2256.376977	113.701000
1.232845	2256.011546	113.801000
1.232884	2255.609096	113.901000
1.232897	2255.240268	114.001000
1.232882	2254.867344	114.101000
1.232877	2254.491464	114.201000
1.232856	2254.132933	114.301000
1.232846	2254.488890	114.401000
1.232839	2253.890923	114.501000
1.232707	2253.196627	114.601000
1.232690	2252.758711	114.701000
1.232657	2252.462368	114.801000
1.232612	2252.066353	114.901000
1.232591	2251.698669	115.001000
1.232639	2251.343054	115.101000
1.232679	2250.963435	115.201000
1.232677	2250.605426	115.301000
1.232648	2250.235355	115.401000
1.232625	2249.872556	115.501000
1.232616	2249.504538	115.601000
1.232628	2249.132947	115.701000
1.232650	2248.749155	115.801000
1.232687	2248.428523	115.901000
1.232688	2248.000279	116.001000
1.232668	2247.641752	116.101000
1.232692	2247.263665	116.201000
1.232658	2246.892069	116.301000
1.232667	2246.536653	116.401000
1.232679	2246.154028	116.501000
1.232667	2245.782254	116.601000
1.232654	2245.427330	116.701000
1.232638	2245.075718	116.801000
1.232629	2244.719404	116.901000
1.232544	2244.386762	117.001000
1.232560	2244.012433	117.101000
1.232603	2243.656727	117.201000
1.232598	2243.304360	117.301000
1.232617	2242.935793	117.401000
1.232663	2242.564449	117.501000
1.232647	2242.208201	117.601000
1.232612	2241.847594	117.701000
1.232612	2241.487574	117.801000
1.232589	2241.136182	117.901000
1.232610	2240.793333	118.001000
1.232667	2240.392664	118.101000
1.232671	2240.007388	118.201000
1.232724	2239.630039	118.301000
1.232766	2239.270422	118.401000
1.232865	2238.904597	118.501000
1.232941	2238.538048	118.601000
1.233020	2238.163474	118.701000
1.232994	2237.807649	118.801000
1.233010	2237.461349	118.901000
1.233013	2237.113233	119.001000
1.233020	2236.804703	119.101000
1.233008	2236.383516	119.201000
1.233029	2236.032659	119.301000
1.232974	2235.703521	119.401000
1.232914	2235.373958	119.501000
1.232947	2235.522203	119.601000
1.232937	2235.179253	119.701000
1.232931	2234.483916	119.801000
1.232943	2233.891718	119.901000
1.232939	2233.510881	120.001000
1.233003	2233.176154	120.101000
1.233080	2232.818555	120.201000
1.233113	2232.400034	120.301000
1.233138	2232.023363	120.401000
1.233186	2231.647932	120.501000
1.233200	2231.311527	120.601000
1.233183	2230.950269	120.701000
1.233161	2230.578715	120.801000
1.233150	2230.237427	120.901000
1.233103	2229.921276	121.001000
1.233026	2229.613483	121.101000
1.233012	2229.303838	121.201000
1.233021	2228.918257	121.301000
1.233012	2228.563958	121.401000
1.233037	2228.203782	121.501000
1.233027	2227.877447	121.601000
1.233068	2227.481375	121.701000
1.233080	2227.117680	121.801000
1.233137	2226.758281	121.901000
1.233150	2226.380012	122.001000
1.233164	2226.006248	122.101000
1.233191	2225.636653	122.201000
1.233213	2225.322698	122.301000
1.233192	2224.904568	122.401000
1.233230	2224.507036	122.501000
1.233275	2224.149883	122.601000
1.233240	2223.815671	122.701000
1.233226	2223.473951	122.801000
1.233242	2223.107281	122.901000
1.233221	2222.755032	123.001000
1.233242	2222.389223	123.101000
1.233242	2222.036672	123.201000
1.233200	2221.716070	123.301000
1.233234	2221.366577	123.401000
1.233234	2220.982085	123.501000
1.233252	2220.618772	123.601000
1.233245	2220.257383	123.701000
1.233230	2219.900521	123.801000
1.233255	2219.540612	123.901000
1.233272	2219.178710	124.001000
1.233290	2218.805303	124.101000
1.233310	2218.438880	124.201000
1.233302	2218.106220	124.301000
1.233339	2217.794844	124.401000
1.233399	2217.393094	124.501000
1.233456	2216.986473	124.601000
1.233541	2216.625521	124.701000
1.233626	2216.781652	124.801000
1.233615	2216.406869	124.901000
1.233627	2215.707809	125.001000
1.233614	2215.193418	125.101000
1.233638	2214.840508	125.201000
1.233661	2214.487135	125.301000
1.233654	2214.126873	125.401000
1.233602	2213.842686	125.501000
1.233610	2213.433993	125.601000
1.233609	2213.094621	125.701000
1.233586	2212.720702	125.801000
1.233564	2212.387121	125.901000
1.233572	2212.016977	126.001000
1.233594	2211.648086	126.101000
1.233592	2211.282032	126.201000
1.233651	2210.901734	126.301000
1.233678	2210.536366	126.401000
1.233726	2210.179720	126.501000
1.233791	2209.811523	126.601000
1.233776	2209.425246	126.701000
1.233825	2209.069667	126.801000
1.233848	2208.699290	126.901000
1.233834	2208.349135	127.001000
1.233847	2207.981505	127.101000
1.233821	2207.623424	127.201000
1.233808	2207.270604	127.301000
1.233792	2206.919983	127.401000
1.233747	2206.591876	127.501000
1.233682	2206.299130	127.601000
1.233618	2205.941667	127.701000
1.233579	2205.592214	127.801000
1.233586	2205.232150	127.901000
1.233581	2204.882026	128.001000
1.233603	2204.518974	128.101000
1.233625	2204.150700	128.201000
1.233618	2203.786885	128.301000
1.233642	2203.420693	128.401000
1.233701	2203.062244	128.501000
1.233778	2202.678511	128.601000
1.233806	2202.368222	128.701000
1.233808	2201.933416	128.801000
1.233800	2201.587568	128.901000
1.233859	2201.209009	129.001000
1.233860	2200.841031	129.101000
1.233826	2200.495249	129.201000
1.233764	2200.168459	129.301000
1.233744	2199.828770	129.401000
1.233748	2199.471076	129.501000
1.233745	2199.117929	129.601000
1.233705	2198.793811	129.701000
1.233700	2198.453739	129.801000
1.233653	2198.076048	129.901000
1.233636	2198.065551	130.001000
1.233622	2197.933774	130.101000
1.233660	2197.310311	130.201000
1.233696	2196.627121	130.301000
1.233698	2196.261642	130.401000
1.233688	2195.900476	130.501000
1.233703	2195.543188	130.601000
1.233741	2195.172422	130.701000
1.233724	2194.853514	130.801000
1.233718	2194.467609	130.901000
1.233706	2194.117076	131.001000
1.233741	2193.759592	131.101000
1.233825	2193.371070	131.201000
1.233832	2193.015317	131.301000
1.233818	2192.661928	131.401000
1.233833	2192.295631	131.501000
1.233836	2191.931555	131.601000
1.233801	2191.605391	131.701000
1.233804	2191.275050	131.801000
1.233807	2191.007299	131.901000
1.233827	2190.612682	132.001000
1.233804	2190.238651	132.101000
1.233786	2189.890218	132.201000
1.233791	2189.551519	132.301000
1.233828	2189.182318	132.401000
1.233791	2188.821741	132.501000
1.233806	2188.458571	132.601000
1.233801	2188.105963	132.701000
1.233835	2187.741927	132.801000
1.233840	2187.391465	132.901000
1.233844	2187.062450	133.001000
1.233859	2186.644325	133.101000
1.233919	2186.256249	133.201000
1.233926	2185.902053	133.301000
1.233923	2185.567653	133.401000
1.233930	2185.209370	133.501000
1.233944	2184.873025	133.601000
1.233931	2184.525804	133.701000
1.233906	2184.183624	133.801000
1.233867	2183.843784	133.901000
1.233873	2183.515709	134.001000
1.233837	2183.171699	134.101000
1.233787	2182.809157	134.201000
1.233748	2182.488511	134.301000
1.233759	2182.143358	134.401000
1.233743	2181.793217	134.501000
1.233765	2181.431622	134.601000
1.233747	2181.084156	134.701000
1.233738	2180.716686	134.801000
1.233742	2180.374940	134.901000
1.233775	2180.016841	135.002000
1.233793	2179.701375	135.101000
1.233823	2179.459930	135.201000
1.233867	2179.636976	135.301000
1.233911	2178.960810	135.401000
1.233897	2178.216875	135.501000
1.233914	2177.859770	135.601000
1.233965	2177.488570	135.701000
1.233912	2177.149487	135.801000
1.233836	2176.839382	135.901000
1.233798	2176.503876	136.001000
1.233787	2176.170818	136.101000
1.233800	2175.873895	136.201000
1.233813	2175.471907	136.301000
1.233803	2175.135714	136.401000
1.233769	2174.784931	136.501000
1.233780	2174.414670	136.601000
1.233783	2174.073441	136.701000
1.233819	2173.706218	136.801000
1.233821	2173.341934	136.901000
1.233819	2172.989325	137.001000
1.233804	2172.637689	137.101000
1.233822	2172.304354	137.201000
1.233871	2171.978686	137.301000
1.233932	2171.553222	137.401000
1.233944	2171.202573	137.501000
1.233900	2170.873434	137.601000
1.233825	2170.560446	137.701000
1.233840	2170.207350	137.801000
1.233853	2169.866644	137.901000
1.233870	2169.512812	138.001000
1.233861	2169.166613	138.101000
1.233831	2168.835302	138.201000
1.233827	2168.537602	138.301000
1.233847	2168.143552	138.401000
1.233810	2167.798028	138.501000
1.233828	2167.463582	138.601000
1.233855	2167.132247	138.701000
1.233871	2166.777177	138.801000
1.233888	2166.429125	138.901000
1.233949	2166.066284	139.001000
1.233942	2165.715786	139.101000
1.233944	2165.350524	139.201000
1.233912	2165.006789	139.301000
1.233943	2164.718300	139.401000
1.233983	2164.301775	139.501000
1.234089	2163.912343	139.601000
1.234128	2163.570092	139.701000
1.234119	2163.239627	139.801000
1.234102	2162.887795	139.901000
1.234113	2162.527630	140.001000
1.234081	2162.204318	140.101000
1.234059	2161.865287	140.201000
1.234026	2161.556880	140.301000
1.233992	2161.308711	140.401000
1.233959	2161.576207	140.501000
1.233915	2161.043931	140.601000
1.233882	2160.274838	140.701000
1.233893	2159.852350	140.801000
1.233863	2159.532127	140.901000
1.233830	2159.178780	141.001000
1.233764	2158.851289	141.101000
1.233734	2158.513571	141.201000
1.233769	2158.161651	141.301000
1.233776	2157.821855	141.401000
1.233827	2157.513618	141.501000
1.233824	2157.121220	141.601000
1.233876	2156.747881	141.701000
1.233935	2156.383718	141.801000
1.233938	2156.041965	141.901000
1.233948	2155.705825	142.001000
1.233993	2155.366737	142.101000
1.234016	2155.018443	142.201000
1.233992	2154.664995	142.301000
1.233989	2154.340151	142.401000
1.233965	2154.036671	142.501000
1.233917	2153.720169	142.601000
1.233916	2153.313190	142.701000
1.233873	2152.994941	142.801000
1.233862	2152.670866	142.901000
1.233905	2152.311893	143.001000
1.233897	2151.964530	143.101000
1.233871	2151.611511	143.201000
1.233867	2151.265689	143.301000
1.233904	2150.898173	143.401000
1.233958	2150.530961	143.501000
1.233954	2150.188119	143.601000
1.233920	2149.865445	143.701000
1.233962	2149.473671	143.801000
1.234028	2149.107355	143.901000
1.234051	2148.781268	144.001000
1.234037	2148.416410	144.101000
1.233991	2148.076474	144.201000
1.234007	2147.731574	144.301000
1.233973	2147.394269	144.401000
1.233917	2147.077246	144.501000
1.233910	2146.745788	144.601000
1.233901	2146.456052	144.701000
1.233908	2146.090905	144.801000
1.233883	2145.742295	144.901000
1.233862	2145.403387	145.001000
1.233910	2145.035642	145.101000
1.233899	2144.679227	145.201000
1.233858	2144.331927	145.301000
1.233831	2143.993381	145.401000
1.233849	2143.650268	145.501000
1.233895	2143.294959	145.601000
1.233894	2143.532859	145.701000
1.233934	2143.123517	145.801000
1.233940	2142.320191	145.901000
1.233956	2141.873784	146.001000
1.233928	2141.519949	146.101000
1.233936	2141.172672	146.201000
1.233978	2140.824185	146.301000
1.234036	2140.479783	146.401000
1.234050	2140.134256	146.501000
1.234031	2139.802309	146.601000
1.234001	2139.460091	146.701000
1.233982	2139.126724	146.801000
1.233955	2138.801331	146.901000
1.233905	2138.434816	147.001000
1.233857	2138.101542	147.101000
1.233790	2137.795829	147.201000
1.233775	2137.448050	147.301000
1.233772	2137.077030	147.401000
1.233746	2136.735493	147.501000
1.233768	2136.381204	147.601000
1.233786	2136.048859	147.701000
1.233795	2135.682894	147.801000
1.233785	2135.382306	147.901000
1.233776	2135.016371	148.001000
1.233767	2134.669053	148.101000
1.233781	2134.316128	148.201000
1.233800	2133.971451	148.301000
1.233819	2133.625100	148.401000
1.233817	2133.272389	148.501000
1.233806	2132.934688	148.601000
1.233786	2132.613258	148.701000
1.233759	2132.287052	148.801000
1.233724	2131.959260	148.901000
1.233721	2131.680381	149.001000
1.233692	2131.295282	149.101000
1.233677	2130.955747	149.201000
1.233650	2130.621806	149.301000
1.233677	2130.280489	149.401000
1.233695	2129.938127	149.501000
1.233730	2129.596960	149.601000
1.233777	2129.228006	149.701000
1.233805	2128.878407	149.801000
1.233837	2128.512064	149.901000
1.233857	2128.181800	150.001000
1.233868	2127.851746	150.101000
1.233859	2127.461102	150.201000
1.233895	2127.110920	150.301000
1.233903	2126.755012	150.401000
1.233885	2126.427995	150.501000
1.233927	2126.082769	150.601000
1.233978	2125.772348	150.701000
1.233990	2125.443227	150.801000
1.233938	2125.926853	150.901000
1.233947	2125.774399	151.001000
1.233952	2124.746712	151.101000
1.234004	2124.105890	151.201000
1.234027	2123.760341	151.301000
1.233971	2123.451200	151.401000
1.233968	2123.125502	151.501000
1.233992	2122.787055	151.601000
1.234030	2122.425322	151.701000
1.234046	2122.092166	151.801000
1.234001	2121.760787	151.901000
1.234011	2121.463049	152.001000
1.234041	2121.051821	152.101000
1.234053	2120.759678	152.201000
1.234078	2120.346666	152.301000
1.234130	2119.992637	152.401000
1.234208	2119.637503	152.501000
1.234250	2119.287913	152.601000
1.234281	2118.941898	152.701000
1.234283	2118.612991	152.801000
1.234283	2118.291238	152.901000
1.234277	2117.931124	153.001000
1.234245	2117.592746	153.101000
1.234180	2117.307149	153.201000
1.234165	2116.979281	153.301000
1.234136	2116.638829	153.401000
1.234183	2116.279005	153.501000
1.234173	2115.978476	153.601000
1.234159	2115.640061	153.701000
1.234192	2115.282879	153.801000
1.234215	2114.923921	153.901000
1.234214	2114.586013	154.001000
1.234240	2114.240226	154.101000
1.234289	2113.882306	154.201000
1.234332	2113.558820	154.301000
1.234331	2113.196871	154.401000
1.234299	2112.843873	154.501000
1.234309	2112.498476	154.601000
1.234292	2112.145975	154.701000
1.234269	2111.832399	154.801000
1.234210	2111.521225	154.901000
1.234126	2111.226003	155.001000
1.234139	2110.894794	155.101000
1.234101	2110.588534	155.201000
1.234071	2110.255460	155.301000
1.234017	2109.994239	155.401000
1.234020	2109.592114	155.501000
1.234013	2109.255039	155.601000
1.234017	2108.906064	155.701000
1.233982	2108.576921	155.801000
1.233985	2108.262065	155.901000
1.234042	2107.926692	156.001000
1.234098	2107.748079	156.101000
1.234127	2107.867785	156.201000
1.234167	2107.267952	156.301000
1.234169	2106.544362	156.401000
1.234198	2106.217439	156.501000
1.234186	2105.846512	156.601000
1.234176	2105.507989	156.701000
1.234173	2105.163327	156.801000
1.234161	2104.843011	156.901000
1.234177	2104.500921	157.001000
1.234120	2104.176780	157.101000
1.234080	2103.845444	157.201000
1.234076	2103.512787	157.301000
1.234129	2103.161412	157.401000
1.234117	2102.880666	157.501000
1.234085	2102.544014	157.601000
1.234037	2102.222565	157.701000
1.234048	2101.864737	157.801000
1.234057	2101.525726	157.901000
1.234073	2101.184459	158.001000
1.234100	2100.839304	158.101000
1.234127	2100.503674	158.201000
1.234139	2100.160158	158.301000
1.234124	2099.829264	158.401000
1.234125	2099.506709	158.501000
1.234113	2099.240996	158.601000
1.234144	2098.839764	158.701000
1.234120	2098.522754	158.801000
1.234163	2098.202665	158.901000
1.234130	2097.865339	159.001000
1.234130	2097.523690	159.101000
1.234127	2097.196436	159.201000
1.234097	2096.890773	159.301000
1.234103	2096.560183	159.401000
1.234137	2096.213038	159.501000
1.234160	2095.896207	159.601000
1.234182	2095.594455	159.701000
1.234215	2095.205896	159.801000
1.234198	2094.894385	159.901000
1.234232	2094.539323	160.001000
1.234269	2094.198965	160.102000
1.234258	2093.861576	160.201000
1.234251	2093.537642	160.301000
1.234267	2093.195004	160.401000
1.234291	2092.878307	160.501000
1.234324	2092.531715	160.601000
1.234338	2092.228050	160.701000
1.234314	2091.888764	160.801000
1.234291	2091.548069	160.901000
1.234290	2091.217263	161.001000
1.234242	2090.890401	161.101000
1.234223	2090.568574	161.201000
1.234216	2090.230464	161.301000
1.234147	2090.351478	161.401000
1.234141	2090.185165	161.501000
1.234154	2089.530990	161.601000
1.234124	2088.936217	161.701000
1.234136	2088.648060	161.801000
1.234145	2088.244556	161.901000
1.234081	2087.939107	162.001000
1.234101	2087.607334	162.101000
1.234159	2087.251384	162.201000
1.234219	2086.889970	162.301000
1.234238	2086.538287	162.401000
1.234217	2086.206823	162.501000
1.234249	2085.866183	162.601000
1.234277	2085.524096	162.701000
1.234287	2085.200274	162.801000
1.234266	2084.915006	162.901000
1.234245	2084.555373	163.001000
1.234207	2084.249759	163.101000
1.234188	2083.929822	163.201000
1.234156	2083.609929	163.301000
1.234166	2083.297910	163.401000
1.234159	2082.943847	163.501000
1.234101	2082.657726	163.601000
1.234078	2082.336764	163.701000
1.234057	2082.018521	163.801000
1.234065	2081.705750	163.901000
1.234106	2081.344791	164.001000
1.234133	2080.985412	164.101000
1.234162	2080.641027	164.201000
1.234154	2080.307962	164.301000
1.234157	2079.970837	164.401000
1.234190	2079.613762	164.501000
1.234211	2079.271049	164.601000
1.234233	2078.948165	164.701000
1.234219	2078.641830	164.801000
1.234225	2078.321368	164.901000
1.234220	2078.057905	165.001000
1.234195	2077.668145	165.101000
1.234125	2077.357579	165.201000
1.234061	2077.039472	165.301000
1.234027	2076.718269	165.401000
1.233985	2076.403245	165.501000
1.233910	2076.082747	165.601000
1.233843	2075.778533	165.701000
1.233848	2075.461282	165.801000
1.233872	2075.135667	165.901000
1.233884	2074.805925	166.001000
1.233874	2074.506092	166.101000
1.233910	2074.111157	166.201000
1.233940	2073.770359	166.301000
1.233989	2073.426510	166.401000
1.234025	2073.091926	166.501000
1.234052	2073.027154	166.601000
1.234077	2072.979717	166.701000
1.234119	2072.544150	166.801000
1.234176	2071.750939	166.901000
1.234125	2071.418086	167.001000
1.234122	2071.110705	167.101000
1.234153	2070.780310	167.201000
1.234170	2070.428991	167.301000
1.234159	2070.103074	167.401000
1.234063	2069.817963	167.501000
1.234043	2069.486060	167.601000
1.233983	2069.179480	167.701000
1.234004	2068.849394	167.801000
1.234022	2068.517844	167.901000
1.234041	2068.175157	168.001000
1.234065	2067.831430	168.101000
1.234053	2067.555420	168.201000
1.234022	2067.183769	168.301000
1.234054	2066.836998	168.401000
1.234087	2066.490980	168.501000
1.234131	2066.169032	168.601000
1.234114	2065.819453	168.701000
1.234073	2065.503138	168.801000
1.234110	2065.152672	168.901000
1.234122	2064.823921	169.001000
1.234117	2064.490814	169.101000
1.234060	2064.196817	169.201000
1.233984	2063.952822	169.301000
1.233948	2063.595050	169.401000
1.233923	2063.274768	169.501000
1.233916	2062.945164	169.601000
1.233863	2062.640186	169.701000
1.233830	2062.321710	169.801000
1.233829	2061.978473	169.901000
1.233827	2061.655406	170.001000
1.233857	2061.332075	170.101000
1.233870	2061.003973	170.201000
1.233885	2060.718795	170.301000
1.233944	2060.379911	170.401000
1.234049	2060.021935	170.501000
1.234079	2059.674624	170.601000
1.234084	2059.326702	170.701000
1.234083	2058.985146	170.801000
1.234020	2058.665528	170.901000
1.233968	2058.347178	171.001000
1.233933	2058.022893	171.101000
1.233936	2057.704606	171.201000
1.233976	2057.361795	171.301000
1.233922	2057.104695	171.401000
1.233862	2056.738338	171.501000
1.233838	2056.417539	171.601000
1.233856	2056.085953	171.701000
1.233838	2055.767185	171.801000
1.233803	2056.017275	171.901000
1.233804	2055.627929	172.002000
1.233811	2054.938940	172.101000
1.233804	2054.477418	172.201000
1.233900	2054.126748	172.301000
1.233973	2053.793518	172.401000
1.233960	2053.495734	172.501000
1.233967	2053.123165	172.601000
1.233987	2052.778787	172.701000
1.233970	2052.468265	172.801000
1.234013	2052.149235	172.901000
1.234037	2051.857465	173.001000
1.234074	2051.533430	173.101000
1.234084	2051.214091	173.201000
1.234083	2050.901478	173.301000
1.234073	2050.581157	173.401000
1.234077	2050.277627	173.501000
1.234050	2049.943586	173.601000
1.234009	2049.613260	173.701000
1.234038	2049.303001	173.801000
1.234093	2048.999711	173.901000
1.234162	2048.646920	174.001000
1.234245	2048.286798	174.101000
1.234285	2047.963614	174.201000
1.234276	2047.632639	174.301000
1.234311	2047.293080	174.401000
1.234360	2046.929851	174.501000
1.234385	2046.651946	174.601000
1.234425	2046.272357	174.701000
1.234462	2045.935011	174.801000
1.234452	2045.630124	174.901000
1.234498	2045.300995	175.001000
1.234553	2044.972813	175.101000
1.234529	2044.657827	175.201000
1.234523	2044.323127	175.301000
1.234505	2043.995016	175.401000
1.234478	2043.693839	175.501000
1.234457	2043.386238	175.601000
1.234432	2043.128156	175.701000
1.234465	2042.734685	175.801000
1.234461	2042.405045	175.901000
1.234407	2042.095460	176.001000
1.234385	2041.782805	176.101000
1.234416	2041.441488	176.201000
1.234481	2041.092585	176.301000
1.234480	2040.769678	176.401000
1.234433	2040.479818	176.501000
1.234376	2040.178783	176.601000
1.234389	2039.893937	176.701000
1.234436	2039.540535	176.801000
1.234492	2039.185984	176.901000
1.234502	2038.862259	177.001000
1.234498	2038.935741	177.101000
1.234510	2038.805031	177.201000
1.234539	2038.154694	177.301000
1.234484	2037.574285	177.401000
1.234462	2037.267035	177.501000
1.234418	2036.948022	177.601000
1.234438	2036.616161	177.701000
1.234436	2036.346720	177.801000
1.234426	2035.982475	177.901000
1.234401	2035.669428	178.001000
1.234410	2035.329511	178.101000
1.234452	2034.987762	178.201000
1.234474	2034.678411	178.301000
1.234496	2034.349317	178.401000
1.234537	2034.022197	178.501000
1.234596	2033.685198	178.601000
1.234666	2033.366122	178.701000
1.234698	2033.040481	178.801000
1.234730	2032.745792	178.901000
1.234750	2032.351587	179.001000
1.234721	2032.046459	179.101000
1.234700	2031.702631	179.201000
1.234647	2031.396101	179.301000
1.234620	2031.076854	179.401000
1.234605	2030.764960	179.501000
1.234644	2030.425352	179.601000
1.234615	2030.128533	179.701000
1.234597	2029.821073	179.801000
1.234580	2029.541923	179.901000
1.234593	2029.198458	180.001000
1.234624	2028.861604	180.101000
1.234608	2028.544938	180.201000
1.234597	2028.229632	180.301000
1.234631	2027.873099	180.401000
1.234699	2027.530424	180.501000
1.234726	2027.203918	180.601000
1.234762	2026.861649	180.701000
1.234775	2026.508352	180.801000
1.234766	2026.178708	180.901000
1.234799	2025.903848	181.001000
1.234791	2025.572232	181.101000
1.234785	2025.250836	181.201000
1.234779	2024.939925	181.301000
1.234824	2024.612854	181.401000
1.234849	2024.296284	181.501000
1.234857	2023.969053	181.601000
1.234805	2023.667916	181.701000
1.234807	2023.342083	181.801000
1.234815	2023.037955	181.901000
1.234819	2022.719266	182.001000
1.234800	2022.453684	182.101000
1.234823	2022.072610	182.201000
1.234862	2021.932035	182.301000
1.234875	2022.026521	182.401000
1.234923	2021.508629	182.501000
1.234984	2020.744596	182.601000
1.235030	2020.383034	182.701000
1.235058	2020.063943	182.801000
1.235046	2019.750243	182.901000
1.235024	2019.432692	183.001000
1.234991	2019.122354	183.101000
1.234988	2018.851414	183.201000
1.235012	2018.474907	183.301000
1.235002	2018.174071	183.401000
1.235000	2017.844684	183.501000
1.234973	2017.541522	183.601000
1.234936	2017.232381	183.701000
1.234884	2016.941959	183.801000
1.234834	2016.638251	183.901000
1.234794	2016.347839	184.001000
1.234786	2016.031229	184.101000
1.234802	2015.745699	184.201000
1.234826	2015.429181	184.301000
1.234813	2015.064614	184.401000
1.234869	2014.711850	184.501000
1.234927	2014.379150	184.601000
1.234949	2014.049916	184.701000
1.234980	2013.739096	184.801000
1.234982	2013.406496	184.901000
1.235003	2013.076070	185.001000
1.235049	2012.741462	185.101000
1.235080	2012.429540	185.201000
1.235095	2012.171809	185.301000
1.235089	2011.823368	185.401000
1.235079	2011.491148	185.501000
1.235043	2011.170658	185.601000
1.234984	2010.890418	185.701000
1.234933	2010.573638	185.801000
1.234895	2010.272928	185.901000
1.234884	2009.956629	186.001000
1.234929	2009.621981	186.101000
1.234957	2009.303526	186.201000
1.234999	2008.960187	186.301000
1.235017	2008.673060	186.401000
1.235034	2008.279161	186.501000
1.235051	2007.959337	186.601000
1.235079	2007.617234	186.701000
1.235109	2007.272003	186.801000
1.235112	2006.946762	186.901000
1.235126	2006.622271	187.001000
1.235130	2006.319379	187.101000
1.235152	2006.009515	187.201000
1.235207	2005.676796	187.301000
1.235189	2005.378598	187.401000
1.235139	2005.170859	187.501000
1.235108	2005.285479	187.601000
1.235068	2004.984727	187.701000
1.234986	2004.376430	187.801000
1.234994	2003.859165	187.901000
1.235025	2003.564978	188.001000
1.235069	2003.219072	188.101000
1.235062	2002.911764	188.201000
1.235110	2002.576436	188.301000
1.235138	2002.233303	188.401000
1.235181	2001.920857	188.501000
1.235156	2001.609262	188.601000
1.235145	2001.258880	188.701000
1.235185	2000.908887	188.801000
1.235224	2000.586118	188.901000
1.235293	2000.239283	189.001000
1.235345	1999.910212	189.101000
1.235363	1999.577974	189.201000
1.235305	1999.282675	189.301000
1.235279	1998.973062	189.401000
1.235250	1998.667476	189.501000
1.235235	1998.390644	189.601000
1.235205	1998.040529	189.701000
1.235190	1997.712314	189.801000
1.235133	1997.432061	189.901000
1.235174	1997.110973	190.001000
1.235199	1996.782707	190.101000
1.235194	1996.452535	190.201000
1.235190	1996.149311	190.301000
1.235186	1995.822012	190.401000
1.235165	1995.515636	190.501000
1.235187	1995.185663	190.601000
1.235245	1994.907405	190.701000
1.235274	1994.516950	190.801000
1.235282	1994.191700	190.901000
1.235293	1993.871638	191.001000
1.235298	1993.550772	191.101000
1.235297	1993.238304	191.201000
1.235254	1992.944797	191.301000
1.235225	1992.641277	191.401000
1.235165	1992.332221	191.501000
1.235126	1992.024022	191.601000
1.235111	1991.729144	191.701000
1.235082	1991.465572	191.801000
1.235063	1991.097311	191.901000
1.235095	1990.770365	192.001000
1.235081	1990.460218	192.101000
1.235088	1990.159124	192.201000
1.235091	1989.916883	192.301000
1.235125	1989.486505	192.401000
1.235166	1989.138386	192.501000
1.235187	1988.809123	192.601000
1.235219	1988.493382	192.701000
1.235232	1988.683634	192.801000
1.235307	1988.361738	192.901000
1.235317	1987.719800	193.001000
1.235312	1987.193312	193.101000
1.235310	1986.896644	193.201000
1.235307	1986.600634	193.301000
1.235296	1986.287400	193.401000
1.235330	1985.973893	193.501000
1.235350	1985.659933	193.601000
1.235291	1985.381658	193.701000
1.235288	1985.062862	193.801000
1.235238	1984.796531	193.901000
1.235248	1984.419761	194.001000
1.235230	1984.107921	194.101000
1.235263	1983.780949	194.201000
1.235267	1983.445970	194.301000
1.235263	1983.134309	194.401000
1.235286	1982.799451	194.501000
1.235309	1982.467542	194.601000
1.235385	1982.128684	194.701000
1.235411	1981.820943	194.801000
1.235400	1981.478108	194.902000
1.235359	1981.245068	195.001000
1.235344	1980.879668	195.101000
1.235342	1980.547802	195.201000
1.235344	1980.221620	195.301000
1.235350	1979.909105	195.401000
1.235329	1979.627108	195.501000
1.235308	1979.310805	195.601000
1.235313	1979.000681	195.701000
1.235311	1978.698613	195.801000
1.235322	1978.389534	195.901000
1.235264	1978.107203	196.001000
1.235244	1977.828181	196.101000
1.235263	1977.463955	196.201000
1.235292	1977.141191	196.301000
1.235372	1976.795023	196.401000
1.235374	1976.489525	196.501000
1.235450	1976.160136	196.601000
1.235482	1975.846627	196.701000
1.235510	1975.514118	196.801000
1.235556	1975.170268	196.901000
1.235544	1974.860106	197.001000
1.235526	1974.567003	197.101000
1.235522	1974.247147	197.201000
1.235515	1973.898360	197.301000
1.235511	1973.572100	197.401000
1.235497	1973.242206	197.501000
1.235444	1972.930644	197.601000
1.235412	1972.625705	197.701000
1.235374	1972.338658	197.801000
1.235350	1972.052264	197.901000
1.235383	1971.962660	198.001000
1.235349	1972.032402	198.101000
1.235275	1971.541311	198.201000
1.235291	1970.808632	198.301000
1.235312	1970.481852	198.401000
1.235358	1970.147504	198.501000
1.235363	1969.829042	198.601000
1.235343	1969.509735	198.701000
1.235315	1969.285405	198.801000
1.235304	1968.925446	198.901000
1.235304	1968.620085	199.001000
1.235358	1968.270808	199.101000
1.235367	1967.949812	199.201000
1.235347	1967.653971	199.301000
1.235339	1967.337038	199.401000
1.235317	1967.022435	199.501000
1.235281	1966.722702	199.601000
1.235266	1966.415612	199.701000
1.235204	1966.134671	199.801000
1.235221	1965.876027	199.901000
1.235238	1965.510507	200.001000
1.235277	1965.202827	200.101000
1.235329	1964.861329	200.201000
1.235371	1964.545515	200.301000
1.235374	1964.214167	200.401000
1.235411	1963.882522	200.501000
1.235429	1963.559417	200.601000
1.235418	1963.257501	200.701000
1.235456	1962.908760	200.801000
1.235488	1962.637258	200.901000
1.235504	1962.299960	201.001000
1.235435	1961.972760	201.101000
1.235422	1961.645464	201.201000
1.235417	1961.341299	201.301000
1.235389	1961.020038	201.401000
1.235351	1960.718357	201.501000
1.235278	1960.416982	201.601000
1.235267	1960.105594	201.701000
1.235253	1959.796975	201.801000
1.235267	1959.478952	201.901000
1.235277	1959.204978	202.001000
1.235253	1958.854283	202.101000
1.235244	1958.536033	202.201000
1.235251	1958.197977	202.301000
1.235273	1957.866819	202.401000
1.235288	1957.558088	202.501000
1.235255	1957.268072	202.601000
1.235258	1956.933203	202.701000
1.235279	1956.607188	202.801000
1.235339	1956.263491	202.901000
1.235373	1955.963031	203.001000
1.235386	1955.695177	203.101000
1.235405	1955.368826	203.201000
1.235371	1955.605633	203.301000
1.235379	1955.223327	203.401000
1.235302	1954.544856	203.501000
1.235284	1954.116586	203.601000
1.235261	1953.810444	203.701000
1.235238	1953.501792	203.801000
1.235246	1953.187434	203.901000
1.235279	1952.889135	204.001000
1.235323	1952.574063	204.101000
1.235343	1952.304543	204.201000
1.235371	1951.934114	204.301000
1.235320	1951.630681	204.401000
1.235313	1951.312055	204.501000
1.235357	1950.981804	204.601000
1.235426	1950.635540	204.701000
1.235501	1950.295371	204.801000
1.235490	1949.982110	204.901000
1.235538	1949.674672	205.001000
1.235592	1949.323645	205.101000
1.235576	1949.058621	205.201000
1.235537	1948.763892	205.301000
1.235536	1948.429072	205.401000
1.235541	1948.134471	205.501000
1.235519	1947.838922	205.601000
1.235520	1947.524089	205.701000
1.235554	1947.196960	205.801000
1.235553	1946.901489	205.901000
1.235551	1946.597369	206.001000
