ÿ-7.000000E+01,-2.900833E-06,+9.910000E+37,+3.010494E+03,+2.150800E+04
,-6.900000E+01,-2.833757E-06,+9.910000E+37,+3.011552E+03,+2.150800E+04
,-6.800000E+01,-2.774178E-06,+9.910000E+37,+3.012611E+03,+2.150800E+04
,-6.700000E+01,-2.715284E-06,+9.910000E+37,+3.013674E+03,+2.150800E+04
,-6.600000E+01,-2.656365E-06,+9.910000E+37,+3.014730E+03,+2.150800E+04
,-6.500000E+01,-2.597775E-06,+9.910000E+37,+3.015788E+03,+2.150800E+04
,-6.400000E+01,-2.541083E-06,+9.910000E+37,+3.016849E+03,+2.150800E+04
,-6.300000E+01,-2.480043E-06,+9.910000E+37,+3.017907E+03,+2.150800E+04
,-6.200000E+01,-2.424398E-06,+9.910000E+37,+3.018966E+03,+2.150800E+04
,-6.100000E+01,-2.365979E-06,+9.910000E+37,+3.020026E+03,+2.150800E+04
,-6.000000E+01,-2.306696E-06,+9.910000E+37,+3.021106E+03,+2.150800E+04
,-5.900000E+01,-2.246596E-06,+9.910000E+37,+3.022166E+03,+2.150800E+04
,-5.800000E+01,-2.186390E-06,+9.910000E+37,+3.023245E+03,+2.150800E+04
,-5.700000E+01,-2.125663E-06,+9.910000E+37,+3.024307E+03,+2.150800E+04
,-5.600000E+01,-2.064058E-06,+9.910000E+37,+3.025369E+03,+2.150800E+04
,-5.500000E+01,-2.002562E-06,+9.910000E+37,+3.026432E+03,+2.150800E+04
,-5.400000E+01,-1.939821E-06,+9.910000E+37,+3.027489E+03,+2.150800E+04
,-5.300000E+01,-1.876918E-06,+9.910000E+37,+3.028548E+03,+2.150800E+04
,-5.200000E+01,-1.812867E-06,+9.910000E+37,+3.029607E+03,+2.150800E+04
,-5.100000E+01,-1.748898E-06,+9.910000E+37,+3.030666E+03,+2.150800E+04
,-5.000000E+01,-1.683712E-06,+9.910000E+37,+3.031749E+03,+2.150800E+04
,-4.900000E+01,-1.617633E-06,+9.910000E+37,+3.032810E+03,+2.150800E+04
,-4.800000E+01,-1.551309E-06,+9.910000E+37,+3.033868E+03,+2.150800E+04
,-4.700000E+01,-1.484290E-06,+9.910000E+37,+3.034947E+03,+2.150800E+04
,-4.600000E+01,-1.416023E-06,+9.910000E+37,+3.036006E+03,+2.150800E+04
,-4.500000E+01,-1.347144E-06,+9.910000E+37,+3.037092E+03,+2.150800E+04
,-4.400000E+01,-1.277029E-06,+9.910000E+37,+3.038151E+03,+2.150800E+04
,-4.300000E+01,-1.206257E-06,+9.910000E+37,+3.039237E+03,+2.150800E+04
,-4.200000E+01,-1.133884E-06,+9.910000E+37,+3.040296E+03,+2.150800E+04
,-4.100000E+01,-1.060516E-06,+9.910000E+37,+3.041356E+03,+2.150800E+04
,-4.000000E+01,-9.859307E-07,+9.910000E+37,+3.042444E+03,+2.150800E+04
,-3.900000E+01,-9.096934E-07,+9.910000E+37,+3.043526E+03,+2.150800E+04
,-3.800000E+01,-8.317144E-07,+9.910000E+37,+3.044588E+03,+2.150800E+04
,-3.700000E+01,-7.516398E-07,+9.910000E+37,+3.045674E+03,+2.150800E+04
,-3.600000E+01,-6.699386E-07,+9.910000E+37,+3.046734E+03,+2.150800E+04
,-3.500000E+01,-5.862874E-07,+9.910000E+37,+3.047813E+03,+2.150800E+04
,-3.400000E+01,-5.000609E-07,+9.910000E+37,+3.048874E+03,+2.150800E+04
,-3.300000E+01,-4.107132E-07,+9.910000E+37,+3.049956E+03,+2.150800E+04
,-3.200000E+01,-3.183002E-07,+9.910000E+37,+3.051016E+03,+2.150800E+04
,-3.100000E+01,-2.216393E-07,+9.910000E+37,+3.052076E+03,+2.150800E+04
,-3.000000E+01,-1.203020E-07,+9.910000E+37,+3.053139E+03,+2.150800E+04
,-2.900000E+01,-1.207556E-08,+9.910000E+37,+3.054197E+03,+2.150800E+04
,-2.800000E+01,+1.024131E-07,+9.910000E+37,+3.055256E+03,+2.150800E+04
,-2.700000E+01,+2.245916E-07,+9.910000E+37,+3.056317E+03,+2.150800E+04
,-2.600000E+01,+3.547844E-07,+9.910000E+37,+3.057377E+03,+2.150800E+04
,-2.500000E+01,+4.920421E-07,+9.910000E+37,+3.058436E+03,+2.150800E+04
,-2.400000E+01,+6.281237E-07,+9.910000E+37,+3.059521E+03,+2.150800E+04
,-2.300000E+01,+7.615931E-07,+9.910000E+37,+3.060582E+03,+2.150800E+04
,-2.200000E+01,+8.969826E-07,+9.910000E+37,+3.061661E+03,+2.150800E+04
,-2.100000E+01,+1.045556E-06,+9.910000E+37,+3.062717E+03,+2.150800E+04
,-2.000000E+01,+1.211468E-06,+9.910000E+37,+3.063776E+03,+2.150800E+04
,-1.900000E+01,+1.397069E-06,+9.910000E+37,+3.064839E+03,+2.150800E+04
,-1.800000E+01,+1.609779E-06,+9.910000E+37,+3.065898E+03,+2.150800E+04
,-1.700000E+01,+1.840526E-06,+9.910000E+37,+3.066978E+03,+2.150800E+04
,-1.600000E+01,+2.107916E-06,+9.910000E+37,+3.068038E+03,+2.150800E+04
,-1.500000E+01,+2.409721E-06,+9.910000E+37,+3.069119E+03,+2.150800E+04
,-1.400000E+01,+2.753224E-06,+9.910000E+37,+3.070182E+03,+2.150800E+04
,-1.300000E+01,+3.143059E-06,+9.910000E+37,+3.071239E+03,+2.150800E+04
,-1.200000E+01,+3.584744E-06,+9.9100
































current through plasma (-mA) <tab> voltage across plasma (-V) <tab> time (sec)
0.575538	2831.455229	0.001000
0.574725	2830.870609	0.101000
0.574693	2830.270278	0.201000
0.574704	2829.678237	0.301000
0.574682	2829.093073	0.401000
0.574680	2828.526686	0.501000
0.574736	2827.914015	0.601000
0.574797	2827.318502	0.701000
0.574804	2826.740998	0.801000
0.574794	2826.412596	0.901000
0.574796	2825.574443	1.001000
0.574789	2825.024849	1.101000
0.574760	2824.426904	1.201000
0.574746	2823.933777	1.301000
0.574716	2823.510581	1.401000
0.574690	2822.728921	1.501000
0.574689	2822.179879	1.601000
0.574668	2821.622662	1.701000
0.574648	2821.060436	1.801000
0.574620	2820.515597	1.901000
0.574596	2819.916138	2.001000
0.574587	2819.367306	2.101000
0.574625	2818.776309	2.201000
0.574636	2818.241453	2.301000
0.574625	2817.675304	2.401000
0.574630	2817.296675	2.501000
0.574636	2817.276539	2.601000
0.574647	2816.436622	2.701000
0.574633	2815.406480	2.801000
0.574616	2814.802540	2.901000
0.574625	2814.202721	3.001000
0.574612	2813.632313	3.101000
0.574658	2813.046443	3.201000
0.574720	2812.443497	3.301000
0.574721	2811.918915	3.401000
0.574748	2811.327166	3.501000
0.574747	2810.752355	3.601000
0.574764	2810.209768	3.701000
0.574776	2809.622927	3.801000
0.574794	2809.047418	3.901000
0.574797	2808.527619	4.001000
0.574782	2807.925533	4.101000
0.574799	2807.358751	4.201000
0.574761	2806.806485	4.301000
0.574744	2806.226618	4.401000
0.574759	2805.714025	4.501000
0.574719	2805.101790	4.601000
0.574712	2804.542335	4.701000
0.574752	2803.981843	4.801000
0.574778	2803.402745	4.901000
0.574742	2802.946325	5.001000
0.574726	2802.325266	5.101000
0.574705	2801.754931	5.201000
0.574699	2801.220379	5.301000
0.574646	2800.664596	5.401000
0.574597	2800.447020	5.502000
0.574581	2800.060507	5.601000
0.574586	2799.462988	5.701000
0.574584	2798.896215	5.801000
0.574586	2798.503765	5.901000
0.574574	2798.223465	6.001000
0.574545	2796.982898	6.101000
0.574549	2796.248332	6.201000
0.574585	2795.679671	6.301000
0.574566	2795.149645	6.401000
0.574582	2794.625432	6.501000
0.574579	2794.105999	6.601000
0.574573	2793.504925	6.701000
0.574579	2792.910720	6.801000
0.574554	2792.368506	6.901000
0.574561	2791.791129	7.001000
0.574570	2791.260176	7.101000
0.574540	2790.676812	7.201000
0.574546	2790.090652	7.301000
0.574610	2789.546063	7.401000
0.574736	2789.040874	7.501000
0.574816	2788.485320	7.601000
0.574846	2787.965961	7.701000
0.574809	2788.130254	7.801000
0.574767	2787.416307	7.901000
0.574696	2786.395947	8.001000
0.574616	2785.730209	8.101000
0.574579	2785.207687	8.201000
0.574540	2784.622195	8.301000
0.574521	2784.096505	8.401000
0.574483	2783.559295	8.501000
0.574459	2782.960942	8.601000
0.574475	2782.407667	8.701000
0.574428	2781.879747	8.801000
0.574453	2781.274533	8.901000
0.574478	2780.715706	9.001000
0.574494	2780.196913	9.101000
0.574514	2779.640920	9.201000
0.574522	2779.083430	9.301000
0.574565	2778.520404	9.401000
0.574717	2778.001962	9.501000
0.574822	2777.455579	9.601000
0.574869	2776.889042	9.701000
0.574913	2776.943552	9.801000
0.574900	2775.984010	9.901000
0.574904	2775.222286	10.001000
0.574908	2774.739824	10.101000
0.574950	2774.183361	10.201000
0.574954	2773.639481	10.301000
0.574906	2773.103956	10.401000
0.574925	2772.541062	10.501000
0.574876	2772.009466	10.601000
0.574908	2771.476425	10.701000
0.574917	2770.933516	10.801000
0.574897	2770.440760	10.901000
0.574867	2769.847755	11.001000
0.574858	2769.322922	11.101000
0.574855	2768.756545	11.201000
0.574870	2768.236857	11.301000
0.574835	2767.682238	11.401000
0.574840	2767.142684	11.501000
0.574818	2766.592797	11.601000
0.574814	2766.055797	11.701000
0.574809	2765.530646	11.801000
0.574811	2764.997588	11.901000
0.574827	2764.459652	12.001000
0.574796	2763.880060	12.101000
0.574817	2763.318954	12.201000
0.574824	2762.814277	12.301000
0.574844	2762.243071	12.401000
0.574868	2761.708491	12.501000
0.574887	2761.175750	12.601000
0.574881	2760.603953	12.701000
0.574895	2760.066113	12.801000
0.574947	2759.503417	12.901000
0.574954	2759.541201	13.001000
0.574956	2758.966712	13.101000
0.574967	2758.063683	13.201000
0.574945	2757.325839	13.301000
0.574933	2756.822298	13.401000
0.574932	2756.881295	13.501000
0.574944	2755.741941	13.601000
0.574937	2755.196388	13.701000
0.574941	2754.648159	13.801000
0.574911	2754.121781	13.901000
0.574926	2753.576207	14.001000
0.574883	2753.124694	14.101000
0.574887	2752.513134	14.201000
0.574872	2751.965617	14.301000
0.574860	2751.427313	14.401000
0.574857	2750.937996	14.501000
0.574907	2750.413592	14.601000
0.574891	2749.876012	14.701000
0.574910	2749.319641	14.801000
0.574888	2748.776098	14.901000
0.574887	2748.266441	15.001000
0.574892	2747.752787	15.101000
0.574869	2747.225694	15.201000
0.574855	2746.658394	15.301000
0.574900	2746.166008	15.401000
0.574909	2745.577017	15.501000
0.574934	2745.037077	15.601000
0.574974	2744.500445	15.701000
0.574980	2743.932766	15.801000
0.575018	2743.415175	15.901000
0.575036	2742.837948	16.001000
0.575023	2742.334632	16.101000
0.574990	2741.817105	16.201000
0.574959	2741.321306	16.301000
0.574963	2740.745075	16.401000
0.574966	2740.282508	16.501000
0.574959	2739.674719	16.601000
0.574963	2739.168891	16.701000
0.574973	2738.654832	16.801000
0.574939	2738.123132	16.901000
0.574956	2737.582743	17.001000
0.574966	2737.049237	17.101000
0.574921	2736.522016	17.201000
0.574900	2736.059056	17.301000
0.574932	2735.455551	17.401000
0.574916	2734.909946	17.501000
0.574923	2734.373843	17.601000
0.574940	2733.826012	17.701000
0.574924	2733.330093	17.801000
0.574893	2732.803396	17.901000
0.574867	2732.293315	18.001000
0.574884	2731.749353	18.101000
0.574904	2731.409020	18.201000
0.574907	2731.323588	18.301000
0.574899	2730.576860	18.401000
0.574972	2729.582790	18.501000
0.574981	2729.036986	18.601000
0.575004	2728.490366	18.701000
0.575026	2727.956369	18.801000
0.574996	2727.446955	18.901000
0.575010	2726.961712	19.001000
0.575025	2726.433368	19.101000
0.575040	2725.903468	19.201000
0.575059	2725.359684	19.301000
0.575030	2724.851109	19.401000
0.574993	2724.388715	19.501000
0.574976	2723.831959	19.601000
0.574951	2723.292144	19.701000
0.574938	2722.769815	19.801000
0.574938	2722.238628	19.901000
0.574904	2721.739967	20.001000
0.574924	2721.212712	20.101000
0.574938	2720.671968	20.201000
0.574944	2720.100963	20.301000
0.574933	2719.626672	20.401000
0.574909	2719.130033	20.501000
0.574920	2718.564422	20.601000
0.574899	2718.051029	20.701000
0.574882	2717.512133	20.801000
0.574906	2716.976537	20.901000
0.574887	2716.460382	21.001000
0.574873	2715.950057	21.101000
0.574877	2715.454360	21.201000
0.574923	2714.911454	21.301000
0.574929	2714.399551	21.401000
0.574921	2713.861318	21.501000
0.574909	2713.398789	21.601000
0.574929	2712.794816	21.701000
0.574958	2712.259937	21.801000
0.575024	2711.690415	21.901000
0.575009	2711.160529	22.001000
0.575014	2710.664223	22.101000
0.574999	2710.125604	22.201000
0.575037	2709.597014	22.301000
0.575035	2709.088461	22.401000
0.574980	2708.579742	22.501000
0.574951	2708.091039	22.601000
0.574969	2707.587437	22.701000
0.574928	2707.027229	22.801000
0.574948	2706.524018	22.901000
0.575008	2705.986199	23.001000
0.575019	2705.468037	23.101000
0.574974	2704.960457	23.201000
0.574957	2704.433279	23.301000
0.574942	2703.941925	23.401000
0.574914	2704.015567	23.501000
0.574876	2703.518837	23.601000
0.574847	2702.642800	23.701000
0.574816	2701.994285	23.801000
0.574818	2701.444085	23.901000
0.574840	2700.921173	24.001000
0.574816	2700.442474	24.101000
0.574815	2699.896156	24.201000
0.574812	2699.361296	24.301000
0.574840	2698.846880	24.401000
0.574843	2698.332181	24.501000
0.574834	2697.830760	24.601000
0.574842	2697.326352	24.701000
0.574866	2696.858794	24.801000
0.574899	2696.272287	24.901000
0.574969	2695.710234	25.001000
0.574965	2695.228154	25.101000
0.574943	2694.693316	25.201000
0.574954	2694.169829	25.301000
0.574922	2693.647934	25.401000
0.574940	2693.161053	25.501000
0.574962	2692.609175	25.601000
0.574925	2692.117820	25.701000
0.574922	2691.655687	25.801000
0.574938	2691.186366	25.901000
0.574960	2690.599043	26.001000
0.574951	2690.100533	26.101000
0.574943	2689.566060	26.201000
0.574905	2689.066273	26.301000
0.574905	2688.593034	26.401000
0.574908	2688.079044	26.501000
0.574893	2687.561069	26.601000
0.574877	2687.050023	26.701000
0.574851	2686.553453	26.801000
0.574858	2686.144003	26.901000
0.574836	2685.663278	27.001000
0.574850	2685.022495	27.101000
0.574826	2684.512925	27.201000
0.574837	2683.994229	27.301000
0.574836	2683.477210	27.401000
0.574836	2682.979430	27.501000
0.574863	2682.495145	27.601000
0.574867	2681.982716	27.701000
0.574869	2681.468759	27.801000
0.574878	2680.958203	27.901000
0.574872	2680.490365	28.001000
0.574897	2680.005373	28.101000
0.574939	2679.476041	28.201000
0.574925	2678.984829	28.301000
0.574940	2678.472074	28.401000
0.574941	2677.971500	28.501000
0.574958	2677.440246	28.601000
0.574953	2677.417837	28.701000
0.574929	2676.993011	28.801000
0.574957	2676.138799	28.901000
0.574942	2675.401494	29.001000
0.574958	2674.979710	29.101000
0.574935	2674.397622	29.201000
0.574950	2673.920802	29.301000
0.574926	2673.434215	29.401000
0.574900	2672.934714	29.501000
0.574897	2672.452407	29.601000
0.574899	2671.926865	29.701000
0.574861	2671.436790	29.801000
0.574877	2670.952005	29.901000
0.574867	2670.425479	30.001000
0.574856	2669.926399	30.101000
0.574864	2669.473752	30.201000
0.574866	2668.886831	30.301000
0.574834	2668.409699	30.401000
0.574815	2667.954962	30.501000
0.574824	2667.456378	30.601000
0.574837	2666.935636	30.701000
0.574864	2666.425156	30.801000
0.574860	2665.913786	30.901000
0.574869	2665.405935	31.001000
0.574853	2664.951462	31.101000
0.574905	2664.436585	31.201000
0.574931	2663.935066	31.301000
0.574932	2663.383836	31.401000
0.574934	2662.878604	31.501000
0.574919	2662.392043	31.601000
0.574928	2661.928914	31.701000
0.574965	2661.377428	31.801000
0.574957	2660.872918	31.901000
0.574984	2660.371567	32.001000
0.574980	2659.861824	32.101000
0.574961	2659.368199	32.201000
0.574976	2658.929013	32.301000
0.574986	2658.411011	32.401000
0.574996	2657.890435	32.501000
0.574966	2657.398786	32.601000
0.574982	2656.893389	32.701000
0.574948	2656.438362	32.801000
0.574939	2655.963794	32.901000
0.574935	2655.470735	33.001000
0.574920	2655.006532	33.101000
0.574907	2654.494447	33.201000
0.574907	2653.992740	33.301000
0.574901	2653.545060	33.401000
0.574911	2653.036593	33.501000
0.574908	2652.524369	33.601000
0.574896	2652.029350	33.701000
0.574870	2651.551453	33.801000
0.574895	2651.180151	33.901000
0.574910	2651.305434	34.001000
0.574896	2650.450495	34.101000
0.574854	2649.579241	34.201000
0.574857	2649.082937	34.301000
0.574860	2648.583804	34.401000
0.574888	2648.134128	34.501000
0.574892	2647.579507	34.601000
0.574909	2647.064822	34.701000
0.574980	2646.541944	34.801000
0.574961	2646.051795	34.901000
0.574967	2645.554664	35.001000
0.574993	2645.058896	35.101000
0.574976	2644.582489	35.201000
0.575003	2644.101303	35.301000
0.575039	2643.587048	35.401000
0.575016	2643.107140	35.501000
0.575034	2642.665137	35.601000
0.575009	2642.108135	35.701000
0.574992	2641.637790	35.801000
0.574986	2641.161707	35.906000
0.574998	2641.389180	36.001000
0.574964	2640.670406	36.101000
0.574966	2639.671855	36.201000
0.574921	2639.201427	36.301000
0.574910	2638.704226	36.401000
0.574921	2638.234439	36.501000
0.574943	2637.729644	36.601000
0.574931	2637.266803	36.701000
0.574903	2636.742604	36.801000
0.574878	2636.256649	36.901000
0.574902	2635.830389	37.001000
0.574875	2635.348955	37.101000
0.574851	2634.829905	37.201000
0.574828	2634.338968	37.301000
0.574837	2633.851249	37.401000
0.574830	2633.359235	37.501000
0.574829	2632.887638	37.601000
0.574858	2632.457919	37.701000
0.574862	2631.992986	37.801000
0.574851	2631.496280	37.901000
0.574866	2631.013351	38.001000
0.574897	2630.539346	38.101000
0.574887	2630.016442	38.201000
0.574922	2629.529742	38.301000
0.574959	2629.034151	38.401000
0.574988	2628.532616	38.501000
0.574982	2628.028751	38.602000
0.575035	2627.534611	38.701000
0.575007	2627.118631	38.801000
0.575003	2626.613680	38.901000
0.574972	2626.128063	39.001000
0.574970	2625.767985	39.101000
0.574966	2625.866775	39.201000
0.574962	2625.155797	39.301000
0.574955	2624.216111	39.401000
0.574940	2623.727959	39.501000
0.574960	2623.244577	39.601000
0.574978	2622.743426	39.701000
0.574965	2622.271738	39.801000
0.574943	2621.858270	39.901000
0.574929	2621.323668	40.001000
0.574902	2620.892667	40.101000
0.574938	2620.396625	40.201000
0.574927	2619.902827	40.301000
0.574898	2619.426600	40.401000
0.574886	2618.963157	40.501000
0.574897	2618.465161	40.601000
0.574887	2617.991233	40.701000
0.574881	2617.524210	40.801000
0.574856	2617.049854	40.901000
0.574829	2616.616374	41.001000
0.574857	2616.085865	41.101000
0.574856	2615.630193	41.201000
0.574867	2615.123420	41.301000
0.574912	2614.635094	41.401000
0.574917	2614.157841	41.501000
0.574949	2613.657855	41.601000
0.574971	2613.179731	41.701000
0.575008	2612.673419	41.801000
0.574976	2612.217212	41.901000
0.574981	2611.795652	42.001000
0.574980	2611.327712	42.101000
0.574965	2610.808239	42.201000
0.574980	2610.327488	42.301000
0.575008	2609.839609	42.401000
0.574969	2609.370195	42.501000
0.574966	2608.921270	42.601000
0.575028	2608.459748	42.701000
0.575068	2607.993868	42.801000
0.575050	2607.537024	42.901000
0.575040	2607.059712	43.002000
0.575047	2606.642720	43.101000
0.575011	2606.125679	43.201000
0.575007	2605.676080	43.301000
0.575022	2605.182682	43.401000
0.575007	2604.718076	43.501000
0.574981	2604.246460	43.601000
0.574969	2603.777336	43.701000
0.574981	2603.306672	43.801000
0.574972	2602.848707	43.901000
0.574953	2602.373810	44.001000
0.574915	2601.951185	44.101000
0.574923	2601.469449	44.201000
0.574917	2600.941480	44.301000
0.574879	2600.867465	44.401000
0.574893	2600.624311	44.501000
0.574845	2599.862831	44.601000
0.574799	2599.080382	44.701000
0.574814	2598.593016	44.801000
0.574831	2598.122899	44.901000
0.574824	2597.643327	45.001000
0.574847	2597.186018	45.101000
0.574850	2596.774938	45.201000
0.574865	2596.274536	45.301000
0.574881	2595.780452	45.401000
0.574886	2595.306036	45.501000
0.574914	2594.821576	45.601000
0.574897	2594.354783	45.701000
0.574917	2593.896428	45.801000
0.574968	2593.399183	45.901000
0.574991	2592.921270	46.001000
0.574979	2592.477845	46.101000
0.575001	2591.973511	46.201000
0.574985	2591.571806	46.301000
0.574985	2591.064636	46.401000
0.574948	2590.638226	46.501000
0.574946	2590.151113	46.601000
0.574924	2589.703450	46.701000
0.574929	2589.231079	46.801000
0.574901	2588.764875	46.901000
0.574893	2588.305947	47.001000
0.574941	2587.824704	47.101000
0.574946	2587.360384	47.201000
0.574941	2586.907145	47.301000
0.574911	2586.487412	47.401000
0.574929	2585.961006	47.501000
0.574918	2585.514385	47.601000
0.574889	2585.090551	47.701000
0.574871	2584.653580	47.801000
0.574868	2584.202233	47.901000
0.574882	2583.732525	48.001000
0.574913	2583.257886	48.101000
0.574909	2582.780860	48.201000
0.574900	2582.332691	48.301000
0.574893	2581.916012	48.401000
0.574875	2581.433229	48.501000
0.574892	2580.937797	48.601000
0.574907	2580.458556	48.701000
0.574863	2579.996588	48.801000
0.574864	2579.531117	48.901000
0.574902	2579.072204	49.001000
0.574949	2578.594225	49.101000
0.574980	2578.120454	49.201000
0.574971	2577.640852	49.301000
0.574975	2577.161045	49.401000
0.574992	2576.743735	49.501000
0.575015	2576.451076	49.601000
0.575029	2576.445344	49.701000
0.574988	2575.705024	49.801000
0.574960	2574.854912	49.901000
0.575004	2574.382255	50.001000
0.574985	2573.936827	50.101000
0.574967	2573.481643	50.201000
0.574980	2573.031541	50.301000
0.574952	2572.573858	50.401000
0.574921	2572.147311	50.501000
0.574950	2571.728829	50.601000
0.574956	2571.195396	50.701000
0.574940	2570.743416	50.801000
0.574936	2570.282996	50.901000
0.574960	2569.811796	51.001000
0.574980	2569.337447	51.101000
0.574960	2568.888049	51.201000
0.574946	2568.431012	51.301000
0.574940	2567.972256	51.401000
0.574926	2567.523485	51.501000
0.574917	2567.098259	51.601000
0.574887	2566.661273	51.701000
0.574895	2566.151443	51.801000
0.574882	2565.695010	51.901000
0.574876	2565.228241	52.001000
0.574870	2564.791356	52.101000
0.574906	2564.318713	52.201000
0.574938	2563.837982	52.301000
0.574954	2563.371400	52.401000
0.574926	2562.929914	52.501000
0.574944	2562.448869	52.601000
0.574964	2562.022941	52.701000
0.574959	2561.577859	52.801000
0.574950	2561.125508	52.901000
0.574938	2560.656072	53.001000
0.574982	2560.165465	53.101000
0.575026	2559.703536	53.201000
0.575069	2559.220856	53.301000
0.575052	2558.772084	53.401000
0.575047	2558.328137	53.501000
0.575035	2557.885518	53.601000
0.575075	2557.406354	53.701000
0.575075	2557.004532	53.801000
0.575083	2556.501821	53.901000
0.575064	2556.044568	54.001000
0.575052	2555.623944	54.101000
0.575073	2555.130123	54.201000
0.575062	2554.675067	54.301000
0.575056	2554.214905	54.401000
0.575040	2553.772603	54.501000
0.575025	2553.313634	54.601000
0.575018	2552.860187	54.701000
0.575013	2552.422007	54.801000
0.574999	2552.523918	54.901000
0.574975	2552.081318	55.001000
0.574966	2551.303656	55.101000
0.574963	2550.611397	55.201000
0.574946	2550.177886	55.301000
0.574954	2549.738401	55.401000
0.574937	2549.305715	55.501000
0.574927	2548.856909	55.601000
0.574935	2548.396142	55.701000
0.574969	2547.922123	55.801000
0.574992	2547.477523	55.901000
0.574981	2547.030978	56.001000
0.574987	2546.566547	56.101000
0.575004	2546.079425	56.201000
0.574991	2545.619143	56.301000
0.574998	2545.161524	56.401000
0.575021	2544.695759	56.501000
0.574923	2544.236022	56.601000
0.574848	2543.780749	56.701000
0.574842	2543.345260	56.801000
0.574871	2542.930004	56.901000
0.574893	2542.498566	57.001000
0.574904	2541.978830	57.101000
0.574922	2541.527857	57.201000
0.574964	2541.070503	57.301000
0.574994	2540.635985	57.401000
0.575047	2540.180995	57.501000
0.575063	2539.732988	57.601000
0.575066	2539.288522	57.701000
0.575092	2538.840686	57.801000
0.575120	2538.406971	57.901000
0.575142	2537.985177	58.001000
0.575154	2537.651221	58.101000
0.575162	2537.143277	58.201000
0.575142	2536.699116	58.301000
0.575162	2536.231666	58.401000
0.575140	2535.784160	58.501000
0.575126	2535.341429	58.601000
0.575104	2534.898778	58.701000
0.575078	2534.476149	58.801000
0.575077	2534.033478	58.901000
0.575085	2533.578775	59.001000
0.575101	2533.142655	59.101000
0.575078	2532.723669	59.201000
0.575075	2532.237864	59.301000
0.575085	2531.787252	59.401000
0.575117	2531.323224	59.501000
0.575123	2530.870983	59.601000
0.575141	2530.417591	59.701000
0.575142	2529.982596	59.801000
0.575161	2529.498178	59.901000
0.575164	2529.043753	60.001000
0.575181	2528.747336	60.101000
0.575204	2528.853599	60.201000
0.575183	2528.228676	60.301000
0.575223	2527.267766	60.401000
0.575225	2526.797265	60.501000
0.575239	2526.382931	60.601000
0.575233	2525.923282	60.701000
0.575266	2525.489226	60.801000
0.575265	2525.043349	60.901000
0.575250	2524.607367	61.001000
0.575286	2524.155245	61.101000
0.575287	2523.700501	61.201000
0.575239	2523.320775	61.301000
0.575255	2522.828703	61.401000
0.575263	2522.354967	61.501000
0.575242	2521.904871	61.602000
0.575218	2521.478652	61.701000
0.575221	2521.037102	61.801000
0.575186	2520.581719	61.901000
0.575183	2520.135980	62.001000
0.575151	2519.718806	62.101000
0.575179	2519.276116	62.201000
0.575179	2518.852144	62.301000
0.575165	2518.448357	62.401000
0.575169	2517.951689	62.501000
0.575152	2517.510908	62.601000
0.575188	2517.068352	62.701000
0.575198	2516.626399	62.801000
0.575221	2516.185651	62.901000
0.575185	2515.741342	63.001000
0.575185	2515.295586	63.101000
0.575212	2514.841803	63.201000
0.575165	2514.413877	63.301000
0.575173	2514.019459	63.401000
0.575216	2513.600719	63.501000
0.575241	2513.130879	63.601000
0.575252	2512.673488	63.701000
0.575247	2512.220093	63.801000
0.575225	2511.761661	63.901000
0.575216	2511.333533	64.001000
0.575266	2510.903113	64.101000
0.575340	2510.425891	64.201000
0.575371	2509.975179	64.301000
0.575340	2509.544971	64.401000
0.575323	2509.131430	64.501000
0.575343	2508.659735	64.601000
0.575332	2508.207232	64.701000
0.575318	2507.757880	64.801000
0.575292	2507.326010	64.901000
0.575240	2506.890987	65.001000
0.575241	2506.449774	65.101000
0.575261	2505.996793	65.201000
0.575226	2505.563437	65.301000
0.575263	2505.847666	65.401000
0.575228	2505.207502	65.501000
0.575277	2504.373081	65.601000
0.575279	2503.799870	65.701000
0.575257	2503.354525	65.801000
0.575267	2502.909212	65.901000
0.575204	2502.506878	66.001000
0.575195	2502.120416	66.101000
0.575220	2501.664865	66.201000
0.575275	2501.207879	66.301000
0.575263	2500.767501	66.401000
0.575273	2500.327898	66.501000
0.575282	2499.895220	66.601000
0.575293	2499.463653	66.701000
0.575296	2498.994666	66.801000
0.575287	2498.558356	66.901000
0.575279	2498.145581	67.001000
0.575295	2497.663448	67.101000
0.575290	2497.217699	67.201000
0.575308	2496.769904	67.301000
0.575310	2496.335671	67.401000
0.575338	2495.883087	67.501000
0.575370	2495.443340	67.601000
0.575393	2495.040678	67.701000
0.575441	2494.554009	67.801000
0.575446	2494.085921	67.901000
0.575435	2493.651613	68.001000
0.575408	2493.238438	68.101000
0.575399	2492.804084	68.201000
0.575393	2492.367978	68.301000
0.575389	2491.926362	68.401000
0.575406	2491.488272	68.501000
0.575384	2491.073372	68.601000
0.575327	2490.664947	68.701000
0.575328	2490.296058	68.801000
0.575346	2489.808555	68.901000
0.575338	2489.371421	69.001000
0.575299	2488.952316	69.102000
0.575294	2488.505730	69.201000
0.575285	2488.060796	69.301000
0.575255	2487.642842	69.401000
0.575283	2487.200281	69.501000
0.575310	2486.764310	69.601000
0.575321	2486.324788	69.701000
0.575278	2485.927756	69.801000
0.575299	2485.490148	69.901000
0.575311	2485.012785	70.001000
0.575276	2484.621143	70.101000
0.575284	2484.181320	70.201000
0.575256	2483.743330	70.301000
0.575299	2483.295274	70.401000
0.575299	2482.878695	70.501000
0.575318	2482.974066	70.601000
0.575321	2482.537502	70.701000
0.575319	2481.782587	70.801000
0.575378	2481.148438	70.901000
0.575425	2480.646185	71.001000
0.575464	2480.202937	71.101000
0.575437	2479.760891	71.201000
0.575458	2479.319885	71.301000
0.575462	2478.898328	71.401000
0.575478	2478.478809	71.501000
0.575518	2478.063787	71.601000
0.575549	2477.606673	71.701000
0.575547	2477.178782	71.801000
0.575560	2476.732416	71.901000
0.575606	2476.323109	72.001000
0.575570	2475.891132	72.101000
0.575546	2475.437283	72.201000
0.575545	2475.006700	72.301000
0.575520	2474.576340	72.401000
0.575523	2474.136694	72.501000
0.575507	2473.737805	72.601000
0.575509	2473.288966	72.701000
0.575489	2472.852269	72.801000
0.575463	2472.429203	72.901000
0.575516	2472.013800	73.001000
0.575569	2471.566523	73.101000
0.575574	2471.118081	73.201000
0.575560	2470.683902	73.301000
0.575541	2470.268651	73.401000
0.575521	2469.836046	73.501000
0.575508	2469.423937	73.601000
0.575522	2468.996598	73.701000
0.575534	2468.562519	73.801000
0.575520	2468.128562	73.901000
0.575529	2467.698500	74.001000
0.575573	2467.317069	74.101000
0.575534	2466.838636	74.201000
0.575543	2466.396578	74.301000
0.575658	2465.942959	74.401000
0.575707	2465.511234	74.501000
0.575745	2465.051166	74.601000
0.575757	2464.605722	74.701000
0.575757	2464.172469	74.801000
0.575751	2463.756237	74.901000
0.575777	2463.331149	75.001000
0.575838	2462.860463	75.101000
0.575870	2462.449795	75.201000
0.575868	2461.967947	75.301000
0.575872	2461.534554	75.401000
0.575864	2461.132004	75.501000
0.575827	2460.722581	75.601000
0.575859	2460.296115	75.701000
0.575877	2460.207750	75.801000
0.575876	2460.068321	75.901000
0.575889	2459.373518	76.001000
0.575908	2458.589678	76.101000
0.575932	2458.168048	76.201000
0.575938	2457.729053	76.301000
0.575920	2457.258145	76.401000
0.575912	2456.843101	76.501000
0.575887	2456.434462	76.601000
0.575872	2456.006761	76.701000
0.575891	2455.580119	76.801000
0.575861	2455.184178	76.901000
0.575797	2454.803565	77.001000
0.575820	2454.367489	77.101000
0.575898	2453.922437	77.201000
0.575960	2453.504694	77.301000
0.575911	2453.046464	77.401000
0.575960	2452.604536	77.501000
0.575969	2452.171733	77.601000
0.575948	2451.760250	77.701000
0.575972	2451.354294	77.801000
0.575997	2450.896567	77.901000
0.576014	2450.471202	78.001000
0.576017	2450.037097	78.101000
0.576005	2449.620753	78.201000
0.576048	2449.183773	78.301000
0.576140	2448.738496	78.401000
0.576142	2448.266316	78.501000
0.576176	2447.847509	78.601000
0.576204	2447.411179	78.701000
0.576229	2446.975346	78.801000
0.576250	2446.536866	78.901000
0.576230	2446.128751	79.001000
0.576208	2445.710692	79.101000
0.576218	2445.288518	79.201000
0.576253	2444.876545	79.301000
0.576339	2444.434396	79.401000
0.576433	2443.984080	79.501000
0.576396	2443.528064	79.601000
0.576376	2443.135427	79.701000
0.576333	2442.722708	79.801000
0.576343	2442.317602	79.901000
0.576362	2441.901107	80.001000
0.576389	2441.503245	80.101000
0.576414	2441.052417	80.201000
0.576421	2440.641186	80.302000
0.576406	2440.244130	80.401000
0.576492	2439.783774	80.501000
0.576532	2439.319740	80.601000
0.576565	2438.863277	80.701000
0.576574	2438.435569	80.801000
0.576570	2438.012020	80.901000
0.576568	2437.766943	81.001000
0.576565	2437.842010	81.101000
0.576545	2437.199222	81.201000
0.576573	2436.337894	81.301000
0.576603	2435.913283	81.401000
0.576629	2435.483525	81.501000
0.576788	2435.011482	81.601000
0.576876	2434.503751	81.701000
0.576906	2434.047599	81.801000
0.576943	2433.597558	81.901000
0.576971	2433.157011	82.001000
0.576983	2432.745950	82.101000
0.577011	2432.318571	82.201000
0.577049	2431.873733	82.301000
0.577023	2431.469902	82.401000
0.577020	2431.075140	82.501000
0.577022	2430.655815	82.601000
0.577261	2430.115829	82.701000
0.577298	2429.632211	82.801000
0.577373	2429.191416	82.901000
0.577381	2428.761721	83.001000
0.577378	2428.338839	83.101000
0.577333	2427.925746	83.201000
0.577353	2427.504457	83.301000
0.577376	2427.075566	83.401000
0.577397	2426.645744	83.501000
0.577413	2426.224560	83.601000
0.577454	2425.780487	83.701000
0.577675	2425.250913	83.801000
0.577668	2424.766595	83.901000
0.577696	2424.330270	84.001000
0.577698	2423.906743	84.101000
0.577746	2423.463145	84.201000
0.577772	2423.029557	84.301000
0.577770	2422.607699	84.401000
0.577732	2422.210576	84.501000
0.577729	2421.795761	84.601000
0.577764	2421.366935	84.701000
0.577890	2420.865230	84.801000
0.578031	2420.339145	84.901000
0.578069	2419.897992	85.001000
0.578106	2419.480191	85.101000
0.578102	2419.063401	85.201000
0.578119	2418.632092	85.301000
0.578156	2418.197293	85.401000
0.578194	2417.749794	85.501000
0.578237	2417.312929	85.601000
0.578311	2416.866028	85.701000
0.578292	2416.459930	85.801000
0.578494	2415.941544	85.901000
0.578559	2415.420790	86.001000
0.578615	2414.974911	86.101000
0.578644	2414.540868	86.201000
0.578626	2414.760463	86.301000
0.578666	2414.191914	86.401000
0.578662	2413.414320	86.501000
0.578684	2412.849329	86.601000
0.578711	2412.409540	86.701000
0.578713	2411.991029	86.801000
0.578750	2411.559728	86.901000
0.578956	2411.003245	87.001000
0.578981	2410.552575	87.101000
0.578996	2410.138202	87.201000
0.579000	2409.728818	87.301000
0.579009	2409.299870	87.401000
0.579024	2408.875499	87.501000
0.579055	2408.433040	87.601000
0.579028	2408.026517	87.701000
0.579010	2407.619048	87.801000
0.578989	2407.222879	87.901000
0.579102	2406.746604	88.001000
0.579217	2406.251530	88.101000
0.579248	2405.785615	88.201000
0.579279	2405.382743	88.301000
0.579294	2404.938805	88.401000
0.579317	2404.509988	88.501000
0.579401	2404.073414	88.601000
0.579459	2403.623405	88.701000
0.579482	2403.189980	88.801000
0.579472	2402.788164	88.901000
0.579525	2402.350179	89.001000
0.579680	2401.853506	89.101000
0.579735	2401.356831	89.201000
0.579785	2400.933477	89.301000
0.579829	2400.508240	89.401000
0.579822	2400.104156	89.501000
0.579880	2399.644015	89.601000
0.579879	2399.217268	89.701000
0.579885	2398.801881	89.801000
0.579889	2398.408920	89.901000
0.579935	2397.959010	90.001000
0.579997	2397.525827	90.101000
0.580156	2397.013734	90.201000
0.580180	2396.533702	90.301000
0.580196	2396.121004	90.401000
0.580121	2395.752125	90.501000
0.580102	2395.354053	90.601000
0.580114	2394.938091	90.701000
0.580147	2394.504590	90.801000
0.580169	2394.101894	90.901000
0.580182	2393.673962	91.001000
0.580171	2393.254245	91.101000
0.580204	2392.869761	91.201000
0.580237	2392.431377	91.301000
0.580230	2392.003249	91.401000
0.580271	2391.835738	91.501000
0.580286	2391.823499	91.601000
0.580337	2391.114274	91.701000
0.580359	2390.320087	91.801000
0.580399	2389.876001	91.901000
0.580395	2389.454597	92.001000
0.580418	2389.008758	92.101000
0.580453	2388.586611	92.201000
0.580476	2388.237151	92.301000
0.580510	2387.738295	92.401000
0.580516	2387.321937	92.501000
0.580527	2386.916150	92.601000
0.580560	2386.500242	92.701000
0.580550	2386.100326	92.801000
0.580615	2385.669207	92.901000
0.580641	2385.250628	93.001000
0.580662	2384.828841	93.101000
0.580671	2384.410228	93.201000
0.580688	2384.034337	93.301000
0.580667	2383.641109	93.401000
0.580645	2383.209142	93.501000
0.580657	2382.780989	93.601000
0.580675	2382.379583	93.701000
0.580661	2381.961837	93.801000
0.580676	2381.534602	93.901000
0.580663	2381.129103	94.001000
0.580661	2380.733936	94.101000
0.580665	2380.310653	94.201000
0.580725	2379.871855	94.301000
0.580759	2379.533022	94.401000
0.580784	2379.080011	94.501000
0.580821	2378.644841	94.603000
0.580770	2378.242658	94.701000
0.580747	2377.860645	94.801000
0.580727	2377.473914	94.901000
0.580712	2377.063445	95.001000
0.580724	2376.673300	95.101000
0.580739	2376.271165	95.201000
0.580755	2375.855230	95.301000
0.580755	2375.468996	95.401000
0.580746	2375.097721	95.501000
0.580751	2374.653335	95.602000
0.580757	2374.239460	95.701000
0.580793	2373.817161	95.801000
0.580812	2373.410139	95.901000
0.580844	2372.989235	96.001000
