-7.000000E+01,-7.454439E-06,+9.910000E+37,+2.651840E+03,+2.150800E+04,
-6.900000E+01,-7.262926E-06,+9.910000E+37,+2.652924E+03,+2.150800E+04,
-6.800000E+01,-7.140855E-06,+9.910000E+37,+2.653984E+03,+2.150800E+04,
-6.700000E+01,-7.037096E-06,+9.910000E+37,+2.655067E+03,+2.150800E+04,
-6.600000E+01,-6.941927E-06,+9.910000E+37,+2.656129E+03,+2.150800E+04,
-6.500000E+01,-6.853249E-06,+9.910000E+37,+2.657190E+03,+2.150800E+04,
-6.400000E+01,-6.765990E-06,+9.910000E+37,+2.658276E+03,+2.150800E+04,
-6.300000E+01,-6.679763E-06,+9.910000E+37,+2.659335E+03,+2.150800E+04,
-6.200000E+01,-6.594407E-06,+9.910000E+37,+2.660394E+03,+2.150800E+04,
-6.100000E+01,-6.509155E-06,+9.910000E+37,+2.661454E+03,+2.150800E+04,
-6.000000E+01,-6.423681E-06,+9.910000E+37,+2.662514E+03,+2.150800E+04,
-5.900000E+01,-6.337384E-06,+9.910000E+37,+2.663570E+03,+2.150800E+04,
-5.800000E+01,-6.251094E-06,+9.910000E+37,+2.664628E+03,+2.150800E+04,
-5.700000E+01,-6.164300E-06,+9.910000E+37,+2.665687E+03,+2.150800E+04,
-5.600000E+01,-6.077003E-06,+9.910000E+37,+2.666776E+03,+2.150800E+04,
-5.500000E+01,-5.988719E-06,+9.910000E+37,+2.667867E+03,+2.150800E+04,
-5.400000E+01,-5.899290E-06,+9.910000E+37,+2.668928E+03,+2.150800E+04,
-5.300000E+01,-5.809305E-06,+9.910000E+37,+2.670011E+03,+2.150800E+04,
-5.200000E+01,-5.718532E-06,+9.910000E+37,+2.671072E+03,+2.150800E+04,
-5.100000E+01,-5.626891E-06,+9.910000E+37,+2.672134E+03,+2.150800E+04,
-5.000000E+01,-5.533986E-06,+9.910000E+37,+2.673192E+03,+2.150800E+04,
-4.900000E+01,-5.440443E-06,+9.910000E+37,+2.674276E+03,+2.150800E+04,
-4.800000E+01,-5.345675E-06,+9.910000E+37,+2.675334E+03,+2.150800E+04,
-4.700000E+01,-5.249538E-06,+9.910000E+37,+2.676393E+03,+2.150800E+04,
-4.600000E+01,-5.152221E-06,+9.910000E+37,+2.677472E+03,+2.150800E+04,
-4.500000E+01,-5.054065E-06,+9.910000E+37,+2.678529E+03,+2.150800E+04,
-4.400000E+01,-4.954348E-06,+9.910000E+37,+2.679591E+03,+2.150800E+04,
-4.300000E+01,-4.853500E-06,+9.910000E+37,+2.680649E+03,+2.150800E+04,
-4.200000E+01,-4.750515E-06,+9.910000E+37,+2.681712E+03,+2.150800E+04,
-4.100000E+01,-4.646667E-06,+9.910000E+37,+2.682773E+03,+2.150800E+04,
-4.000000E+01,-4.541623E-06,+9.910000E+37,+2.683835E+03,+2.150800E+04,
-3.900000E+01,-4.435024E-06,+9.910000E+37,+2.684896E+03,+2.150800E+04,
-3.800000E+01,-4.326625E-06,+9.910000E+37,+2.685978E+03,+2.150800E+04,
-3.700000E+01,-4.216500E-06,+9.910000E+37,+2.687035E+03,+2.150800E+04,
-3.600000E+01,-4.105051E-06,+9.910000E+37,+2.688121E+03,+2.150800E+04,
-3.500000E+01,-3.991689E-06,+9.910000E+37,+2.689180E+03,+2.150800E+04,
-3.400000E+01,-3.877063E-06,+9.910000E+37,+2.690240E+03,+2.150800E+04,
-3.300000E+01,-3.760082E-06,+9.910000E+37,+2.691328E+03,+2.150800E+04,
-3.200000E+01,-3.640974E-06,+9.910000E+37,+2.692386E+03,+2.150800E+04,
-3.100000E+01,-3.519708E-06,+9.910000E+37,+2.693444E+03,+2.150800E+04,
-3.000000E+01,-3.396217E-06,+9.910000E+37,+2.694501E+03,+2.150800E+04,
-2.900000E+01,-3.269440E-06,+9.910000E+37,+2.695586E+03,+2.150800E+04,
-2.800000E+01,-3.139934E-06,+9.910000E+37,+2.696646E+03,+2.150800E+04,
-2.700000E+01,-3.006934E-06,+9.910000E+37,+2.697705E+03,+2.150800E+04,
-2.600000E+01,-2.870584E-06,+9.910000E+37,+2.698784E+03,+2.150800E+04,
-2.500000E+01,-2.729017E-06,+9.910000E+37,+2.699846E+03,+2.150800E+04,
-2.400000E+01,-2.583067E-06,+9.910000E+37,+2.700903E+03,+2.150800E+04,
-2.300000E+01,-2.431352E-06,+9.910000E+37,+2.701986E+03,+2.150800E+04,
-2.200000E+01,-2.272342E-06,+9.910000E+37,+2.703045E+03,+2.150800E+04,
-2.100000E+01,-2.105430E-06,+9.910000E+37,+2.704135E+03,+2.150800E+04,
-2.000000E+01,-1.927359E-06,+9.910000E+37,+2.705195E+03,+2.150800E+04,
-1.900000E+01,-1.737769E-06,+9.910000E+37,+2.706257E+03,+2.150800E+04,
-1.800000E+01,-1.533875E-06,+9.910000E+37,+2.707342E+03,+2.150800E+04,
-1.700000E+01,-1.313084E-06,+9.910000E+37,+2.708399E+03,+2.150800E+04,
-1.600000E+01,-1.071732E-06,+9.910000E+37,+2.709460E+03,+2.150800E+04,
-1.500000E+01,-8.096220E-07,+9.910000E+37,+2.710520E+03,+2.150800E+04,
-1.400000E+01,-5.252699E-07,+9.910000E+37,+2.711577E+03,+2.150800E+04,
-1.300000E+01,-2.212211E-07,+9.910000E+37,+2.712636E+03,+2.150800E+04,
-1.200000E+01,+9.227320E-08,+9.91000
































current through plasma (-mA) <tab> voltage across plasma (-V) <tab> time (sec)
1.014160	4590.557614	0.001000
1.012771	4588.930825	0.101000
1.012579	4587.645961	0.201000
1.012410	4586.337573	0.301000
1.012404	4584.881213	0.401000
1.012334	4583.471791	0.501000
1.012431	4582.013729	0.601000
1.012426	4580.585519	0.701000
1.012475	4579.144674	0.801000
1.012438	4577.979176	0.901000
1.012436	4576.796934	1.001000
1.012399	4575.521228	1.101000
1.012330	4573.818523	1.201000
1.012380	4572.136206	1.301000
1.012407	4570.836610	1.401000
1.012413	4569.251577	1.501000
1.012431	4567.806029	1.601000
1.012435	4566.350271	1.701000
1.012443	4564.918799	1.801000
1.012458	4563.522467	1.901000
1.012438	4562.090836	2.001000
1.012438	4560.673236	2.101000
1.012429	4559.247081	2.201000
1.012524	4557.851207	2.301000
1.012493	4556.502251	2.401000
1.012539	4555.006769	2.501000
1.012457	4553.642877	2.601000
1.012478	4552.222328	2.701000
1.012336	4550.886646	2.801000
1.012338	4549.472531	2.901000
1.012305	4548.081339	3.001000
1.012343	4546.665040	3.101000
1.012320	4545.270796	3.201000
1.012305	4543.853589	3.301000
1.012284	4542.469098	3.401000
1.012310	4541.031793	3.501000
1.012282	4539.634735	3.601000
1.012271	4538.235172	3.701000
1.012259	4536.838998	3.801000
1.012297	4535.415145	3.901000
1.012391	4534.012062	4.001000
1.012403	4532.594289	4.101000
1.012423	4531.191526	4.201000
1.012373	4529.821647	4.301000
1.012430	4528.424482	4.401000
1.012331	4527.128623	4.501000
1.012335	4525.707756	4.601000
1.012321	4524.279742	4.701000
1.012412	4522.878946	4.801000
1.012356	4521.516262	4.901000
1.012380	4520.119906	5.001000
1.012370	4518.727524	5.101000
1.012371	4517.319289	5.201000
1.012318	4515.956185	5.301000
1.012313	4514.571564	5.401000
1.012324	4513.196050	5.501000
1.012298	4511.878062	5.601000
1.012330	4510.427900	5.701000
1.012291	4509.060319	5.801000
1.012330	4507.677726	5.901000
1.012250	4506.343275	6.001000
1.012264	4504.962726	6.101000
1.012200	4503.864560	6.201000
1.012154	4502.939300	6.301000
1.012155	4501.240315	6.401000
1.012210	4499.504861	6.501000
1.012237	4498.134063	6.601000
1.012266	4496.765383	6.701000
1.012231	4495.371816	6.801000
1.012209	4493.999785	6.901000
1.012235	4492.638511	7.001000
1.012222	4491.285626	7.101000
1.012257	4489.907699	7.201000
1.012268	4488.525009	7.301000
1.012398	4487.125324	7.401000
1.012360	4485.788752	7.501000
1.012391	4484.412350	7.601000
1.012388	4483.077124	7.701000
1.012399	4481.718716	7.801000
1.012310	4480.364804	7.901000
1.012267	4479.008785	8.001000
1.012276	4477.649559	8.101000
1.012256	4476.309523	8.201000
1.012300	4474.953942	8.301000
1.012257	4473.602194	8.401000
1.012238	4472.237890	8.501000
1.012190	4470.903299	8.601000
1.012206	4469.540867	8.701000
1.012154	4468.290087	8.801000
1.012150	4466.896048	8.901000
1.012141	4465.507543	9.001000
1.012212	4464.145648	9.101000
1.012256	4462.771860	9.201000
1.012219	4461.433512	9.301000
1.012242	4460.070816	9.401000
1.012233	4458.720092	9.501000
1.012227	4457.373592	9.601000
1.012147	4456.068570	9.701000
1.012244	4454.682737	9.801000
1.012214	4453.405075	9.901000
1.012279	4451.991068	10.001000
1.012266	4450.655688	10.101000
1.012292	4449.280147	10.201000
1.012282	4447.922022	10.301000
1.012268	4446.583750	10.401000
1.012270	4445.255155	10.501000
1.012230	4443.937036	10.601000
1.012276	4442.575817	10.701000
1.012266	4441.232770	10.801000
1.012362	4439.906178	10.901000
1.012323	4438.599313	11.001000
1.012292	4437.259252	11.101000
1.012267	4435.922199	11.201000
1.012282	4434.578940	11.301000
1.012223	4433.279861	11.401000
1.012164	4432.651355	11.501000
1.012160	4431.148595	11.601000
1.012120	4429.445902	11.701000
1.012168	4427.998833	11.801000
1.012186	4426.651431	11.901000
1.012185	4425.344038	12.001000
1.012133	4423.999178	12.101000
1.012115	4422.659908	12.201000
1.012138	4421.346333	12.301000
1.012124	4420.022652	12.401000
1.012167	4418.678851	12.501000
1.012192	4417.325156	12.601000
1.012324	4415.982013	12.701000
1.012286	4414.677886	12.801000
1.012285	4413.378798	12.901000
1.012285	4412.014800	13.001000
1.012309	4410.740443	13.101000
1.012267	4409.398634	13.201000
1.012190	4408.114748	13.301000
1.012157	4406.779251	13.401000
1.012149	4405.436482	13.501000
1.012212	4404.124416	13.601000
1.012110	4402.851457	13.701000
1.012133	4401.534872	13.801000
1.012116	4400.220944	13.901000
1.012126	4398.895108	14.001000
1.012077	4397.647801	14.101000
1.012041	4396.331572	14.201000
1.012079	4394.994628	14.301000
1.012062	4393.696644	14.401000
1.012142	4392.382676	14.501000
1.012171	4391.063187	14.601000
1.012178	4389.738690	14.701000
1.012115	4388.450694	14.801000
1.012121	4387.141206	14.901000
1.012125	4385.869474	15.001000
1.012065	4384.587718	15.101000
1.012089	4383.309226	15.201000
1.012107	4381.939537	15.301000
1.012150	4380.634357	15.401000
1.012113	4379.353514	15.501000
1.012158	4378.042233	15.601000
1.012190	4376.720177	15.701000
1.012203	4375.388674	15.801000
1.012166	4374.104868	15.901000
1.012129	4372.810228	16.001000
1.012210	4371.516273	16.101000
1.012175	4370.226630	16.201000
1.012217	4368.961147	16.301000
1.012166	4367.618421	16.401000
1.012136	4366.311611	16.501000
1.012098	4365.023347	16.601000
1.012047	4364.091744	16.701000
1.012065	4363.072302	16.801000
1.012056	4361.544687	16.901000
1.012021	4359.874079	17.001000
1.011979	4358.586236	17.101000
1.012045	4357.262751	17.201000
1.011982	4356.011229	17.301000
1.011990	4354.761206	17.401000
1.012002	4353.397558	17.501000
1.011991	4352.089861	17.601000
1.012020	4350.776873	17.701000
1.011964	4349.539038	17.801000
1.012046	4348.226194	17.901000
1.012020	4346.941991	18.001000
1.012080	4345.651093	18.101000
1.012171	4344.346817	18.201000
1.012201	4343.038292	18.301000
1.012238	4341.743555	18.401000
1.012215	4340.538290	18.501000
1.012241	4339.210622	18.601000
1.012180	4337.985576	18.701000
1.012136	4336.710513	18.801000
1.012110	4335.428713	18.901000
1.012126	4334.138212	19.001000
1.012115	4332.901586	19.101000
1.012037	4331.637550	19.201000
1.012082	4330.338229	19.301000
1.012065	4329.056750	19.401000
1.012085	4327.798292	19.501000
1.011999	4326.575200	19.601000
1.011970	4325.255669	19.701000
1.011998	4323.984065	19.801000
1.011995	4322.707347	19.901000
1.012051	4321.434053	20.001000
1.012062	4320.172428	20.101000
1.012070	4318.889898	20.201000
1.012038	4317.630119	20.301000
1.012058	4316.360616	20.401000
1.012044	4315.104177	20.501000
1.012002	4313.902595	20.601000
1.012028	4312.605659	20.701000
1.011990	4311.341428	20.801000
1.012052	4310.059710	20.901000
1.012086	4308.789844	21.001000
1.012094	4307.516395	21.101000
1.012097	4306.244490	21.201000
1.012049	4305.003061	21.301000
1.012083	4303.745301	21.401000
1.012076	4302.513280	21.501000
1.012077	4301.244245	21.601000
1.012076	4300.050637	21.701000
1.012090	4298.718921	21.801000
1.012176	4297.554054	21.901000
1.012165	4296.919907	22.001000
1.012110	4295.439553	22.101000
1.012118	4293.785592	22.201000
1.012123	4292.490894	22.301000
1.012070	4291.274537	22.401000
1.011967	4290.081979	22.501000
1.011991	4288.827483	22.601000
1.011939	4287.622796	22.701000
1.012000	4286.401113	22.801000
1.011982	4285.107506	22.901000
1.011984	4283.840310	23.001000
1.012022	4282.598172	23.101000
1.011964	4281.338815	23.201000
1.012013	4280.071773	23.301000
1.011981	4278.869413	23.401000
1.012001	4277.613292	23.501000
1.012021	4276.342762	23.601000
1.012071	4275.060745	23.701000
1.012166	4273.837561	23.801000
1.012113	4272.634422	23.901000
1.012122	4271.358584	24.001000
1.012135	4270.097941	24.101000
1.012139	4268.850171	24.201000
1.012138	4267.610347	24.301000
1.012064	4266.415662	24.401000
1.012068	4265.157627	24.501000
1.012030	4263.943298	24.601000
1.012069	4262.704769	24.701000
1.012052	4261.492622	24.801000
1.012030	4260.299236	24.901000
1.012028	4259.002274	25.001000
1.011934	4257.808274	25.101000
1.011949	4256.577242	25.201000
1.011941	4255.367870	25.301000
1.011927	4254.147512	25.401000
1.011930	4252.907673	25.501000
1.011924	4251.668195	25.601000
1.012040	4250.403524	25.701000
1.011994	4249.201538	25.801000
1.012024	4247.979576	25.901000
1.012049	4246.794110	26.001000
1.012063	4245.511337	26.101000
1.012092	4244.269567	26.201000
1.012012	4243.096302	26.301000
1.012039	4241.851541	26.401000
1.012036	4240.629651	26.501000
1.012023	4239.420843	26.601000
1.012062	4238.210303	26.701000
1.012042	4236.972347	26.801000
1.012063	4235.725358	26.901000
1.012025	4234.535601	27.001000
1.012008	4233.346282	27.101000
1.012039	4232.476313	27.201000
1.011961	4231.495402	27.301000
1.011973	4230.027428	27.401000
1.011950	4228.449304	27.501000
1.012024	4227.197864	27.601000
1.012077	4225.992539	27.701000
1.012011	4224.835316	27.801000
1.012038	4223.593165	27.901000
1.011982	4222.390938	28.001000
1.012045	4221.203405	28.101000
1.011997	4219.999360	28.201000
1.011877	4218.826344	28.301000
1.011888	4217.607494	28.401000
1.011869	4216.389720	28.501000
1.011966	4215.182128	28.601000
1.011956	4213.966942	28.701000
1.011927	4212.765491	28.801000
1.011941	4211.548338	28.901000
1.011960	4210.324120	29.001000
1.012001	4209.105233	29.101000
1.011941	4207.966897	29.201000
1.011974	4206.684681	29.301000
1.012013	4205.487583	29.401000
1.012009	4204.277202	29.501000
1.012099	4203.055255	29.601000
1.012119	4201.859898	29.701000
1.012117	4200.631487	29.801000
1.012088	4199.431583	29.901000
1.011999	4198.275310	30.001000
1.012043	4197.080489	30.101000
1.011947	4195.956482	30.201000
1.011891	4194.803256	30.301000
1.011837	4193.601360	30.401000
1.011816	4192.411240	30.501000
1.011863	4191.185131	30.601000
1.011777	4190.016803	30.701000
1.011807	4188.796312	30.801000
1.011808	4187.602657	30.901000
1.011813	4186.391179	31.001000
1.011841	4185.192685	31.101000
1.011778	4184.033350	31.201000
1.011814	4182.869252	31.301000
1.011823	4181.638181	31.401000
1.011833	4180.427802	31.501000
1.011902	4179.228271	31.601000
1.011908	4178.036257	31.701000
1.011961	4176.815718	31.801000
1.011937	4175.642884	31.901000
1.011901	4174.467212	32.001000
1.011930	4173.305915	32.101000
1.011871	4172.142961	32.201000
1.011859	4170.951343	32.301000
1.011850	4170.039053	32.401000
1.011834	4169.276538	32.501000
1.011877	4167.792295	32.601000
1.011807	4166.234583	32.701000
1.011819	4165.063465	32.801000
1.011819	4163.857771	32.901000
1.011835	4162.655709	33.001000
1.011821	4161.477405	33.101000
1.011739	4160.335850	33.201000
1.011768	4159.145305	33.301000
1.011786	4157.982178	33.401000
1.011780	4156.826496	33.501000
1.011847	4155.608715	33.601000
1.011862	4154.440019	33.701000
1.011876	4153.236749	33.801000
1.011866	4152.071193	33.901000
1.011845	4150.907208	34.001000
1.011902	4149.729196	34.101000
1.011849	4148.597229	34.201000
1.011829	4147.433280	34.301000
1.011849	4146.232921	34.401000
1.011819	4145.103787	34.501000
1.011905	4143.897563	34.601000
1.011874	4142.724792	34.701000
1.011849	4141.684775	34.801000
1.011885	4141.172170	34.901000
1.011886	4139.459278	35.001000
1.011908	4138.063681	35.101000
1.011791	4136.904394	35.201000
1.011779	4135.729310	35.301000
1.011798	4134.572256	35.401000
1.011751	4133.430260	35.501000
1.011810	4132.290114	35.601000
1.011771	4131.098134	35.701000
1.011754	4129.953476	35.801000
1.011802	4128.766837	35.901000
1.011756	4127.631785	36.001000
1.011774	4126.490389	36.101000
1.011703	4125.330712	36.201000
1.011700	4124.164414	36.301000
1.011706	4123.018894	36.401000
1.011701	4121.865257	36.501000
1.011762	4120.711805	36.601000
1.011804	4119.593526	36.701000
1.011807	4118.382719	36.801000
1.011825	4117.210693	36.901000
1.011780	4116.062634	37.001000
1.011768	4114.932251	37.101000
1.011832	4113.741761	37.201000
1.011761	4112.640954	37.301000
1.011820	4111.460961	37.401000
1.011746	4110.331406	37.501000
1.011777	4109.211261	37.601000
1.011829	4108.746765	37.701000
1.011862	4107.319765	37.801000
1.011807	4105.748177	37.901000
1.011785	4104.591547	38.001000
1.011774	4103.480900	38.101000
1.011794	4102.297551	38.201000
1.011684	4101.208504	38.301000
1.011663	4100.079935	38.401000
1.011685	4098.922066	38.501000
1.011639	4097.810595	38.601000
1.011715	4096.658733	38.701000
1.011737	4095.557152	38.801000
1.011745	4094.371078	38.901000
1.011740	4093.202380	39.001000
1.011682	4092.094865	39.101000
1.011721	4090.940822	39.201000
1.011753	4089.808424	39.301000
1.011719	4088.702419	39.401000
1.011774	4087.529005	39.501000
1.011727	4086.404338	39.601000
1.011809	4085.249808	39.701000
1.011859	4084.072390	39.801000
1.011818	4083.003711	39.901000
1.011852	4081.806148	40.001000
1.011829	4080.691017	40.101000
1.011843	4079.526866	40.201000
1.011821	4078.399979	40.301000
1.011739	4077.323449	40.401000
1.011764	4076.196338	40.501000
1.011794	4075.055618	40.601000
1.011741	4073.957585	40.701000
1.011780	4072.825019	40.801000
1.011739	4071.705137	40.901000
1.011729	4070.634336	41.001000
1.011690	4069.437026	41.101000
1.011628	4068.325329	41.201000
1.011659	4067.186969	41.301000
1.011639	4066.101512	41.401000
1.011606	4064.981486	41.501000
1.011665	4063.842467	41.601000
1.011634	4062.718554	41.701000
1.011722	4061.573278	41.801000
1.011795	4060.433085	41.901000
1.011776	4059.347015	42.001000
1.011841	4058.239459	42.101000
1.011838	4057.058955	42.201000
1.011838	4055.946630	42.301000
1.011852	4054.806659	42.401000
1.011753	4053.734356	42.501000
1.011738	4052.616292	42.601000
1.011774	4051.492038	42.701000
1.011698	4050.453414	42.801000
1.011694	4050.061969	42.901000
1.011727	4048.654040	43.001000
1.011720	4047.118702	43.101000
1.011723	4045.958133	43.201000
1.011642	4044.866246	43.301000
1.011638	4043.750756	43.401000
1.011633	4042.652807	43.501000
1.011574	4041.568541	43.601000
1.011585	4040.449716	43.701000
1.011552	4039.345513	43.801000
1.011620	4038.212204	43.901000
1.011734	4037.091293	44.001000
1.011723	4035.990080	44.101000
1.011729	4034.921303	44.201000
1.011730	4033.740713	44.301000
1.011739	4032.622706	44.401000
1.011808	4031.503808	44.501000
1.011749	4030.431386	44.601000
1.011698	4029.373485	44.701000
1.011713	4028.250857	44.801000
1.011692	4027.175275	44.901000
1.011753	4026.032810	45.001000
1.011750	4024.936423	45.101000
1.011690	4023.864247	45.201000
1.011726	4022.790001	45.301000
1.011722	4021.630486	45.401000
1.011704	4020.531799	45.501000
1.011723	4019.437028	45.601000
1.011599	4018.408241	45.701000
1.011616	4017.292978	45.801000
1.011645	4016.189952	45.901000
1.011598	4015.097999	46.001000
1.011663	4014.028845	46.101000
1.011689	4012.916325	46.201000
1.011669	4011.860981	46.301000
1.011717	4010.727319	46.401000
1.011648	4009.626368	46.501000
1.011644	4008.554507	46.601000
1.011700	4007.452830	46.701000
1.011614	4006.411786	46.801000
1.011621	4005.312497	46.901000
1.011619	4004.202846	47.001000
1.011596	4003.111624	47.101000
1.011670	4002.000603	47.201000
1.011654	4000.922218	47.301000
1.011622	3999.897634	47.401000
1.011679	3998.746423	47.501000
1.011653	3997.653344	47.601000
1.011671	3996.571048	47.701000
1.011684	3995.473865	47.801000
1.011611	3994.418926	47.901000
1.011635	3993.341817	48.001000
1.011638	3992.778362	48.101000
1.011580	3991.792882	48.201000
1.011595	3990.351741	48.301000
1.011581	3989.058706	48.401000
1.011540	3988.036024	48.501000
1.011548	3986.882812	48.601000
1.011491	3985.836589	48.701000
1.011508	3984.764663	48.801000
1.011523	3983.669958	48.901000
1.011484	3982.589058	49.001000
1.011506	3981.494310	49.101000
1.011492	3980.416099	49.201000
1.011527	3979.330597	49.301000
1.011596	3978.258672	49.401000
1.011588	3977.205544	49.501000
1.011594	3976.155763	49.601000
1.011647	3975.025071	49.701000
1.011646	3973.933085	49.801000
1.011649	3972.863151	49.901000
1.011659	3971.789459	50.001000
1.011588	3970.790163	50.101000
1.011648	3969.670352	50.201000
1.011638	3968.599380	50.301000
1.011598	3967.564030	50.401000
1.011686	3966.492070	50.501000
1.011679	3965.477506	50.601000
1.011661	3964.387844	50.701000
1.011675	3963.306400	50.801000
1.011610	3962.267823	50.901000
1.011574	3961.218093	51.001000
1.011609	3960.144638	51.101000
1.011511	3959.141430	51.201000
1.011481	3958.093219	51.301000
1.011476	3957.020095	51.401000
1.011434	3955.959371	51.501000
1.011521	3954.889695	51.601000
1.011540	3953.870949	51.701000
1.011496	3952.772037	51.801000
1.011547	3951.711927	51.901000
1.011556	3950.649411	52.001000
1.011551	3949.581389	52.101000
1.011585	3948.508506	52.201000
1.011581	3947.466393	52.301000
1.011568	3946.423428	52.401000
1.011633	3945.344919	52.501000
1.011605	3944.308120	52.601000
1.011640	3943.266551	52.701000
1.011706	3942.259445	52.801000
1.011696	3941.144965	52.901000
1.011708	3940.102740	53.001000
1.011728	3939.037986	53.101000
1.011662	3938.038334	53.201000
1.011655	3937.106863	53.301000
1.011645	3936.617386	53.401000
1.011554	3935.415866	53.501000
1.011555	3933.924094	53.601000
1.011511	3932.846554	53.701000
1.011502	3931.858376	53.801000
1.011529	3930.847009	53.901000
1.011528	3929.759147	54.001000
1.011514	3928.720673	54.101000
1.011502	3927.660308	54.201000
1.011479	3926.609409	54.301000
1.011477	3925.574253	54.401000
1.011566	3924.526337	54.501000
1.011518	3923.504146	54.601000
1.011528	3922.459348	54.701000
1.011522	3921.404693	54.801000
1.011526	3920.380650	54.901000
1.011651	3919.301643	55.001000
1.011676	3918.224076	55.101000
1.011648	3917.205235	55.201000
1.011670	3916.183963	55.301000
1.011664	3915.164979	55.401000
1.011649	3914.112919	55.501000
1.011649	3913.046891	55.601000
1.011569	3912.055098	55.701000
1.011488	3911.048666	55.801000
1.011505	3910.016337	55.901000
1.011480	3909.047176	56.001000
1.011483	3907.975372	56.101000
1.011522	3906.933003	56.201000
1.011469	3905.919450	56.301000
1.011481	3904.866425	56.401000
1.011460	3903.833447	56.501000
1.011409	3902.819567	56.601000
1.011418	3901.806156	56.701000
1.011440	3900.768023	56.801000
1.011382	3899.769690	56.901000
1.011388	3898.745345	57.001000
1.011436	3897.743449	57.101000
1.011480	3896.644669	57.201000
1.011576	3895.585186	57.301000
1.011611	3894.544804	57.401000
1.011546	3893.551253	57.501000
1.011585	3892.521539	57.601000
1.011609	3891.480391	57.701000
1.011626	3890.452213	57.801000
1.011658	3889.410391	57.901000
1.011580	3888.421925	58.001000
1.011552	3887.459912	58.101000
1.011606	3886.403035	58.201000
1.011566	3885.359817	58.301000
1.011533	3884.361440	58.401000
1.011576	3883.330709	58.501000
1.011555	3882.962904	58.601000
1.011522	3881.828900	58.701000
1.011516	3880.434968	58.801000
1.011478	3879.267302	58.901000
1.011421	3878.289178	59.001000
1.011462	3877.238872	59.101000
1.011371	3876.309534	59.201000
1.011388	3875.261954	59.301000
1.011388	3874.234122	59.401000
1.011365	3873.219500	59.501000
1.011456	3872.160391	59.601000
1.011510	3871.124642	59.701000
1.011489	3870.129458	59.801000
1.011485	3869.124980	59.901000
1.011530	3868.087373	60.001000
1.011509	3867.103479	60.101000
1.011551	3866.058972	60.201000
1.011558	3865.094503	60.301000
1.011513	3864.066735	60.401000
1.011546	3863.049086	60.501000
1.011553	3862.055039	60.601000
1.011490	3861.053398	60.701000
1.011572	3860.041322	60.801000
1.011565	3859.035250	60.901000
1.011550	3858.029887	61.001000
1.011532	3857.023511	61.101000
1.011480	3856.006648	61.202000
1.011421	3855.049527	61.301000
1.011426	3854.059314	61.401000
1.011421	3853.027222	61.501000
1.011362	3852.053218	61.601000
1.011346	3851.062006	61.701000
1.011336	3850.039943	61.801000
1.011357	3849.015740	61.901000
1.011500	3847.999213	62.001000
1.011516	3847.005110	62.101000
1.011492	3846.018030	62.201000
1.011485	3845.010083	62.301000
1.011446	3844.060441	62.401000
1.011464	3843.010010	62.501000
1.011550	3841.978228	62.601000
1.011508	3841.004937	62.701000
1.011426	3840.051132	62.801000
1.011434	3839.037450	62.901000
1.011413	3838.038041	63.001000
1.011489	3837.000311	63.101000
1.011516	3836.000675	63.201000
1.011491	3835.014094	63.301000
1.011431	3834.038535	63.401000
1.011460	3833.099835	63.501000
1.011458	3832.030988	63.601000
1.011456	3831.037445	63.701000
1.011466	3830.600773	63.801000
1.011418	3829.594830	63.901000
1.011347	3828.288873	64.001000
1.011392	3827.121188	64.101000
1.011370	3826.101872	64.201000
1.011364	3825.122545	64.301000
1.011452	3824.116201	64.401000
1.011422	3823.178673	64.501000
1.011462	3822.175013	64.601000
1.011473	3821.142080	64.701000
1.011442	3820.175906	64.801000
1.011445	3819.186773	64.901000
1.011504	3818.185717	65.001000
1.011456	3817.234196	65.101000
1.011392	3816.272887	65.201000
1.011392	3815.278988	65.301000
1.011392	3814.278465	65.401000
1.011436	3813.258027	65.501000
1.011476	3812.321768	65.601000
1.011454	3811.299403	65.701000
1.011432	3810.350702	65.801000
1.011457	3809.336708	65.901000
1.011449	3808.340693	66.001000
1.011450	3807.360996	66.101000
1.011440	3806.365494	66.201000
1.011392	3805.396743	66.301000
1.011368	3804.421491	66.401000
1.011389	3803.437665	66.501000
1.011329	3802.466351	66.601000
1.011300	3801.558762	66.701000
1.011395	3800.505651	66.801000
1.011369	3799.557060	66.901000
1.011376	3798.549483	67.001000
1.011394	3797.564744	67.101000
1.011349	3796.602914	67.201000
1.011303	3795.660304	67.301000
1.011392	3794.645433	67.401000
1.011364	3793.698774	67.501000
1.011274	3792.773954	67.601000
1.011257	3791.825370	67.701000
1.011278	3790.836967	67.801000
1.011299	3789.824703	67.901000
1.011404	3788.825692	68.001000
1.011389	3787.888671	68.101000
1.011332	3786.904811	68.201000
1.011373	3785.931293	68.301000
1.011363	3784.922488	68.401000
1.011385	3783.935880	68.501000
1.011366	3782.971975	68.601000
1.011314	3782.009625	68.701000
1.011249	3781.110468	68.801000
1.011289	3780.120566	68.901000
1.011308	3779.300699	69.001000
1.011262	3778.833178	69.101000
1.011307	3777.558361	69.201000
1.011370	3776.186868	69.301000
1.011317	3775.312644	69.402000
1.011270	3774.290364	69.501000
1.011289	3773.314298	69.601000
1.011243	3772.362114	69.701000
1.011339	3771.373126	69.801000
1.011335	3770.468785	69.901000
1.011240	3769.490754	70.001000
1.011218	3768.556016	70.101000
1.011273	3767.535731	70.201000
1.011225	3766.602910	70.301000
1.011273	3765.631565	70.401000
1.011289	3764.650958	70.501000
1.011309	3763.673736	70.601000
1.011345	3762.691692	70.701000
1.011387	3761.731112	70.801000
1.011355	3760.794884	70.901000
1.011344	3759.871466	71.001000
1.011354	3758.854710	71.101000
1.011300	3757.924447	71.201000
1.011275	3756.977496	71.301000
1.011311	3756.013808	71.401000
1.011256	3755.073663	71.501000
1.011281	3754.106455	71.601000
1.011336	3753.136786	71.701000
1.011320	3752.181335	71.801000
1.011254	3751.257508	71.901000
1.011280	3750.355051	72.001000
1.011242	3749.379736	72.101000
1.011240	3748.396837	72.201000
1.011281	3747.420738	72.301000
1.011245	3746.465842	72.401000
1.011175	3745.547626	72.501000
1.011192	3744.605523	72.601000
1.011212	3743.641375	72.701000
1.011223	3742.671880	72.801000
1.011329	3741.681984	72.901000
1.011344	3740.718196	73.001000
1.011282	3739.848993	73.101000
1.011298	3738.837535	73.201000
1.011325	3737.849655	73.301000
1.011332	3736.893786	73.401000
1.011370	3735.922792	73.501000
1.011374	3734.967571	73.601000
1.011291	3734.078016	73.701000
1.011318	3733.110589	73.801000
1.011319	3732.144576	73.901000
1.011275	3731.228224	74.001000
1.011269	3730.362456	74.101000
1.011321	3729.368512	74.201000
1.011318	3728.979988	74.301000
1.011269	3728.001312	74.402000
1.011342	3726.658490	74.501000
1.011306	3725.558288	74.601000
1.011244	3724.658353	74.701000
1.011249	3723.708482	74.801000
1.011206	3722.772555	74.901000
1.011131	3721.871627	75.001000
1.011194	3720.913213	75.101000
1.011192	3719.998299	75.201000
1.011200	3719.015655	75.301000
1.011270	3718.045544	75.401000
1.011307	3717.090999	75.501000
1.011256	3716.168865	75.601000
1.011267	3715.225938	75.701000
1.011273	3714.266440	75.801000
1.011267	3713.335136	75.901000
1.011318	3712.367886	76.001000
1.011349	3711.443563	76.101000
1.011301	3710.526942	76.201000
1.011279	3709.674339	76.301000
1.011262	3708.638960	76.401000
1.011223	3707.706841	76.501000
1.011234	3706.784865	76.601000
1.011297	3705.850089	76.701000
1.011247	3704.928251	76.801000
1.011196	3704.008740	76.901000
1.011240	3703.064485	77.001000
1.011258	3702.112914	77.101000
1.011187	3701.223059	77.201000
1.011208	3700.310603	77.301000
1.011196	3699.384358	77.401000
1.011117	3698.456362	77.501000
1.011145	3697.521016	77.601000
1.011182	3696.578686	77.701000
1.011171	3695.647198	77.801000
1.011260	3694.674201	77.901000
1.011299	3693.730094	78.001000
1.011270	3692.841028	78.101000
1.011276	3691.897636	78.201000
1.011279	3690.961516	78.301000
1.011307	3690.056129	78.401000
1.011294	3689.083443	78.501000
1.011330	3688.126527	78.601000
1.011322	3687.218061	78.701000
1.011268	3686.318524	78.801000
1.011282	3685.393608	78.901000
1.011282	3684.447051	79.001000
1.011184	3683.582393	79.101000
1.011268	3682.650732	79.201000
1.011265	3681.725440	79.301000
1.011230	3680.817614	79.401000
1.011228	3680.514357	79.501000
1.011261	3679.477133	79.601000
1.011252	3678.244307	79.701000
1.011224	3677.160465	79.801000
1.011259	3676.206045	79.901000
1.011195	3675.316218	80.001000
1.011139	3674.452235	80.101000
1.011157	3673.531357	80.201000
1.011192	3672.582362	80.301000
1.011186	3671.652402	80.401000
1.011283	3670.740537	80.501000
1.011280	3669.826222	80.601000
1.011225	3668.895041	80.701000
1.011222	3667.983726	80.801000
1.011227	3667.029490	80.901000
1.011243	3666.101183	81.001000
1.011239	3665.170958	81.101000
1.011278	3664.250662	81.201000
1.011226	3663.368802	81.301000
1.011215	3662.458226	81.401000
1.011220	3661.566278	81.501000
1.011218	3660.658235	81.601000
1.011193	3659.723318	81.701000
1.011271	3658.789528	81.801000
1.011289	3657.892105	81.901000
1.011267	3656.986520	82.001000
1.011288	3656.069139	82.101000
1.011254	3655.156436	82.201000
1.011189	3654.269373	82.301000
1.011189	3653.358351	82.401000
1.011199	3652.430638	82.501000
1.011175	3651.536533	82.601000
1.011083	3650.724637	82.701000
1.011105	3649.729997	82.801000
1.011091	3648.808043	82.901000
1.011061	3647.926989	83.001000
1.011187	3646.989673	83.101000
1.011163	3646.083952	83.201000
1.011126	3645.188209	83.301000
1.011171	3644.250246	83.401000
1.011170	3643.332417	83.501000
1.011169	3642.425531	83.601000
1.011184	3641.544042	83.701000
1.011190	3640.637164	83.801000
1.011136	3639.714425	83.901000
1.011082	3638.831878	84.001000
1.011110	3637.948122	84.101000
1.011123	3637.031095	84.201000
1.011129	3636.129395	84.301000
1.011187	3635.209659	84.401000
1.011192	3634.315554	84.501000
1.011155	3633.426248	84.601000
1.011127	3633.049862	84.701000
1.011117	3632.230426	84.801000
1.011092	3630.951998	84.901000
1.011091	3629.847340	85.001000
1.011089	3628.961315	85.101000
1.011092	3628.049227	85.201000
1.011001	3627.200187	85.301000
1.011043	3626.286329	85.401000
1.011036	3625.385662	85.501000
1.010990	3624.501090	85.601000
1.011037	3623.602849	85.701000
1.011060	3622.699612	85.801000
1.011082	3621.847156	85.901000
1.011097	3620.882668	86.001000
1.011132	3619.985278	86.101000
1.011121	3619.084161	86.201000
1.011085	3618.206805	86.301000
1.011118	3617.302251	86.401000
1.011118	3616.403003	86.501000
1.011010	3615.562434	86.601000
1.011039	3614.690464	86.701000
1.011049	3613.784166	86.801000
1.011017	3612.923711	86.901000
1.011083	3612.018200	87.001000
1.011068	3611.087201	87.101000
1.011049	3610.193662	87.201000
1.010997	3609.327478	87.301000
1.010974	3608.451536	87.401000
1.010946	3607.550558	87.501000
1.010917	3606.668945	87.601000
1.010975	3605.761485	87.701000
1.010956	3604.872964	87.801000
1.010950	3603.986612	87.901000
1.011020	3603.098192	88.001000
1.011029	3602.167770	88.101000
1.011023	3601.273689	88.201000
1.011000	3600.396199	88.301000
1.011098	3599.481160	88.401000
1.011098	3598.583844	88.501000
1.011093	3597.705305	88.601000
1.011145	3596.815684	88.701000
1.011147	3595.918851	88.801000
1.011133	3595.036404	88.901000
1.011139	3594.150454	89.001000
1.011187	3593.303428	89.101000
1.011131	3592.376594	89.201000
1.011069	3591.522210	89.301000
1.011092	3590.657526	89.401000
1.011100	3589.753024	89.501000
1.011070	3588.883243	89.601000
1.011162	3587.992572	89.701000
1.011188	3587.099601	89.801000
1.011168	3586.406848	89.901000
1.011117	3586.025745	90.001000
1.011112	3584.970571	90.101000
1.011124	3583.625220	90.201000
1.011073	3582.705754	90.301000
1.011135	3581.810667	90.401000
1.011162	3580.915286	90.501000
1.011085	3580.087045	90.601000
1.011096	3579.218047	90.701000
1.011092	3578.339980	90.801000
1.011098	3577.449141	90.901000
1.011093	3576.584473	91.001000
1.011165	3575.685083	91.101000
1.011199	3574.835076	91.201000
1.011206	3573.911432	91.301000
1.011249	3573.033119	91.401000
1.011229	3572.125880	91.501000
1.011222	3571.259753	91.601000
1.011199	3570.390912	91.701000
1.011204	3569.514361	91.801000
1.011148	3568.652397	91.901000
1.011068	3567.833069	92.001000
1.011114	3566.968447	92.101000
1.011096	3566.072923	92.201000
1.011092	3565.266982	92.301000
1.011160	3564.306178	92.401000
1.011165	3563.427154	92.501000
1.011129	3562.572171	92.601000
1.011119	3561.700158	92.701000
1.011147	3560.823591	92.801000
1.011147	3559.929233	92.901000
1.011145	3559.059935	93.001000
1.011182	3558.175013	93.101000
1.011168	3557.294377	93.201000
1.011072	3556.510419	93.301000
1.011032	3555.675291	93.401000
1.011089	3554.744395	93.501000
1.011088	3553.857993	93.601000
1.011100	3552.986490	93.701000
1.011166	3552.117760	93.801000
1.011201	3551.219979	93.901000
1.011127	3550.392386	94.001000
1.011112	3549.521695	94.101000
1.011081	3548.636724	94.201000
1.011052	3547.776321	94.301000
1.011057	3546.946358	94.401000
1.011082	3546.018052	94.501000
1.011081	3545.167495	94.601000
1.011011	3544.344408	94.701000
1.011025	3543.473492	94.801000
1.010990	3542.604181	94.901000
1.010983	3542.255868	95.001000
1.010995	3541.533057	95.101000
1.011017	3540.785346	95.201000
1.011062	3539.597966	95.301000
1.011027	3538.349195	95.401000
1.011111	3537.462628	95.501000
1.011137	3536.531169	95.601000
1.011085	3535.696576	95.701000
1.011106	3534.914107	95.801000
1.011119	3533.991241	95.901000
1.011091	3533.121269	96.001000
