-7.000000E+01,-5.937873E-06,+9.910000E+37,+2.775331E+03,+2.150800E+04,
-6.900000E+01,-5.765036E-06,+9.910000E+37,+2.776390E+03,+2.150800E+04,
-6.800000E+01,-5.654264E-06,+9.910000E+37,+2.777476E+03,+2.150800E+04,
-6.700000E+01,-5.562972E-06,+9.910000E+37,+2.778554E+03,+2.150800E+04,
-6.600000E+01,-5.480499E-06,+9.910000E+37,+2.779609E+03,+2.150800E+04,
-6.500000E+01,-5.401987E-06,+9.910000E+37,+2.780672E+03,+2.150800E+04,
-6.400000E+01,-5.325766E-06,+9.910000E+37,+2.781756E+03,+2.150800E+04,
-6.300000E+01,-5.250629E-06,+9.910000E+37,+2.782817E+03,+2.150800E+04,
-6.200000E+01,-5.176236E-06,+9.910000E+37,+2.783876E+03,+2.150800E+04,
-6.100000E+01,-5.101755E-06,+9.910000E+37,+2.784959E+03,+2.150800E+04,
-6.000000E+01,-5.027252E-06,+9.910000E+37,+2.786020E+03,+2.150800E+04,
-5.900000E+01,-4.952158E-06,+9.910000E+37,+2.787080E+03,+2.150800E+04,
-5.800000E+01,-4.876772E-06,+9.910000E+37,+2.788142E+03,+2.150800E+04,
-5.700000E+01,-4.801041E-06,+9.910000E+37,+2.789228E+03,+2.150800E+04,
-5.600000E+01,-4.724444E-06,+9.910000E+37,+2.790287E+03,+2.150800E+04,
-5.500000E+01,-4.647120E-06,+9.910000E+37,+2.791346E+03,+2.150800E+04,
-5.400000E+01,-4.568873E-06,+9.910000E+37,+2.792406E+03,+2.150800E+04,
-5.300000E+01,-4.490366E-06,+9.910000E+37,+2.793500E+03,+2.150800E+04,
-5.200000E+01,-4.410751E-06,+9.910000E+37,+2.794559E+03,+2.150800E+04,
-5.100000E+01,-4.330396E-06,+9.910000E+37,+2.795638E+03,+2.150800E+04,
-5.000000E+01,-4.249165E-06,+9.910000E+37,+2.796696E+03,+2.150800E+04,
-4.900000E+01,-4.167475E-06,+9.910000E+37,+2.797783E+03,+2.150800E+04,
-4.800000E+01,-4.084854E-06,+9.910000E+37,+2.798841E+03,+2.150800E+04,
-4.700000E+01,-4.001608E-06,+9.910000E+37,+2.799900E+03,+2.150800E+04,
-4.600000E+01,-3.917087E-06,+9.910000E+37,+2.800958E+03,+2.150800E+04,
-4.500000E+01,-3.831976E-06,+9.910000E+37,+2.802019E+03,+2.150800E+04,
-4.400000E+01,-3.746011E-06,+9.910000E+37,+2.803075E+03,+2.150800E+04,
-4.300000E+01,-3.659063E-06,+9.910000E+37,+2.804137E+03,+2.150800E+04,
-4.200000E+01,-3.570781E-06,+9.910000E+37,+2.805196E+03,+2.150800E+04,
-4.100000E+01,-3.481812E-06,+9.910000E+37,+2.806277E+03,+2.150800E+04,
-4.000000E+01,-3.392040E-06,+9.910000E+37,+2.807335E+03,+2.150800E+04,
-3.900000E+01,-3.301106E-06,+9.910000E+37,+2.808396E+03,+2.150800E+04,
-3.800000E+01,-3.209168E-06,+9.910000E+37,+2.809480E+03,+2.150800E+04,
-3.700000E+01,-3.115744E-06,+9.910000E+37,+2.810540E+03,+2.150800E+04,
-3.600000E+01,-3.021703E-06,+9.910000E+37,+2.811632E+03,+2.150800E+04,
-3.500000E+01,-2.925911E-06,+9.910000E+37,+2.812690E+03,+2.150800E+04,
-3.400000E+01,-2.828840E-06,+9.910000E+37,+2.813752E+03,+2.150800E+04,
-3.300000E+01,-2.730187E-06,+9.910000E+37,+2.814811E+03,+2.150800E+04,
-3.200000E+01,-2.630225E-06,+9.910000E+37,+2.815867E+03,+2.150800E+04,
-3.100000E+01,-2.528625E-06,+9.910000E+37,+2.816927E+03,+2.150800E+04,
-3.000000E+01,-2.425329E-06,+9.910000E+37,+2.818013E+03,+2.150800E+04,
-2.900000E+01,-2.319676E-06,+9.910000E+37,+2.819073E+03,+2.150800E+04,
-2.800000E+01,-2.211990E-06,+9.910000E+37,+2.820131E+03,+2.150800E+04,
-2.700000E+01,-2.101901E-06,+9.910000E+37,+2.821189E+03,+2.150800E+04,
-2.600000E+01,-1.989109E-06,+9.910000E+37,+2.822275E+03,+2.150800E+04,
-2.500000E+01,-1.872321E-06,+9.910000E+37,+2.823336E+03,+2.150800E+04,
-2.400000E+01,-1.752186E-06,+9.910000E+37,+2.824396E+03,+2.150800E+04,
-2.300000E+01,-1.627782E-06,+9.910000E+37,+2.825474E+03,+2.150800E+04,
-2.200000E+01,-1.498052E-06,+9.910000E+37,+2.826533E+03,+2.150800E+04,
-2.100000E+01,-1.362335E-06,+9.910000E+37,+2.827619E+03,+2.150800E+04,
-2.000000E+01,-1.218604E-06,+9.910000E+37,+2.828682E+03,+2.150800E+04,
-1.900000E+01,-1.066589E-06,+9.910000E+37,+2.829741E+03,+2.150800E+04,
-1.800000E+01,-9.038226E-07,+9.910000E+37,+2.830800E+03,+2.150800E+04,
-1.700000E+01,-7.286365E-07,+9.910000E+37,+2.831855E+03,+2.150800E+04,
-1.600000E+01,-5.384004E-07,+9.910000E+37,+2.832913E+03,+2.150800E+04,
-1.500000E+01,-3.340432E-07,+9.910000E+37,+2.833972E+03,+2.150800E+04,
-1.400000E+01,-1.117163E-07,+9.910000E+37,+2.835033E+03,+2.150800E+04,
-1.300000E+01,+1.219971E-07,+9.910000E+37,+2.836090E+03,+2.150800E+04,
-1.200000E+01,+3.601434E-07,+9.91000
































current through plasma (-mA) <tab> voltage across plasma (-V) <tab> time (sec)
0.798612	3748.195335	0.001000
0.797955	3746.998305	0.101000
0.797703	3746.256100	0.201000
0.797506	3745.436621	0.301000
0.797476	3744.466906	0.401000
0.797528	3743.458454	0.501000
0.797511	3742.473624	0.601000
0.797516	3741.471816	0.701000
0.797547	3740.553214	0.801000
0.797498	3739.779443	0.901000
0.797473	3738.612483	1.001000
0.797491	3737.586846	1.101000
0.797471	3736.595104	1.201000
0.797440	3735.686929	1.301000
0.797424	3734.889019	1.401000
0.797396	3733.735643	1.501000
0.797375	3732.748239	1.601000
0.797400	3731.761967	1.701000
0.797333	3730.807486	1.802000
0.797319	3729.829135	1.901000
0.797319	3728.860535	2.001000
0.797323	3727.884377	2.101000
0.797328	3726.895806	2.201000
0.797373	3725.936259	2.301000
0.797348	3725.013507	2.401000
0.797327	3724.512479	2.501000
0.797373	3723.595495	2.601000
0.797401	3722.318780	2.701000
0.797333	3721.163648	2.801000
0.797378	3720.183061	2.901000
0.797404	3719.232334	3.001000
0.797407	3718.238020	3.101000
0.797471	3717.250666	3.201000
0.797413	3716.311573	3.301000
0.797381	3715.384312	3.401000
0.797380	3714.397677	3.501000
0.797384	3713.401565	3.601000
0.797384	3712.435654	3.701000
0.797419	3711.450622	3.801000
0.797409	3710.560229	3.901000
0.797371	3709.579509	4.001000
0.797359	3708.621824	4.101000
0.797309	3707.678077	4.201000
0.797286	3706.709353	4.301000
0.797255	3705.730845	4.401000
0.797270	3704.820540	4.501000
0.797269	3703.853842	4.601000
0.797261	3702.875679	4.701000
0.797301	3701.896810	4.801000
0.797250	3700.978029	4.901000
0.797251	3700.017405	5.001000
0.797332	3699.073144	5.101000
0.797329	3698.107327	5.201000
0.797311	3697.173942	5.301000
0.797353	3696.203937	5.401000
0.797364	3695.240281	5.501000
0.797386	3694.329564	5.601000
0.797418	3693.302311	5.701000
0.797343	3692.400538	5.801000
0.797346	3691.439997	5.901000
0.797399	3690.452622	6.001000
0.797392	3689.526373	6.101000
0.797414	3688.545501	6.201000
0.797459	3687.602731	6.301000
0.797423	3686.692397	6.401000
0.797385	3685.737384	6.501000
0.797374	3684.862706	6.601000
0.797316	3683.959372	6.701000
0.797276	3682.910196	6.801000
0.797268	3681.968104	6.901000
0.797300	3681.025110	7.001000
0.797278	3680.097343	7.101000
0.797262	3679.123435	7.201000
0.797267	3678.190445	7.301000
0.797221	3677.259441	7.401000
0.797226	3676.322698	7.501000
0.797285	3675.389143	7.601000
0.797242	3674.831243	7.701000
0.797229	3674.209925	7.801000
0.797239	3672.897856	7.901000
0.797298	3671.652670	8.001000
0.797330	3670.679503	8.101000
0.797376	3669.734835	8.201000
0.797310	3668.810462	8.301000
0.797306	3667.873273	8.401000
0.797333	3666.914977	8.501000
0.797371	3665.970089	8.601000
0.797391	3665.001191	8.701000
0.797391	3664.133284	8.801000
0.797379	3663.175941	8.901000
0.797342	3662.240848	9.001000
0.797349	3661.303468	9.101000
0.797341	3660.360257	9.201000
0.797286	3659.437296	9.301000
0.797261	3658.493138	9.401000
0.797272	3657.605967	9.501000
0.797295	3656.679348	9.601000
0.797283	3655.723439	9.701000
0.797302	3654.780580	9.801000
0.797196	3653.960519	9.901000
0.797177	3652.985179	10.001000
0.797253	3652.047739	10.101000
0.797214	3651.152783	10.201000
0.797191	3650.221370	10.301000
0.797222	3649.282999	10.401000
0.797239	3648.365072	10.501000
0.797190	3647.451763	10.601000
0.797237	3646.504743	10.701000
0.797247	3645.591437	10.801000
0.797299	3644.635388	10.901000
0.797279	3643.736364	11.001000
0.797319	3642.758864	11.101000
0.797281	3641.861222	11.201000
0.797308	3640.895959	11.301000
0.797371	3639.967521	11.401000
0.797310	3639.099342	11.501000
0.797298	3638.166660	11.601000
0.797323	3637.229592	11.701000
0.797288	3636.311963	11.801000
0.797285	3635.377648	11.901000
0.797286	3634.495158	12.001000
0.797283	3633.551650	12.101000
0.797235	3632.662172	12.201000
0.797230	3631.732406	12.301000
0.797235	3630.825172	12.401000
0.797172	3629.897147	12.502000
0.797173	3628.979403	12.601000
0.797248	3628.079361	12.701000
0.797199	3627.219806	12.801000
0.797212	3626.408813	12.901000
0.797207	3626.062767	13.001000
0.797234	3624.998973	13.101000
0.797151	3623.578402	13.201000
0.797222	3622.616347	13.301000
0.797278	3621.705258	13.401000
0.797321	3620.754987	13.501000
0.797311	3619.847170	13.601000
0.797313	3618.912910	13.701000
0.797278	3618.003570	13.801000
0.797298	3617.080396	13.901000
0.797339	3616.195767	14.001000
0.797265	3615.318430	14.101000
0.797240	3614.439998	14.201000
0.797280	3613.460991	14.301000
0.797256	3612.557394	14.401000
0.797270	3611.610907	14.501000
0.797286	3610.700274	14.601000
0.797238	3609.806079	14.701000
0.797182	3608.922432	14.801000
0.797144	3608.032202	14.901000
0.797189	3607.134333	15.001000
0.797197	3606.215339	15.101000
0.797223	3605.321149	15.201000
0.797241	3604.445241	15.301000
0.797274	3603.497228	15.401000
0.797294	3602.579930	15.501000
0.797337	3601.670940	15.601000
0.797273	3600.790150	15.701000
0.797271	3599.878906	15.801000
0.797283	3598.976872	15.901000
0.797324	3598.073204	16.001000
0.797353	3597.154030	16.101000
0.797333	3596.230477	16.201000
0.797358	3595.365900	16.301000
0.797305	3594.450699	16.401000
0.797332	3593.511573	16.501000
0.797393	3592.613896	16.601000
0.797339	3591.737080	16.701000
0.797342	3590.829529	16.801000
0.797368	3589.909091	16.901000
0.797352	3589.020730	17.001000
0.797367	3588.109471	17.101000
0.797376	3587.191238	17.201000
0.797378	3586.305631	17.301000
0.797296	3585.500573	17.401000
0.797257	3584.551271	17.501000
0.797302	3583.656249	17.601000
0.797277	3582.779044	17.701000
0.797278	3581.875216	17.801000
0.797295	3580.985363	17.901000
0.797270	3580.141179	18.001000
0.797219	3579.282278	18.101000
0.797213	3579.049834	18.201000
0.797221	3577.949159	18.301000
0.797179	3576.725367	18.401000
0.797181	3575.751017	18.501000
0.797216	3574.818900	18.601000
0.797228	3573.924171	18.701000
0.797235	3573.024382	18.801000
0.797260	3572.108786	18.901000
0.797242	3571.225203	19.001000
0.797238	3570.358371	19.101000
0.797263	3569.428656	19.201000
0.797283	3568.565246	19.301000
0.797272	3567.662184	19.401000
0.797251	3566.790679	19.501000
0.797284	3565.896750	19.601000
0.797289	3564.970241	19.701000
0.797303	3564.073213	19.801000
0.797296	3563.191904	19.901000
0.797274	3562.324747	20.001000
0.797236	3561.470267	20.101000
0.797224	3560.597551	20.201000
0.797248	3559.695662	20.301000
0.797217	3558.825986	20.401000
0.797230	3557.932770	20.501000
0.797282	3557.084801	20.601000
0.797184	3556.263233	20.701000
0.797141	3555.389789	20.801000
0.797175	3554.485879	20.901000
0.797177	3553.589831	21.001000
0.797179	3552.694746	21.101000
0.797177	3551.823268	21.201000
0.797196	3550.951462	21.301000
0.797181	3550.078934	21.401000
0.797176	3549.190716	21.501000
0.797202	3548.292081	21.601000
0.797205	3547.457353	21.701000
0.797204	3546.511257	21.801000
0.797238	3545.624631	21.901000
0.797255	3544.756149	22.001000
0.797262	3543.881750	22.101000
0.797249	3542.993195	22.201000
0.797289	3542.107143	22.301000
0.797220	3541.258683	22.401000
0.797260	3540.357613	22.501000
0.797262	3539.480216	22.601000
0.797235	3538.628323	22.701000
0.797220	3537.804880	22.801000
0.797219	3536.874503	22.901000
0.797241	3536.012507	23.001000
0.797189	3535.185260	23.101000
0.797192	3534.301624	23.201000
0.797228	3533.437900	23.301000
0.797163	3532.920328	23.401000
0.797139	3532.364620	23.501000
0.797125	3531.227310	23.601000
0.797163	3530.029870	23.701000
0.797149	3529.177947	23.801000
0.797183	3528.306060	23.901000
0.797192	3527.389201	24.001000
0.797155	3526.564388	24.101000
0.797152	3525.666171	24.201000
0.797218	3524.778096	24.301000
0.797246	3523.905697	24.401000
0.797249	3523.030160	24.501000
0.797301	3522.144054	24.601000
0.797330	3521.278941	24.701000
0.797318	3520.430323	24.801000
0.797321	3519.592035	24.901000
0.797345	3518.704508	25.001000
0.797274	3517.867573	25.101000
0.797294	3516.974856	25.201000
0.797278	3516.127149	25.301000
0.797301	3515.256496	25.401000
0.797288	3514.378473	25.501000
0.797253	3513.521225	25.601000
0.797288	3512.685119	25.701000
0.797219	3511.840376	25.801000
0.797201	3510.977941	25.901000
0.797225	3510.164675	26.001000
0.797191	3509.299869	26.101000
0.797161	3508.454986	26.201000
0.797147	3507.578757	26.301000
0.797226	3506.700719	26.401000
0.797207	3505.845448	26.501000
0.797214	3504.980746	26.601000
0.797252	3504.116997	26.701000
0.797217	3503.279248	26.801000
0.797231	3502.411120	26.901000
0.797224	3501.576921	27.001000
0.797267	3500.723255	27.101000
0.797289	3499.814037	27.201000
0.797301	3498.957305	27.301000
0.797375	3498.076204	27.401000
0.797333	3497.254642	27.501000
0.797351	3496.398453	27.601000
0.797338	3495.529509	27.701000
0.797353	3494.678177	27.801000
0.797283	3493.843157	27.901000
0.797293	3492.963539	28.001000
0.797279	3492.196307	28.101000
0.797303	3491.287105	28.201000
0.797300	3490.425724	28.301000
0.797273	3489.570477	28.401000
0.797301	3488.712906	28.501000
0.797222	3487.906776	28.601000
0.797200	3487.706833	28.701000
0.797207	3486.732641	28.801000
0.797206	3485.569981	28.901000
0.797147	3484.592112	29.001000
0.797122	3483.783686	29.101000
0.797167	3482.956111	29.201000
0.797136	3482.047209	29.301000
0.797167	3481.167906	29.401000
0.797189	3480.329350	29.501000
0.797131	3479.504305	29.601000
0.797121	3478.665537	29.701000
0.797119	3477.811924	29.801000
0.797178	3476.946995	29.901000
0.797200	3476.084560	30.001000
0.797237	3475.232762	30.101000
0.797294	3474.389890	30.201000
0.797255	3473.575335	30.301000
0.797271	3472.700167	30.401000
0.797271	3471.849629	30.501000
0.797271	3470.979557	30.601000
0.797200	3470.188227	30.701000
0.797212	3469.304140	30.801000
0.797211	3468.460895	30.901000
0.797215	3467.628872	31.001000
0.797214	3467.135385	31.101000
0.797203	3466.736532	31.201000
0.797205	3465.186773	31.301000
0.797127	3464.308469	31.401000
0.797105	3463.464894	31.501000
0.797147	3462.613087	31.601000
0.797140	3461.820176	31.701000
0.797084	3460.996625	31.801000
0.797039	3460.169445	31.901000
0.797069	3459.322679	32.001000
0.797027	3458.563606	32.101000
0.797043	3457.670120	32.201000
0.797079	3456.809187	32.301000
0.797043	3456.038439	32.401000
0.797061	3455.112234	32.501000
0.797045	3454.249241	32.601000
0.797109	3453.387698	32.701000
0.797108	3452.566929	32.801000
0.797115	3451.726114	32.901000
0.797160	3450.878536	33.001000
0.797157	3450.085722	33.101000
0.797162	3449.227040	33.201000
0.797174	3448.382771	33.301000
0.797203	3447.546942	33.401000
0.797141	3446.755664	33.501000
0.797166	3445.858515	33.601000
0.797165	3445.015494	33.701000
0.797184	3444.190569	33.801000
0.797188	3443.763365	33.901000
0.797162	3443.118911	34.001000
0.797137	3441.971667	34.101000
0.797072	3440.907519	34.201000
0.797104	3440.060926	34.301000
0.797103	3439.227206	34.401000
0.797173	3438.440224	34.501000
0.797081	3437.658699	34.601000
0.797070	3436.799417	34.701000
0.797094	3435.946528	34.801000
0.797042	3435.143087	34.901000
0.797014	3434.337068	35.001000
0.797029	3433.527852	35.101000
0.797063	3432.672297	35.201000
0.797044	3431.835949	35.301000
0.797090	3430.981333	35.401000
0.797106	3430.130995	35.501000
0.797108	3429.340549	35.601000
0.797080	3428.490907	35.701000
0.797102	3427.635400	35.801000
0.797171	3426.829920	35.901000
0.797131	3426.016516	36.001000
0.797121	3425.193503	36.101000
0.797127	3424.347543	36.201000
0.797158	3423.511738	36.301000
0.797157	3422.676548	36.401000
0.797178	3421.839648	36.501000
0.797196	3420.999973	36.601000
0.797159	3420.254341	36.701000
0.797092	3419.401789	36.801000
0.797084	3418.576931	36.901000
0.797155	3417.748153	37.001000
0.797118	3416.953145	37.101000
0.797107	3416.115992	37.201000
0.797144	3415.292704	37.301000
0.797143	3414.505183	37.401000
0.797081	3413.749984	37.501000
0.797070	3412.911807	37.601000
0.797092	3412.088145	37.701000
0.797020	3411.349491	37.801000
0.796996	3410.485874	37.901000
0.797033	3409.647107	38.001000
0.797053	3408.862972	38.101000
0.797104	3407.991636	38.201000
0.797102	3407.186794	38.301000
0.797124	3406.336083	38.401000
0.797091	3405.531031	38.501000
0.797105	3404.710315	38.601000
0.797126	3403.893645	38.701000
0.797167	3403.101780	38.801000
0.797078	3402.334122	38.901000
0.797082	3401.485551	39.001000
0.797082	3400.850284	39.101000
0.797119	3400.536300	39.201000
0.797121	3399.463524	39.301000
0.797132	3398.198304	39.401000
0.797118	3397.395574	39.501000
0.797100	3396.567286	39.601000
0.797054	3395.790339	39.701000
0.797021	3394.984647	39.801000
0.797042	3394.221675	39.901000
0.797020	3393.377089	40.001000
0.796989	3392.594352	40.101000
0.797033	3391.752931	40.201000
0.796982	3390.972165	40.301000
0.796906	3390.209672	40.401000
0.796879	3389.407219	40.501000
0.796890	3388.587731	40.601000
0.796839	3387.791264	40.701000
0.796846	3386.992623	40.801000
0.796845	3386.181960	40.901000
0.796891	3385.438440	41.001000
0.796904	3384.562131	41.101000
0.796923	3383.755506	41.201000
0.796945	3382.912213	41.301000
0.796971	3382.097134	41.401000
0.796945	3381.311242	41.501000
0.796937	3380.495672	41.601000
0.797001	3379.708655	41.701000
0.796975	3378.926840	41.801000
0.796977	3378.124244	41.901000
0.796941	3377.361410	42.001000
0.796976	3376.565182	42.101000
0.796960	3375.731172	42.201000
0.796956	3374.920158	42.301000
0.796969	3374.122286	42.401000
0.796967	3373.321828	42.501000
0.796900	3372.543434	42.601000
0.796840	3371.774442	42.701000
0.796878	3370.970995	42.801000
0.796867	3370.187036	42.901000
0.796856	3369.381823	43.001000
0.796841	3368.645561	43.101000
0.796917	3367.811624	43.201000
0.796904	3367.041847	43.301000
0.796852	3366.281380	43.401000
0.796830	3365.484144	43.501000
0.796874	3364.691526	43.601000
0.796835	3363.910901	43.701000
0.796863	3363.091427	43.801000
0.796895	3362.289271	43.901000
0.796927	3361.495171	44.001000
0.796921	3360.731560	44.101000
0.796922	3359.986720	44.201000
0.796928	3359.130944	44.301000
0.796961	3358.758051	44.401000
0.796931	3358.150528	44.501000
0.796945	3357.015546	44.601000
0.797022	3355.928799	44.701000
0.796935	3355.184710	44.801000
0.796920	3354.396588	44.901000
0.796917	3353.600443	45.001000
0.796950	3352.819997	45.101000
0.796888	3352.053128	45.201000
0.796878	3351.308238	45.301000
0.796897	3350.483213	45.401000
0.796875	3349.689451	45.501000
0.796861	3348.912280	45.601000
0.796852	3348.109267	45.701000
0.796851	3347.332951	45.801000
0.796865	3346.552978	45.901000
0.796815	3345.797429	46.001000
0.796821	3345.017746	46.101000
0.796887	3344.224327	46.201000
0.796865	3343.517063	46.301000
0.796816	3342.770927	46.401000
0.796814	3341.946886	46.501000
0.796878	3341.158463	46.601000
0.796906	3340.370159	46.701000
0.796935	3339.574490	46.801000
0.796957	3338.776715	46.901000
0.796985	3337.976446	47.001000
0.796920	3337.232780	47.101000
0.796919	3336.457836	47.201000
0.796930	3335.671658	47.301000
0.796980	3334.935465	47.401000
0.796939	3334.102633	47.501000
0.796966	3333.307267	47.601000
0.797013	3332.532096	47.701000
0.797004	3331.776722	47.801000
0.796966	3331.022912	47.901000
0.796905	3330.244870	48.001000
0.796926	3329.470047	48.101000
0.796844	3328.707013	48.201000
0.796843	3327.946487	48.301000
0.796823	3327.149425	48.401000
0.796821	3326.448241	48.501000
0.796842	3325.609732	48.601000
0.796837	3324.826264	48.701000
0.796830	3324.051326	48.801000
0.796862	3323.253272	48.901000
0.796833	3322.518029	49.001000
0.796786	3321.762008	49.101000
0.796844	3320.972896	49.201000
0.796940	3320.187619	49.301000
0.796909	3319.444213	49.401000
0.796912	3318.678398	49.501000
0.796915	3318.197410	49.601000
0.796953	3317.746910	49.701000
0.796963	3316.753076	49.801000
0.796997	3315.551403	49.901000
0.797031	3314.781704	50.001000
0.796987	3314.039001	50.101000
0.796908	3313.287164	50.201000
0.796906	3312.517269	50.301000
0.796916	3311.744698	50.401000
0.796954	3310.963077	50.501000
0.796933	3310.233830	50.601000
0.796915	3309.450494	50.701000
0.796956	3308.662374	50.801000
0.796916	3307.935738	50.901000
0.796896	3307.171637	51.001000
0.796881	3306.404857	51.101000
0.796869	3305.628650	51.201000
0.796793	3304.887934	51.301000
0.796784	3304.139368	51.401000
0.796804	3303.344053	51.501000
0.796846	3302.587127	51.601000
0.796850	3301.865581	51.701000
0.796864	3301.039449	51.801000
0.796864	3300.267772	51.901000
0.796900	3299.479888	52.001000
0.796891	3298.749546	52.101000
0.796888	3297.987274	52.201000
0.796930	3297.211117	52.301000
0.796982	3296.465062	52.401000
0.796909	3295.744829	52.501000
0.796880	3295.003553	52.601000
0.796885	3294.253064	52.701000
0.796917	3293.535038	52.801000
0.796895	3292.729851	52.901000
0.796913	3291.947411	53.001000
0.796904	3291.202769	53.101000
0.796902	3290.443882	53.201000
0.796823	3289.724239	53.301000
0.796804	3288.983597	53.401000
0.796793	3288.227870	53.501000
0.796826	3287.461156	53.601000
0.796806	3286.706926	53.701000
0.796837	3285.944664	53.801000
0.796855	3285.241702	53.901000
0.796849	3284.456327	54.001000
0.796797	3283.769552	54.101000
0.796812	3282.974717	54.201000
0.796830	3282.199578	54.301000
0.796802	3281.453649	54.401000
0.796774	3280.714880	54.501000
0.796790	3279.948681	54.601000
0.796838	3279.186353	54.701000
0.796913	3278.528692	54.801000
0.796920	3278.361566	54.901000
0.796913	3277.365782	55.001000
0.796956	3276.196236	55.101000
0.796913	3275.417231	55.201000
0.796908	3274.676634	55.301000
0.796899	3273.930429	55.401000
0.796956	3273.193859	55.501000
0.796925	3272.455037	55.601000
0.796874	3271.753300	55.701000
0.796871	3271.004157	55.801000
0.796899	3270.237766	55.901000
0.796914	3269.565477	56.001000
0.796826	3268.811918	56.101000
0.796846	3268.040675	56.201000
0.796846	3267.298447	56.301000
0.796820	3266.567214	56.401000
0.796824	3265.814284	56.501000
0.796800	3265.063463	56.601000
0.796823	3264.315824	56.701000
0.796805	3263.583521	56.801000
0.796799	3262.867888	56.901000
0.796835	3262.091261	57.001000
0.796889	3261.380317	57.101000
0.796852	3260.610709	57.201000
0.796830	3259.881783	57.301000
0.796836	3259.132625	57.401000
0.796871	3258.377447	57.501000
0.796829	3257.637607	57.601000
0.796836	3256.881288	57.701000
0.796837	3256.132119	57.801000
0.796903	3255.366606	57.901000
0.796948	3254.629726	58.001000
0.796906	3253.991882	58.101000
0.796874	3253.204642	58.201000
0.796881	3252.454517	58.301000
0.796844	3251.706135	58.401000
0.796847	3250.956088	58.501000
0.796816	3250.212090	58.601000
0.796889	3249.478776	58.701000
0.796869	3248.772472	58.801000
0.796802	3248.072518	58.901000
0.796800	3247.320425	59.001000
0.796795	3246.590103	59.101000
0.796763	3245.917275	59.201000
0.796711	3245.154785	59.301000
0.796704	3244.408427	59.401000
0.796755	3243.671727	59.501000
0.796755	3242.943937	59.601000
0.796771	3242.185345	59.701000
0.796776	3241.462912	59.801000
0.796801	3240.700602	59.901000
0.796776	3239.959228	60.001000
0.796797	3239.802841	60.101000
0.796812	3239.025776	60.201000
0.796869	3237.927606	60.301000
0.796858	3237.033526	60.401000
0.796818	3236.315692	60.501000
0.796840	3235.568079	60.601000
0.796875	3234.831575	60.701000
0.796912	3234.128009	60.801000
0.796889	3233.361629	60.901000
0.796885	3232.629732	61.001000
0.796899	3231.894336	61.101000
0.796875	3231.157953	61.201000
0.796849	3230.496902	61.301000
0.796775	3229.757102	61.401000
0.796794	3229.022434	61.501000
0.796815	3228.283355	61.601000
0.796787	3227.561143	61.701000
0.796798	3226.829802	61.801000
0.796776	3226.127636	61.901000
0.796838	3225.404721	62.001000
0.796800	3224.732409	62.101000
0.796837	3223.955090	62.201000
0.796891	3223.188697	62.301000
0.796879	3222.515062	62.401000
0.796819	3221.753636	62.501000
0.796802	3221.036165	62.601000
0.796859	3220.288887	62.701000
0.796925	3219.559665	62.801000
0.796910	3218.833114	62.901000
0.796923	3218.085633	63.001000
0.796910	3217.363020	63.101000
0.796933	3216.634674	63.201000
0.796930	3215.904758	63.301000
0.796928	3215.215123	63.401000
0.796946	3214.502996	63.501000
0.796989	3213.738042	63.601000
0.796928	3213.051033	63.701000
0.796888	3212.339565	63.801000
0.796893	3211.604260	63.901000
0.796913	3210.878589	64.001000
0.796865	3210.203165	64.101000
0.796853	3209.457064	64.201000
0.796840	3208.726044	64.301000
0.796870	3207.997420	64.401000
0.796866	3207.316046	64.501000
0.796778	3206.621124	64.601000
0.796743	3205.898992	64.701000
0.796789	3205.154143	64.801000
0.796806	3204.451607	64.901000
0.796790	3203.727605	65.001000
0.796804	3202.988340	65.101000
0.796866	3202.273735	65.201000
0.796922	3201.808491	65.301000
0.796914	3201.433427	65.401000
0.796905	3200.623233	65.501000
0.796907	3199.511179	65.601000
0.796941	3198.692037	65.701000
0.796901	3198.001254	65.801000
0.796896	3197.279102	65.901000
0.796922	3196.547726	66.001000
0.796981	3195.872454	66.101000
0.796959	3195.129408	66.201000
0.796968	3194.399274	66.301000
0.796943	3193.698089	66.401000
0.796979	3192.961554	66.501000
0.796928	3192.274746	66.601000
0.796891	3191.614610	66.701000
0.796878	3190.871773	66.801000
0.796893	3190.167808	66.901000
0.796863	3189.476910	67.001000
0.796821	3188.787473	67.101000
0.796787	3188.075840	67.201000
0.796785	3187.386064	67.301000
0.796766	3186.660061	67.401000
0.796760	3185.957000	67.501000
0.796772	3185.224710	67.601000
0.796771	3184.559462	67.701000
0.796802	3183.825668	67.801000
0.796773	3183.113701	67.901000
0.796740	3182.422608	68.001000
0.796766	3181.730216	68.101000
0.796791	3180.992762	68.201000
0.796779	3180.299681	68.301000
0.796783	3179.576161	68.401000
0.796805	3178.871973	68.501000
0.796915	3178.140090	68.601000
0.796848	3177.486920	68.701000
0.796822	3176.860176	68.801000
0.796805	3176.096812	68.901000
0.796870	3175.380876	69.001000
0.796861	3174.685682	69.101000
0.796863	3173.963034	69.201000
0.796893	3173.232237	69.301000
0.796894	3172.527702	69.401000
0.796820	3171.849718	69.501000
0.796777	3171.186216	69.601000
0.796747	3170.476812	69.701000
0.796765	3169.782575	69.801000
0.796820	3169.083894	69.901000
0.796773	3168.363772	70.001000
0.796782	3167.661275	70.101000
0.796809	3166.952233	70.201000
0.796839	3166.253477	70.301000
0.796775	3165.584857	70.401000
0.796760	3164.968628	70.501000
0.796757	3164.896824	70.601000
0.796740	3163.945279	70.701000
0.796723	3162.822826	70.801000
0.796730	3162.140632	70.901000
0.796718	3161.407448	71.001000
0.796763	3160.694342	71.101000
0.796785	3159.990695	71.201000
0.796827	3159.263728	71.301000
0.796836	3158.552001	71.401000
0.796884	3157.854692	71.501000
0.796867	3157.165277	71.601000
0.796839	3156.482844	71.701000
0.796843	3155.785632	71.801000
0.796879	3155.076755	71.901000
0.796939	3154.438503	72.001000
0.796875	3153.735246	72.101000
0.796843	3153.073184	72.201000
0.796801	3152.393472	72.301000
0.796845	3151.681655	72.401000
0.796795	3151.008425	72.501000
0.796786	3150.333557	72.601000
0.796791	3149.604934	72.701000
0.796784	3148.913348	72.801000
0.796811	3148.223811	72.901000
0.796751	3147.585226	73.001000
0.796734	3146.904091	73.101000
0.796716	3146.180890	73.201000
0.796709	3145.478953	73.301000
0.796694	3144.800407	73.401000
0.796748	3144.078700	73.501000
0.796759	3143.392331	73.601000
0.796818	3142.682291	73.701000
0.796766	3142.029160	73.801000
0.796763	3141.348538	73.901000
0.796747	3140.653012	74.001000
0.796846	3139.986698	74.101000
0.796829	3139.252129	74.201000
0.796812	3138.563246	74.301000
0.796823	3137.859616	74.401000
0.796866	3137.159294	74.501000
0.796848	3136.472370	74.601000
0.796857	3135.791384	74.701000
0.796852	3135.085477	74.801000
0.796850	3134.407973	74.901000
0.796919	3133.704474	75.001000
0.796892	3133.040669	75.101000
0.796854	3132.434186	75.201000
0.796850	3131.698055	75.301000
0.796902	3131.012189	75.401000
0.796876	3130.358291	75.501000
0.796816	3129.713780	75.601000
0.796827	3129.031307	75.701000
0.796769	3128.844050	75.801000
0.796790	3128.256348	75.901000
0.796750	3127.244034	76.001000
0.796760	3126.329991	76.101000
0.796782	3125.655595	76.201000
0.796808	3124.983558	76.301000
0.796739	3124.311589	76.401000
0.796762	3123.623043	76.501000
0.796741	3122.949981	76.601000
0.796771	3122.252486	76.701000
0.796775	3121.569854	76.801000
0.796786	3120.876679	76.901000
0.796810	3120.195046	77.001000
0.796846	3119.507444	77.101000
0.796915	3118.792306	77.201000
0.796832	3118.227244	77.301000
0.796872	3117.480682	77.401000
0.796861	3116.785212	77.501000
0.796915	3116.095055	77.601000
0.796906	3115.434875	77.701000
0.796866	3114.792107	77.801000
0.796882	3114.071233	77.901000
0.796889	3113.402963	78.001000
0.796850	3112.741934	78.101000
0.796817	3112.074306	78.201000
0.796814	3111.393904	78.301000
0.796821	3110.764464	78.401000
0.796851	3110.037848	78.501000
0.796817	3109.383304	78.601000
0.796776	3108.741848	78.701000
0.796768	3108.064971	78.801000
0.796800	3107.397437	78.901000
0.796745	3106.752891	79.001000
0.796713	3106.113055	79.101000
0.796680	3105.454062	79.201000
0.796708	3104.779071	79.301000
0.796745	3104.116025	79.401000
0.796708	3103.450362	79.501000
0.796767	3102.735458	79.601000
0.796769	3102.062755	79.701000
0.796814	3101.385019	79.801000
0.796826	3100.722958	79.901000
0.796822	3100.064365	80.001000
0.796800	3099.399351	80.101000
0.796792	3098.721867	80.201000
0.796792	3098.037763	80.301000
0.796803	3097.365138	80.401000
0.796832	3096.729808	80.501000
0.796813	3096.024178	80.601000
0.796888	3095.342431	80.701000
0.796802	3094.730734	80.801000
0.796765	3094.074447	80.901000
0.796767	3093.699155	81.001000
0.796755	3093.358973	81.101000
0.796785	3092.358205	81.201000
0.796732	3091.423756	81.301000
0.796687	3090.765944	81.401000
0.796730	3090.083776	81.501000
0.796734	3089.481396	81.601000
0.796705	3088.765693	81.701000
0.796673	3088.108438	81.801000
0.796665	3087.433888	81.901000
0.796718	3086.769849	82.001000
0.796773	3086.086694	82.101000
0.796752	3085.423728	82.201000
0.796738	3084.780868	82.301000
0.796793	3084.101031	82.401000
0.796863	3083.434048	82.501000
0.796881	3082.796283	82.601000
0.796865	3082.186355	82.701000
0.796841	3081.474910	82.801000
0.796854	3080.808478	82.901000
0.796842	3080.167292	83.001000
0.796808	3079.524964	83.101000
0.796808	3078.849391	83.201000
0.796829	3078.172094	83.301000
0.796842	3077.532193	83.401000
0.796796	3076.898925	83.501000
0.796806	3076.244682	83.601000
0.796788	3075.609403	83.701000
0.796766	3074.938385	83.801000
0.796745	3074.261396	83.901000
0.796688	3073.641190	84.001000
0.796669	3072.980546	84.101000
0.796705	3072.304452	84.201000
0.796756	3071.650063	84.301000
0.796705	3071.020756	84.401000
0.796648	3070.375574	84.501000
0.796638	3069.712570	84.601000
0.796686	3069.064789	84.701000
0.796724	3068.441158	84.801000
0.796706	3067.738283	84.901000
0.796741	3067.054065	85.001000
0.796760	3066.409153	85.101000
0.796775	3065.730412	85.201000
0.796790	3065.083846	85.301000
0.796779	3064.443134	85.401000
0.796744	3063.803191	85.501000
0.796782	3063.117398	85.601000
0.796824	3062.477902	85.701000
0.796797	3061.832503	85.801000
0.796822	3061.212834	85.901000
0.796830	3060.508066	86.001000
0.796884	3059.852090	86.101000
0.796860	3059.408952	86.201000
0.796839	3059.231967	86.301000
0.796784	3058.341620	86.401000
0.796783	3057.320908	86.501000
0.796809	3056.675618	86.601000
0.796776	3056.054635	86.701000
0.796725	3055.421817	86.801000
0.796741	3054.800889	86.901000
0.796746	3054.109993	87.001000
0.796687	3053.479136	87.101000
0.796685	3052.828142	87.201000
0.796685	3052.167003	87.301000
0.796694	3051.524103	87.401000
0.796756	3050.849371	87.501000
0.796752	3050.208350	87.601000
0.796708	3049.609136	87.701000
0.796745	3048.929591	87.801000
0.796809	3048.270390	87.901000
0.796876	3047.642976	88.001000
0.796808	3046.985560	88.101000
0.796828	3046.348540	88.201000
0.796809	3045.717601	88.301000
0.796851	3045.057151	88.401000
0.796818	3044.417433	88.501000
0.796847	3043.821611	88.601000
0.796851	3043.168083	88.701000
0.796846	3042.503158	88.801000
0.796892	3041.819357	88.901000
0.796900	3041.191844	89.001000
0.796896	3040.582133	89.101000
0.796844	3039.902007	89.201000
0.796861	3039.258818	89.301000
0.796828	3038.617534	89.401000
0.796799	3037.979779	89.501000
0.796809	3037.326332	89.601000
0.796802	3036.686559	89.701000
0.796881	3036.030316	89.801000
0.796797	3035.448178	89.901000
0.796726	3034.851754	90.001000
0.796735	3034.229624	90.101000
0.796783	3033.540935	90.201000
0.796820	3032.872354	90.301000
0.796776	3032.257551	90.401000
0.796766	3031.608413	90.501000
0.796794	3030.953698	90.601000
0.796812	3030.305215	90.701000
0.796784	3029.673049	90.801000
0.796800	3029.029428	90.901000
0.796822	3028.365559	91.001000
0.796854	3027.710952	91.101000
0.796970	3027.055535	91.207000
0.796967	3027.059830	91.301000
0.796993	3026.183880	91.401000
0.797006	3025.754461	91.501000
0.797025	3024.927810	91.601000
0.797077	3023.893436	91.701000
0.797044	3023.191000	91.801000
0.797047	3022.547927	91.901000
0.797012	3021.914648	92.001000
0.797046	3021.259452	92.101000
0.797020	3020.693845	92.201000
0.797048	3020.022993	92.301000
0.797046	3019.321385	92.401000
0.797010	3018.696070	92.501000
0.797035	3018.069089	92.601000
0.797033	3017.435080	92.702000
0.797042	3016.802717	92.801000
0.797023	3016.150753	92.901000
0.797030	3015.522617	93.001000
0.797010	3014.897689	93.101000
0.796979	3014.297757	93.201000
0.796984	3013.702864	93.301000
0.797006	3013.058998	93.401000
0.797042	3012.380383	93.501000
0.796954	3011.784511	93.601000
0.796904	3011.190741	93.701000
0.796912	3010.553702	93.801000
0.796928	3009.932642	93.901000
0.796993	3009.299628	94.001000
0.796983	3008.680427	94.101000
0.797007	3008.026143	94.201000
0.797017	3007.374222	94.301000
0.797044	3006.793837	94.401000
0.797046	3006.129176	94.501000
0.796989	3005.520338	94.601000
0.796979	3004.884594	94.701000
0.796950	3004.265822	94.801000
0.797016	3003.612243	94.901000
0.797024	3002.991500	95.001000
0.796994	3002.380547	95.101000
0.796975	3001.763441	95.201000
0.796974	3001.145477	95.301000
0.797024	3000.515802	95.401000
0.796981	2999.965925	95.501000
0.796918	2999.324665	95.601000
0.796911	2998.690999	95.701000
0.796894	2998.073317	95.801000
0.796891	2997.457210	95.901000
0.796843	2996.844178	96.001000
