-7.000000E+01,-8.637415E-07,+9.910000E+37,+3.311838E+03,+2.150800E+04,
-6.900000E+01,-8.056259E-07,+9.910000E+37,+3.312923E+03,+2.150800E+04,
-6.800000E+01,-7.743135E-07,+9.910000E+37,+3.313981E+03,+2.150800E+04,
-6.700000E+01,-7.376976E-07,+9.910000E+37,+3.315040E+03,+2.150800E+04,
-6.600000E+01,-7.025868E-07,+9.910000E+37,+3.316101E+03,+2.150800E+04,
-6.500000E+01,-6.735975E-07,+9.910000E+37,+3.317159E+03,+2.150800E+04,
-6.400000E+01,-6.379008E-07,+9.910000E+37,+3.318218E+03,+2.150800E+04,
-6.300000E+01,-5.971742E-07,+9.910000E+37,+3.319277E+03,+2.150800E+04,
-6.200000E+01,-5.618916E-07,+9.910000E+37,+3.320358E+03,+2.150800E+04,
-6.100000E+01,-5.255438E-07,+9.910000E+37,+3.321416E+03,+2.150800E+04,
-6.000000E+01,-4.894888E-07,+9.910000E+37,+3.322477E+03,+2.150800E+04,
-5.900000E+01,-4.473428E-07,+9.910000E+37,+3.323557E+03,+2.150800E+04,
-5.800000E+01,-4.083686E-07,+9.910000E+37,+3.324618E+03,+2.150800E+04,
-5.700000E+01,-3.694802E-07,+9.910000E+37,+3.325704E+03,+2.150800E+04,
-5.600000E+01,-3.293139E-07,+9.910000E+37,+3.326760E+03,+2.150800E+04,
-5.500000E+01,-2.812589E-07,+9.910000E+37,+3.327819E+03,+2.150800E+04,
-5.400000E+01,-2.401130E-07,+9.910000E+37,+3.328878E+03,+2.150800E+04,
-5.300000E+01,-1.973105E-07,+9.910000E+37,+3.329962E+03,+2.150800E+04,
-5.200000E+01,-1.527202E-07,+9.910000E+37,+3.331020E+03,+2.150800E+04,
-5.100000E+01,-1.065238E-07,+9.910000E+37,+3.332104E+03,+2.150800E+04,
-5.000000E+01,-5.841834E-08,+9.910000E+37,+3.333165E+03,+2.150800E+04,
-4.900000E+01,-1.049473E-08,+9.910000E+37,+3.334244E+03,+2.150800E+04,
-4.800000E+01,+3.829880E-08,+9.910000E+37,+3.335303E+03,+2.150800E+04,
-4.700000E+01,+8.955561E-08,+9.910000E+37,+3.336385E+03,+2.150800E+04,
-4.600000E+01,+1.420446E-07,+9.910000E+37,+3.337442E+03,+2.150800E+04,
-4.500000E+01,+1.949780E-07,+9.910000E+37,+3.338500E+03,+2.150800E+04,
-4.400000E+01,+2.485525E-07,+9.910000E+37,+3.339586E+03,+2.150800E+04,
-4.300000E+01,+3.076217E-07,+9.910000E+37,+3.340647E+03,+2.150800E+04,
-4.200000E+01,+3.667163E-07,+9.910000E+37,+3.341732E+03,+2.150800E+04,
-4.100000E+01,+4.247901E-07,+9.910000E+37,+3.342790E+03,+2.150800E+04,
-4.000000E+01,+4.874548E-07,+9.910000E+37,+3.343848E+03,+2.150800E+04,
-3.900000E+01,+5.524827E-07,+9.910000E+37,+3.344910E+03,+2.150800E+04,
-3.800000E+01,+6.245305E-07,+9.910000E+37,+3.345968E+03,+2.150800E+04,
-3.700000E+01,+6.884628E-07,+9.910000E+37,+3.347053E+03,+2.150800E+04,
-3.600000E+01,+7.626008E-07,+9.910000E+37,+3.348113E+03,+2.150800E+04,
-3.500000E+01,+8.311026E-07,+9.910000E+37,+3.349195E+03,+2.150800E+04,
-3.400000E+01,+9.142400E-07,+9.910000E+37,+3.350256E+03,+2.150800E+04,
-3.300000E+01,+9.974224E-07,+9.910000E+37,+3.351315E+03,+2.150800E+04,
-3.200000E+01,+1.089654E-06,+9.910000E+37,+3.352377E+03,+2.150800E+04,
-3.100000E+01,+1.187254E-06,+9.910000E+37,+3.353463E+03,+2.150800E+04,
-3.000000E+01,+1.294682E-06,+9.910000E+37,+3.354523E+03,+2.150800E+04,
-2.900000E+01,+1.410957E-06,+9.910000E+37,+3.355581E+03,+2.150800E+04,
-2.800000E+01,+1.533517E-06,+9.910000E+37,+3.356660E+03,+2.150800E+04,
-2.700000E+01,+1.671362E-06,+9.910000E+37,+3.357722E+03,+2.150800E+04,
-2.600000E+01,+1.821877E-06,+9.910000E+37,+3.358780E+03,+2.150800E+04,
-2.500000E+01,+1.984735E-06,+9.910000E+37,+3.359842E+03,+2.150800E+04,
-2.400000E+01,+2.160301E-06,+9.910000E+37,+3.360901E+03,+2.150800E+04,
-2.300000E+01,+2.352098E-06,+9.910000E+37,+3.361959E+03,+2.150800E+04,
-2.200000E+01,+2.557055E-06,+9.910000E+37,+3.363017E+03,+2.150800E+04,
-2.100000E+01,+2.780237E-06,+9.910000E+37,+3.364077E+03,+2.150800E+04,
-2.000000E+01,+3.012711E-06,+9.910000E+37,+3.365160E+03,+2.150800E+04,
-1.900000E+01,+3.265923E-06,+9.910000E+37,+3.366221E+03,+2.150800E+04,
-1.800000E+01,+3.528914E-06,+9.910000E+37,+3.367280E+03,+2.150800E+04,
-1.700000E+01,+3.811054E-06,+9.910000E+37,+3.368342E+03,+2.150800E+04,
-1.600000E+01,+4.109681E-06,+9.910000E+37,+3.369399E+03,+2.150800E+04,
-1.500000E+01,+4.431797E-06,+9.910000E+37,+3.370460E+03,+2.150800E+04,
-1.400000E+01,+4.786787E-06,+9.910000E+37,+3.371521E+03,+2.150800E+04,
-1.300000E+01,+5.187604E-06,+9.910000E+37,+3.372578E+03,+2.150800E+04,
-1.200000E+01,+5.644324E-06,+9.91000
































current through plasma (-mA) <tab> voltage across plasma (-V) <tab> time (sec)
0.350967	2227.051351	0.001000
0.351856	2226.341475	0.101000
0.352298	2225.659935	0.201000
0.352572	2225.083129	0.301000
0.352565	2224.745085	0.401000
0.352527	2224.408968	0.501000
0.352528	2224.084804	0.601000
0.352467	2223.741995	0.701000
0.352449	2223.549877	0.801000
0.352469	2223.188756	0.901000
0.352496	2222.727454	1.001000
0.352480	2222.353985	1.101000
0.352475	2222.006069	1.201000
0.352461	2221.730361	1.301000
0.352488	2221.503238	1.401000
0.352470	2220.928102	1.501000
0.352461	2220.548023	1.601000
0.352463	2220.200540	1.701000
0.352475	2219.827747	1.801000
0.352491	2219.462435	1.901000
0.352492	2219.101899	2.001000
0.352508	2218.744512	2.101000
0.352478	2218.418801	2.201000
0.352444	2218.073558	2.301000
0.352469	2217.755289	2.401000
0.352499	2217.340044	2.501000
0.352556	2216.975416	2.601000
0.352568	2216.607173	2.701000
0.352569	2216.267919	2.801000
0.352572	2215.925044	2.901000
0.352600	2215.602672	3.001000
0.352597	2215.270899	3.101000
0.352572	2214.936221	3.201000
0.352551	2214.578788	3.301000
0.352566	2214.276479	3.401000
0.352595	2213.916899	3.501000
0.352612	2213.551483	3.601000
0.352587	2213.706910	3.701000
0.352556	2213.335549	3.801000
0.352533	2212.613987	3.901000
0.352561	2212.015199	4.001000
0.352542	2211.626043	4.101000
0.352534	2211.263104	4.201000
0.352505	2210.906824	4.301000
0.352499	2210.527706	4.401000
0.352509	2210.223481	4.501000
0.352491	2209.822031	4.601000
0.352475	2209.478842	4.701000
0.352427	2209.143061	4.801000
0.352397	2208.793207	4.901000
0.352424	2208.441509	5.001000
0.352444	2208.096138	5.101000
0.352477	2207.731496	5.201000
0.352495	2207.361763	5.301000
0.352471	2207.017936	5.401000
0.352458	2206.687451	5.501000
0.352466	2206.385500	5.601000
0.352467	2206.011930	5.701000
0.352435	2205.654423	5.801000
0.352459	2205.306096	5.901000
0.352473	2204.935788	6.001000
0.352467	2204.561912	6.101000
0.352489	2204.153140	6.201000
0.352481	2203.779369	6.301000
0.352451	2203.415433	6.401000
0.352467	2203.040103	6.501000
0.352490	2202.694503	6.601000
0.352528	2202.310962	6.701000
0.352528	2201.936670	6.801000
0.352492	2201.595137	6.901000
0.352480	2201.235997	7.001000
0.352480	2200.907765	7.101000
0.352473	2200.632979	7.201000
0.352438	2200.229953	7.301000
0.352409	2199.887535	7.401000
0.352407	2199.532643	7.501000
0.352429	2199.170097	7.601000
0.352426	2198.899436	7.701000
0.352414	2198.487697	7.801000
0.352421	2198.131991	7.901000
0.352403	2197.809378	8.001000
0.352415	2197.494485	8.101000
0.352398	2197.083472	8.201000
0.352395	2196.743608	8.301000
0.352390	2196.399146	8.401000
0.352372	2196.043951	8.501000
0.352358	2195.683328	8.601000
0.352379	2195.321675	8.701000
0.352402	2195.051449	8.801000
0.352403	2195.035616	8.901000
0.352383	2194.919374	9.001000
0.352350	2194.263743	9.101000
0.352392	2193.617621	9.201000
0.352451	2193.252357	9.301000
0.352498	2192.831842	9.401000
0.352477	2192.469140	9.501000
0.352481	2192.090147	9.601000
0.352488	2191.722408	9.701000
0.352472	2191.391711	9.801000
0.352463	2191.044225	9.901000
0.352496	2190.630375	10.001000
0.352496	2190.303608	10.101000
0.352520	2189.958745	10.201000
0.352545	2189.572884	10.301000
0.352536	2189.216809	10.401000
0.352475	2188.878813	10.501000
0.352486	2188.516345	10.601000
0.352502	2188.154652	10.701000
0.352497	2187.806715	10.801000
0.352503	2187.507879	10.901000
0.352481	2187.117316	11.001000
0.352453	2186.770295	11.101000
0.352440	2186.425138	11.201000
0.352434	2186.066465	11.301000
0.352439	2185.709874	11.401000
0.352392	2185.373454	11.501000
0.352365	2185.039906	11.601000
0.352363	2184.684674	11.701000
0.352376	2184.345151	11.801000
0.352406	2183.993110	11.901000
0.352392	2183.703967	12.001000
0.352361	2183.305208	12.101000
0.352362	2182.950765	12.201000
0.352336	2182.610672	12.301000
0.352364	2182.253944	12.401000
0.352387	2181.901843	12.501000
0.352416	2181.558912	12.601000
0.352443	2181.212082	12.701000
0.352481	2180.854064	12.801000
0.352520	2180.486613	12.901000
0.352531	2180.146997	13.001000
0.352524	2179.852322	13.101000
0.352525	2179.430716	13.201000
0.352527	2179.070955	13.301000
0.352577	2178.687251	13.401000
0.352583	2178.343845	13.501000
0.352591	2177.983363	13.601000
0.352574	2177.633024	13.701000
0.352567	2177.271449	13.801000
0.352557	2176.939265	13.901000
0.352530	2176.593417	14.001000
0.352526	2176.489729	14.101000
0.352525	2176.584064	14.201000
0.352502	2175.962517	14.301000
0.352517	2175.217913	14.401000
0.352540	2174.816609	14.501000
0.352528	2174.464528	14.601000
0.352527	2174.109449	14.701000
0.352500	2173.782691	14.801000
0.352457	2173.418628	14.901000
0.352472	2173.057068	15.001000
0.352482	2172.702862	15.101000
0.352454	2172.391311	15.201000
0.352449	2172.012639	15.301000
0.352436	2171.656849	15.401000
0.352444	2171.290253	15.501000
0.352428	2170.959400	15.601000
0.352407	2170.613133	15.701000
0.352419	2170.266940	15.801000
0.352449	2169.910237	15.901000
0.352485	2169.562935	16.001000
0.352514	2169.212332	16.101000
0.352502	2168.837523	16.201000
0.352515	2168.534631	16.301000
0.352511	2168.140054	16.401000
0.352520	2167.783888	16.501000
0.352521	2167.433811	16.601000
0.352546	2167.067881	16.701000
0.352571	2166.711933	16.801000
0.352609	2166.348985	16.901000
0.352610	2165.984775	17.001000
0.352618	2165.627756	17.101000
0.352604	2165.278760	17.201000
0.352596	2164.938036	17.301000
0.352592	2164.609167	17.401000
0.352607	2164.222311	17.501000
0.352594	2163.884390	17.601000
0.352613	2163.532370	17.701000
0.352604	2163.171671	17.801000
0.352589	2162.813791	17.901000
0.352541	2162.497905	18.001000
0.352545	2162.147500	18.101000
0.352538	2161.796121	18.201000
0.352479	2161.479755	18.301000
0.352468	2161.191924	18.401000
0.352499	2160.810153	18.501000
0.352508	2160.453106	18.601000
0.352507	2160.112668	18.701000
0.352510	2159.760214	18.801000
0.352492	2159.436307	18.901000
0.352441	2159.118087	19.001000
0.352429	2158.781407	19.101000
0.352418	2158.430781	19.201000
0.352462	2158.077448	19.301000
0.352471	2158.415086	19.401000
0.352477	2157.915059	19.501000
0.352499	2157.125213	19.601000
0.352537	2156.677371	19.701000
0.352545	2156.347425	19.801000
0.352560	2155.987948	19.901000
0.352538	2155.637460	20.001000
0.352564	2155.291080	20.101000
0.352594	2154.909221	20.201000
0.352630	2154.574327	20.301000
0.352662	2154.202823	20.401000
0.352667	2153.848762	20.501000
0.352638	2153.568578	20.601000
0.352613	2153.173535	20.701000
0.352620	2152.836970	20.801000
0.352630	2152.479846	20.901000
0.352622	2152.141276	21.001000
0.352603	2151.810529	21.101000
0.352563	2151.474923	21.201000
0.352586	2151.126920	21.301000
0.352569	2150.809306	21.401000
0.352569	2150.456522	21.501000
0.352541	2150.131710	21.601000
0.352521	2149.818706	21.701000
0.352527	2149.421105	21.801000
0.352542	2149.069742	21.901000
0.352530	2148.733766	22.001000
0.352543	2148.401634	22.101000
0.352553	2148.031638	22.201000
0.352538	2147.682342	22.301000
0.352533	2147.363473	22.401000
0.352536	2147.024329	22.501000
0.352485	2146.699275	22.601000
0.352516	2146.417298	22.701000
0.352548	2146.029279	22.801000
0.352595	2145.644592	22.901000
0.352612	2145.304035	23.001000
0.352607	2144.967357	23.101000
0.352621	2144.609097	23.201000
0.352636	2144.257711	23.301000
0.352647	2143.915826	23.401000
0.352624	2143.575847	23.501000
0.352673	2143.218952	23.601000
0.352685	2142.881277	23.701000
0.352682	2142.581438	23.801000
0.352675	2142.187196	23.901000
0.352657	2141.834597	24.001000
0.352691	2141.487470	24.101000
0.352642	2141.156822	24.201000
0.352639	2140.808436	24.301000
0.352615	2140.481751	24.401000
0.352624	2140.131659	24.501000
0.352623	2140.298304	24.601000
0.352622	2139.965492	24.701000
0.352619	2139.293962	24.801000
0.352639	2138.809924	24.901000
0.352616	2138.427083	25.001000
0.352603	2138.092121	25.101000
0.352547	2137.761524	25.201000
0.352515	2137.455295	25.301000
0.352566	2137.082128	25.401000
0.352536	2136.745642	25.501000
0.352531	2136.405421	25.601000
0.352521	2136.068484	25.701000
0.352502	2135.740409	25.801000
0.352486	2135.424962	25.901000
0.352509	2135.105588	26.001000
0.352489	2134.732717	26.101000
0.352525	2134.382131	26.201000
0.352563	2134.061381	26.301000
0.352585	2133.701717	26.401000
0.352618	2133.361903	26.501000
0.352637	2132.989784	26.601000
0.352663	2132.635374	26.701000
0.352648	2132.309942	26.801000
0.352611	2131.982449	26.901000
0.352608	2131.679033	27.001000
0.352641	2131.338335	27.101000
0.352685	2130.945743	27.201000
0.352700	2130.621857	27.301000
0.352676	2130.293761	27.401000
0.352671	2129.960855	27.501000
0.352651	2129.616335	27.601000
0.352663	2129.264343	27.701000
0.352649	2128.923765	27.801000
0.352634	2128.590979	27.901000
0.352655	2128.435467	28.001000
0.352645	2128.034250	28.101000
0.352642	2127.570027	28.201000
0.352605	2127.234664	28.301000
0.352618	2126.890238	28.401000
0.352592	2126.573665	28.501000
0.352581	2126.231384	28.601000
0.352541	2125.897974	28.701000
0.352548	2125.566068	28.801000
0.352544	2125.230495	28.901000
0.352553	2124.889739	29.001000
0.352557	2124.558877	29.101000
0.352572	2124.264166	29.201000
0.352544	2123.879546	29.301000
0.352523	2123.568320	29.401000
0.352535	2123.216315	29.501000
0.352534	2122.874884	29.601000
0.352578	2122.527529	29.701000
0.352607	2122.523073	29.801000
0.352612	2122.454516	29.901000
0.352648	2121.789460	30.001000
0.352658	2121.173663	30.101000
0.352686	2120.833005	30.201000
0.352694	2120.516450	30.301000
0.352686	2120.123050	30.401000
0.352700	2119.763344	30.501000
0.352721	2119.417266	30.601000
0.352705	2119.077475	30.701000
0.352701	2118.745062	30.801000
0.352693	2118.391874	30.901000
0.352665	2118.061495	31.001000
0.352655	2117.761742	31.101000
0.352637	2117.414234	31.201000
0.352613	2117.113881	31.301000
0.352583	2116.787312	31.401000
0.352599	2116.418296	31.501000
0.352606	2116.084358	31.601000
0.352587	2115.746808	31.701000
0.352599	2115.420389	31.801000
0.352602	2115.080208	31.901000
0.352598	2114.750151	32.001000
0.352543	2114.465778	32.101000
0.352549	2114.093542	32.201000
0.352556	2113.744203	32.302000
0.352591	2113.447497	32.401000
0.352595	2113.066084	32.501000
0.352607	2112.718524	32.601000
0.352581	2112.375662	32.701000
0.352586	2112.039576	32.801000
0.352591	2111.709080	32.901000
0.352574	2111.388849	33.001000
0.352567	2111.065363	33.101000
0.352581	2110.725039	33.201000
0.352627	2110.383136	33.301000
0.352665	2110.058637	33.401000
0.352664	2109.764520	33.501000
0.352658	2109.374712	33.601000
0.352653	2109.038791	33.701000
0.352659	2108.712036	33.801000
0.352627	2108.386388	33.901000
0.352638	2108.045817	34.001000
0.352639	2107.745925	34.101000
0.352647	2107.377667	34.201000
0.352628	2107.306675	34.301000
0.352612	2107.561706	34.401000
0.352643	2106.470196	34.501000
0.352603	2106.088235	34.601000
0.352569	2105.738443	34.701000
0.352579	2105.402895	34.801000
0.352554	2105.078288	34.901000
0.352560	2105.000452	35.001000
0.352573	2104.994749	35.101000
0.352563	2104.501397	35.201000
0.352537	2103.738255	35.301000
0.352518	2103.411252	35.401000
0.352545	2103.050876	35.501000
0.352541	2102.768010	35.601000
0.352513	2102.390845	35.701000
0.352499	2102.053712	35.801000
0.352562	2101.703611	35.901000
0.352575	2101.367884	36.001000
0.352595	2101.068023	36.101000
0.352625	2100.698983	36.201000
0.352614	2100.392988	36.301000
0.352613	2100.039264	36.401000
0.352588	2099.718450	36.501000
0.352605	2099.391709	36.601000
0.352614	2099.118552	36.701000
0.352631	2098.724906	36.801000
0.352665	2098.386891	36.901000
0.352663	2098.065277	37.001000
0.352682	2097.735801	37.101000
0.352679	2097.378898	37.201000
0.352671	2097.052884	37.301000
0.352647	2096.731935	37.401000
0.352638	2096.402867	37.501000
0.352668	2096.061721	37.601000
0.352682	2095.733285	37.701000
0.352652	2095.454492	37.801000
0.352630	2095.073307	37.901000
0.352605	2094.748354	38.001000
0.352597	2094.438864	38.101000
0.352604	2094.092608	38.201000
0.352582	2093.775115	38.301000
0.352548	2093.455288	38.401000
0.352527	2093.130049	38.501000
0.352529	2092.808317	38.601000
0.352542	2092.482173	38.701000
0.352550	2092.173846	38.801000
0.352570	2091.859381	38.901000
0.352567	2091.480956	39.001000
0.352538	2091.187662	39.101000
0.352571	2090.829825	39.201000
0.352571	2090.485516	39.301000
0.352613	2090.142545	39.401000
0.352620	2089.801109	39.501000
0.352614	2089.486729	39.601000
0.352661	2089.132629	39.701000
0.352672	2088.797061	39.801000
0.352689	2088.507632	39.901000
0.352662	2088.166082	40.001000
0.352649	2087.847045	40.101000
0.352676	2087.505323	40.201000
0.352693	2087.867038	40.301000
0.352688	2087.313318	40.401000
0.352766	2086.575844	40.501000
0.352779	2086.172154	40.601000
0.352792	2085.828621	40.701000
0.352781	2085.489183	40.801000
0.352779	2085.177249	40.901000
0.352753	2084.927404	41.001000
0.352711	2084.553059	41.101000
0.352684	2084.218890	41.201000
0.352673	2083.910911	41.301000
0.352708	2083.570344	41.401000
0.352725	2083.237897	41.501000
0.352683	2082.941209	41.601000
0.352675	2082.609640	41.701000
0.352646	2082.303402	41.801000
0.352670	2081.979427	41.901000
0.352661	2081.663413	42.001000
0.352697	2081.378770	42.101000
0.352691	2080.993795	42.201000
0.352708	2080.689546	42.301000
0.352703	2080.340951	42.401000
0.352713	2080.008586	42.501000
0.352719	2079.667035	42.601000
0.352714	2079.337121	42.701000
0.352736	2079.003656	42.801000
0.352720	2078.677426	42.901000
0.352714	2078.342126	43.001000
0.352752	2078.050057	43.101000
0.352782	2077.702207	43.201000
0.352772	2077.349201	43.301000
0.352809	2077.017390	43.401000
0.352806	2076.692261	43.501000
0.352799	2076.365755	43.601000
0.352770	2076.069532	43.702000
0.352775	2075.736941	43.801000
0.352750	2075.419808	43.901000
0.352788	2075.084168	44.001000
0.352793	2074.782972	44.101000
0.352828	2074.498641	44.201000
0.352794	2074.117274	44.301000
0.352790	2073.788644	44.401000
0.352788	2073.452198	44.501000
0.352793	2073.136318	44.601000
0.352770	2072.815537	44.701000
0.352742	2072.495817	44.801000
0.352740	2072.166670	44.901000
0.352748	2071.854622	45.001000
0.352751	2071.522143	45.101000
0.352724	2071.204612	45.201000
0.352693	2070.929923	45.301000
0.352682	2070.555908	45.401000
0.352690	2070.670689	45.501000
0.352686	2070.492738	45.601000
0.352690	2069.854904	45.701000
0.352673	2069.263956	45.801000
0.352658	2068.946688	45.901000
0.352665	2068.631281	46.001000
0.352717	2068.286439	46.101000
0.352748	2067.949480	46.201000
0.352733	2067.648132	46.301000
0.352774	2067.335827	46.401000
0.352763	2066.962737	46.501000
0.352778	2066.631051	46.601000
0.352795	2066.288865	46.701000
0.352821	2065.960503	46.801000
0.352807	2065.651156	46.901000
0.352818	2065.312990	47.001000
0.352814	2064.985547	47.101000
0.352829	2064.663026	47.201000
0.352810	2064.363070	47.301000
0.352756	2064.112454	47.401000
0.352737	2063.783374	47.501000
0.352741	2063.428282	47.601000
0.352731	2063.113352	47.701000
0.352778	2062.792311	47.801000
0.352783	2062.483677	47.901000
0.352786	2062.157203	48.001000
0.352787	2061.843654	48.101000
0.352770	2061.520801	48.201000
0.352767	2061.203874	48.301000
0.352721	2060.909782	48.401000
0.352696	2060.645511	48.501000
0.352692	2060.265405	48.601000
0.352714	2059.915908	48.701000
0.352699	2059.605923	48.801000
0.352692	2059.290509	48.901000
0.352658	2058.957813	49.001000
0.352653	2058.639736	49.101000
0.352666	2058.319147	49.201000
0.352679	2057.969695	49.301000
0.352719	2057.637137	49.401000
0.352716	2057.337033	49.501000
0.352757	2057.038303	49.601000
0.352782	2056.676855	49.701000
0.352812	2056.332782	49.801000
0.352822	2055.994941	49.901000
0.352844	2055.658919	50.001000
0.352837	2055.352716	50.101000
0.352830	2055.009066	50.201000
0.352811	2054.700369	50.301000
0.352851	2054.364973	50.401000
0.352856	2054.033644	50.501000
0.352842	2053.772176	50.601000
0.352823	2053.494459	50.701000
0.352819	2053.763883	50.801000
0.352785	2053.257696	50.901000
0.352771	2052.542883	51.001000
0.352740	2052.165348	51.101000
0.352701	2051.851479	51.201000
0.352696	2051.547338	51.301000
0.352717	2051.232195	51.401000
0.352737	2050.910075	51.501000
0.352728	2050.589209	51.601000
0.352693	2050.342347	51.701000
0.352663	2049.966670	51.801000
0.352663	2049.642795	51.901000
0.352669	2049.304140	52.001000
0.352658	2049.001384	52.101000
0.352679	2048.647402	52.201000
0.352684	2048.340828	52.301000
0.352732	2048.006377	52.401000
0.352736	2047.687211	52.501000
0.352786	2047.343663	52.601000
0.352776	2047.045776	52.701000
0.352784	2046.747419	52.801000
0.352778	2046.375870	52.901000
0.352781	2046.057135	53.001000
0.352805	2045.717413	53.101000
0.352814	2045.400021	53.201000
0.352803	2045.088320	53.301000
0.352777	2044.779507	53.401000
0.352834	2044.433518	53.501000
0.352819	2044.120109	53.601000
0.352812	2043.804265	53.701000
0.352801	2043.537574	53.801000
0.352801	2043.171313	53.901000
0.352809	2042.824500	54.001000
0.352799	2042.531193	54.101000
0.352812	2042.195608	54.201000
0.352822	2041.872760	54.301000
0.352801	2041.557113	54.401000
0.352799	2041.241929	54.501000
0.352766	2040.936000	54.601000
0.352731	2040.647255	54.701000
0.352695	2040.361027	54.801000
0.352665	2040.118885	54.901000
0.352639	2039.757836	55.001000
0.352659	2039.434906	55.101000
0.352665	2039.135740	55.201000
0.352700	2038.818983	55.301000
0.352705	2038.496365	55.401000
0.352698	2038.179093	55.501000
0.352712	2037.860027	55.601000
0.352709	2037.550697	55.701000
0.352698	2037.233656	55.801000
0.352720	2036.912525	55.901000
0.352734	2037.209426	56.001000
0.352748	2036.793047	56.101000
0.352795	2036.075185	56.201000
0.352792	2035.581543	56.301000
0.352789	2035.265909	56.401000
0.352792	2034.935838	56.501000
0.352789	2034.626610	56.601000
0.352793	2034.297570	56.701000
0.352790	2033.965798	56.801000
0.352803	2033.647852	56.901000
0.352802	2033.376512	57.001000
0.352845	2033.053355	57.101000
0.352850	2032.705348	57.201000
0.352856	2032.377032	57.301000
0.352835	2032.072943	57.401000
0.352844	2031.752778	57.501000
0.352816	2031.460165	57.601000
0.352822	2031.114084	57.701000
0.352810	2030.811195	57.801000
0.352793	2030.487211	57.901000
0.352786	2030.186216	58.001000
0.352747	2029.958616	58.101000
0.352747	2029.563860	58.201000
0.352719	2029.241547	58.301000
0.352706	2028.956870	58.401000
0.352678	2028.652285	58.501000
0.352649	2028.339314	58.601000
0.352678	2028.005461	58.701000
0.352685	2027.694851	58.801000
0.352730	2027.382520	58.901000
0.352741	2027.088553	59.001000
0.352767	2026.749393	59.101000
0.352717	2026.475902	59.201000
0.352745	2026.103635	59.301000
0.352764	2025.798302	59.401000
0.352754	2025.458786	59.501000
0.352732	2025.151009	59.601000
0.352740	2024.835821	59.701000
0.352784	2024.509272	59.801000
0.352818	2024.182633	59.901000
0.352844	2023.852852	60.001000
0.352854	2023.553036	60.101000
0.352809	2023.279843	60.201000
0.352819	2022.950630	60.301000
0.352827	2022.617990	60.401000
0.352863	2022.290394	60.501000
0.352839	2021.987309	60.601000
0.352842	2021.665011	60.701000
0.352828	2021.368716	60.801000
0.352840	2021.045135	60.901000
0.352828	2020.718687	61.001000
0.352796	2020.421724	61.101000
0.352782	2020.310111	61.201000
0.352753	2020.565977	61.301000
0.352748	2019.942774	61.401000
0.352693	2019.229002	61.501000
0.352679	2018.911484	61.601000
0.352690	2018.601864	61.701000
0.352710	2018.301943	61.801000
0.352705	2017.984798	61.901000
0.352718	2017.661860	62.001000
0.352693	2017.388142	62.101000
0.352679	2017.043525	62.201000
0.352645	2016.774069	62.301000
0.352645	2016.509154	62.401000
0.352643	2016.145332	62.501000
0.352673	2015.828751	62.601000
0.352717	2015.520668	62.701000
0.352767	2015.207555	62.801000
0.352784	2014.893963	62.901000
0.352825	2014.554028	63.001000
0.352856	2014.224412	63.101000
0.352844	2013.934232	63.201000
0.352857	2013.588782	63.301000
0.352852	2013.305873	63.401000
0.352841	2012.968736	63.501000
0.352870	2012.630008	63.601000
0.352896	2012.307227	63.701000
0.352875	2012.002880	63.801000
0.352846	2011.704256	63.901000
0.352845	2011.384950	64.001000
0.352816	2011.110807	64.101000
0.352806	2010.796889	64.201000
0.352793	2010.486818	64.301000
0.352763	2010.190345	64.401000
0.352760	2009.928047	64.501000
0.352765	2009.566524	64.601000
0.352786	2009.251296	64.701000
0.352797	2008.918034	64.801000
0.352778	2008.609327	64.901000
0.352739	2008.306797	65.001000
0.352769	2007.979911	65.101000
0.352771	2007.667717	65.201000
0.352774	2007.342257	65.301000
0.352756	2007.032718	65.401000
0.352746	2006.754348	65.501000
0.352753	2006.441471	65.601000
0.352795	2006.065213	65.701000
0.352798	2005.738758	65.801000
0.352774	2005.436924	65.901000
0.352784	2005.144499	66.001000
0.352768	2004.863197	66.101000
0.352798	2004.513870	66.201000
0.352799	2004.192006	66.301000
0.352827	2003.878990	66.401000
0.352818	2004.189661	66.501000
0.352880	2003.780190	66.601000
0.352921	2003.075510	66.701000
0.352920	2002.602366	66.801000
0.352908	2002.295511	66.901000
0.352897	2001.991765	67.001000
0.352872	2001.679233	67.101000
0.352889	2001.363599	67.201000
0.352856	2001.060517	67.301000
0.352875	2000.755309	67.401000
0.352875	2000.439114	67.501000
0.352852	2000.155123	67.601000
0.352868	1999.891465	67.701000
0.352825	1999.565252	67.801000
0.352823	1999.235442	67.901000
0.352805	1998.930602	68.001000
0.352806	1998.631339	68.101000
0.352796	1998.287823	68.201000
0.352786	1997.986251	68.301000
0.352812	1997.667228	68.401000
0.352803	1997.382114	68.501000
0.352805	1997.055469	68.601000
0.352797	1996.747191	68.701000
0.352821	1996.451541	68.801000
0.352822	1996.100099	68.901000
0.352813	1995.802856	69.001000
0.352796	1995.499119	69.101000
0.352815	1995.182231	69.201000
0.352833	1994.864711	69.301000
0.352865	1994.544733	69.401000
0.352876	1994.239556	69.501000
0.352875	1993.928025	69.601000
0.352858	1993.620375	69.701000
0.352858	1993.352972	69.801000
0.352867	1993.026664	69.901000
0.352857	1992.692172	70.001000
0.352860	1992.395012	70.101000
0.352872	1992.080457	70.201000
0.352901	1991.778088	70.301000
0.352941	1991.465400	70.401000
0.352961	1991.146767	70.501000
0.352952	1990.843446	70.601000
0.352922	1990.548150	70.701000
0.352895	1990.253723	70.801000
0.352912	1989.982893	70.901000
0.352897	1989.625599	71.001000
0.352900	1989.301636	71.101000
0.352920	1988.995907	71.201000
0.352880	1988.701515	71.301000
0.352905	1988.390323	71.401000
0.352911	1988.090108	71.501000
0.352884	1987.793667	71.601000
0.352867	1987.962467	71.701000
0.352863	1987.796799	71.801000
0.352833	1987.179845	71.901000
0.352823	1986.654901	72.001000
0.352856	1986.318073	72.101000
0.352863	1985.989563	72.201000
0.352846	1985.676446	72.301000
0.352877	1985.358084	72.401000
0.352870	1985.030223	72.501000
0.352878	1984.720201	72.601000
0.352926	1984.397847	72.701000
0.352931	1984.080528	72.801000
0.352934	1983.774828	72.901000
0.352932	1983.484305	73.001000
0.352956	1983.165617	73.101000
0.352981	1982.830489	73.201000
0.352971	1982.528264	73.301000
0.352994	1982.217999	73.401000
0.352993	1981.918537	73.501000
0.352971	1981.636196	73.601000
0.352953	1981.346042	73.701000
0.352928	1981.021839	73.801000
0.352927	1980.726238	73.901000
0.352914	1980.421334	74.001000
0.352906	1980.197548	74.101000
0.352906	1979.841804	74.201000
0.352939	1979.536674	74.301000
0.352905	1979.238476	74.401000
0.352870	1978.944473	74.501000
0.352866	1978.650146	74.601000
0.352879	1978.341357	74.701000
0.352853	1978.039816	74.801000
0.352833	1977.721019	74.901000
0.352839	1977.411267	75.001000
0.352848	1977.107325	75.101000
0.352846	1976.847150	75.201000
0.352853	1976.493071	75.301000
0.352831	1976.193250	75.401000
0.352804	1975.901093	75.501000
0.352818	1975.581688	75.601000
0.352837	1975.266348	75.701000
0.352866	1974.951418	75.801000
0.352862	1974.643720	75.901000
0.352873	1974.341131	76.001000
0.352889	1974.049303	76.101000
0.352919	1973.756783	76.201000
0.352953	1973.445176	76.301000
0.352956	1973.119157	76.401000
0.352945	1972.824012	76.501000
0.352916	1972.523043	76.601000
0.352912	1972.229920	76.701000
0.352910	1971.921220	76.801000
0.352930	1971.953775	76.901000
0.352905	1971.965760	77.001000
0.352899	1971.314606	77.101000
0.352892	1970.721059	77.201000
0.352864	1970.492466	77.301000
0.352811	1970.162875	77.401000
0.352770	1969.895646	77.501000
0.352708	1969.624868	77.601000
0.352703	1969.327135	77.701000
0.352668	1969.029792	77.801000
0.352680	1968.719259	77.901000
0.352672	1968.435666	78.001000
0.352709	1968.154698	78.101000
0.352708	1967.833387	78.201000
0.352720	1967.554541	78.302000
0.352680	1967.307657	78.402000
0.352678	1966.973971	78.501000
0.352687	1966.671258	78.601000
0.352697	1966.358167	78.701000
0.352692	1966.044390	78.801000
0.352720	1965.761954	78.902000
0.352780	1965.433643	79.001000
0.352785	1965.107480	79.101000
0.352784	1964.808232	79.201000
0.352783	1964.497526	79.301000
0.352759	1964.255287	79.401000
0.352687	1963.979482	79.501000
0.352689	1963.661753	79.601000
0.352669	1963.369562	79.701000
0.352668	1963.062706	79.801000
0.352646	1962.766240	79.901000
0.352672	1962.479994	80.001000
0.352698	1962.178756	80.101000
0.352704	1961.857985	80.201000
0.352683	1961.556408	80.301000
0.352674	1961.259413	80.401000
0.352578	1961.083870	80.501000
0.352510	1960.771798	80.601000
0.352456	1960.493341	80.701000
0.352406	1960.222245	80.801000
0.352361	1959.936946	80.901000
0.352350	1959.651278	81.001000
0.352353	1959.339104	81.101000
0.352323	1959.045393	81.201000
0.352323	1958.735486	81.301000
0.352287	1958.441742	81.401000
0.352109	1958.304758	81.501000
0.350496	1959.283219	81.601000
0.349213	1959.919844	81.701000
0.349231	1959.601936	81.801000
0.349231	1959.294090	81.901000
0.349249	1959.003032	82.001000
0.349300	1958.795724	82.101000
0.349315	1959.079448	82.201000
0.349339	1958.544016	82.301000
0.349318	1957.824467	82.401000
0.349298	1957.498147	82.501000
0.349300	1957.234254	82.601000
0.349316	1956.917240	82.701000
0.349342	1956.566574	82.801000
0.349322	1956.278742	82.901000
0.349332	1955.980402	83.001000
0.349359	1955.674910	83.101000
0.349384	1955.363322	83.201000
0.349356	1955.069144	83.301000
0.349342	1954.777658	83.401000
0.349291	1954.496542	83.501000
0.349257	1954.222953	83.601000
0.349231	1953.986211	83.701000
0.349239	1953.623168	83.801000
0.349236	1953.321669	83.901000
0.349229	1953.020172	84.001000
0.349201	1952.724357	84.101000
0.349190	1952.480857	84.201000
0.349178	1952.131847	84.301000
0.349145	1951.840646	84.401000
0.349180	1951.535791	84.501000
0.349143	1951.247759	84.601000
0.349139	1950.947258	84.701000
0.349177	1950.658691	84.801000
0.349164	1950.324749	84.901000
0.349178	1950.016796	85.001000
0.349214	1949.734903	85.101000
0.349267	1949.390338	85.201000
0.349272	1949.080925	85.301000
0.349278	1948.771344	85.401000
0.349270	1948.471771	85.501000
0.349257	1948.181482	85.601000
0.349255	1947.883001	85.701000
0.349295	1947.610450	85.801000
0.349315	1947.287545	85.901000
0.349354	1946.967025	86.001000
0.349384	1946.665508	86.101000
0.349389	1946.351794	86.201000
0.349385	1946.059233	86.301000
0.349353	1945.779076	86.401000
0.349321	1945.502850	86.501000
0.349300	1945.229306	86.601000
0.349265	1944.944650	86.701000
0.349243	1944.639948	86.801000
0.349251	1944.394152	86.901000
0.349256	1944.041963	87.001000
0.349231	1943.753766	87.101000
0.349209	1943.445622	87.201000
0.349193	1943.177885	87.301000
0.349208	1943.609716	87.401000
0.349184	1943.008346	87.501000
0.349131	1942.364852	87.601000
0.349098	1942.001048	87.701000
0.349110	1941.694423	87.801000
0.349126	1941.409498	87.901000
0.349163	1941.131384	88.001000
0.349203	1940.776733	88.101000
0.349208	1940.476378	88.201000
0.349197	1940.172634	88.301000
0.349183	1939.903427	88.401000
0.349208	1939.586997	88.501000
0.349250	1939.256633	88.601000
0.349246	1938.941038	88.701000
0.349257	1938.628951	88.801000
0.349274	1938.320408	88.901000
0.349276	1938.079860	89.001000
0.349296	1937.719551	89.101000
0.349288	1937.416499	89.201000
0.349273	1937.110260	89.301000
0.349262	1936.850422	89.401000
0.349277	1936.524886	89.501000
0.349244	1936.247862	89.601000
0.349230	1935.948496	89.701000
0.349205	1935.659170	89.801000
0.349233	1935.362029	89.901000
0.349240	1935.074620	90.001000
0.349263	1934.823260	90.101000
0.349220	1934.473757	90.201000
0.349177	1934.190684	90.301000
0.349144	1933.927005	90.401000
0.349121	1933.641043	90.501000
0.349089	1933.357938	90.601000
0.349094	1933.050072	90.701000
0.349098	1932.749216	90.801000
0.349110	1932.451961	90.901000
0.349115	1932.158753	91.001000
0.349142	1931.893544	91.101000
0.349153	1931.559429	91.201000
0.349150	1931.234784	91.301000
0.349121	1930.963917	91.401000
0.349137	1930.662892	91.501000
0.349165	1930.356731	91.601000
0.349212	1930.022485	91.701000
0.349235	1929.720623	91.801000
0.349235	1929.433544	91.901000
0.349245	1929.130294	92.001000
0.349252	1928.830684	92.101000
0.349284	1928.576626	92.201000
0.349278	1928.215285	92.301000
0.349284	1927.927163	92.401000
0.349252	1927.650316	92.501000
0.349248	1927.854012	92.601000
0.349243	1927.640451	92.701000
0.349215	1927.022685	92.801000
0.349209	1926.481577	92.901000
0.349195	1926.204126	93.001000
0.349213	1925.910982	93.101000
0.349225	1925.652953	93.201000
0.349231	1925.345812	93.301000
0.349197	1925.055104	93.401000
0.349150	1924.769561	93.501000
0.349129	1924.478442	93.601000
0.349144	1924.181226	93.701000
0.349161	1923.873827	93.801000
0.349155	1923.594724	93.901000
0.349169	1923.314219	94.001000
0.349170	1923.018610	94.101000
0.349175	1922.713126	94.201000
0.349197	1922.466497	94.301000
0.349191	1922.134710	94.401000
0.349186	1922.482774	94.501000
0.349177	1922.030401	94.601000
0.349131	1921.292818	94.701000
0.349166	1920.977861	94.801000
0.349198	1920.666265	94.901000
0.349228	1920.374445	95.001000
0.349240	1920.081968	95.102000
0.349241	1919.763026	95.201000
0.349244	1919.498298	95.301000
0.349241	1919.224723	95.401000
0.349243	1918.901184	95.501000
0.349191	1918.661790	95.602000
0.349193	1918.347778	95.701000
0.349172	1918.052433	95.801000
0.349186	1917.756551	95.901000
0.349203	1917.464816	96.001000
