-7.000000E+01,-3.422664E-06,+9.910000E+37,+3.131420E+03,+2.150800E+04,
-6.900000E+01,-3.173812E-06,+9.910000E+37,+3.132482E+03,+2.150800E+04,
-6.800000E+01,-3.016737E-06,+9.910000E+37,+3.133566E+03,+2.150800E+04,
-6.700000E+01,-2.896724E-06,+9.910000E+37,+3.134629E+03,+2.150800E+04,
-6.600000E+01,-2.796193E-06,+9.910000E+37,+3.135687E+03,+2.150800E+04,
-6.500000E+01,-2.707074E-06,+9.910000E+37,+3.136746E+03,+2.150800E+04,
-6.400000E+01,-2.626155E-06,+9.910000E+37,+3.137805E+03,+2.150800E+04,
-6.300000E+01,-2.550020E-06,+9.910000E+37,+3.138885E+03,+2.150800E+04,
-6.200000E+01,-2.477697E-06,+9.910000E+37,+3.139942E+03,+2.150800E+04,
-6.100000E+01,-2.407304E-06,+9.910000E+37,+3.141005E+03,+2.150800E+04,
-6.000000E+01,-2.339774E-06,+9.910000E+37,+3.142067E+03,+2.150800E+04,
-5.900000E+01,-2.273269E-06,+9.910000E+37,+3.143125E+03,+2.150800E+04,
-5.800000E+01,-2.208580E-06,+9.910000E+37,+3.144184E+03,+2.150800E+04,
-5.700000E+01,-2.143417E-06,+9.910000E+37,+3.145243E+03,+2.150800E+04,
-5.600000E+01,-2.079130E-06,+9.910000E+37,+3.146306E+03,+2.150800E+04,
-5.500000E+01,-2.015223E-06,+9.910000E+37,+3.147367E+03,+2.150800E+04,
-5.400000E+01,-1.950742E-06,+9.910000E+37,+3.148427E+03,+2.150800E+04,
-5.300000E+01,-1.886224E-06,+9.910000E+37,+3.149485E+03,+2.150800E+04,
-5.200000E+01,-1.821410E-06,+9.910000E+37,+3.150563E+03,+2.150800E+04,
-5.100000E+01,-1.755926E-06,+9.910000E+37,+3.151623E+03,+2.150800E+04,
-5.000000E+01,-1.689932E-06,+9.910000E+37,+3.152680E+03,+2.150800E+04,
-4.900000E+01,-1.623584E-06,+9.910000E+37,+3.153759E+03,+2.150800E+04,
-4.800000E+01,-1.557939E-06,+9.910000E+37,+3.154816E+03,+2.150800E+04,
-4.700000E+01,-1.490525E-06,+9.910000E+37,+3.155875E+03,+2.150800E+04,
-4.600000E+01,-1.421956E-06,+9.910000E+37,+3.156934E+03,+2.150800E+04,
-4.500000E+01,-1.352657E-06,+9.910000E+37,+3.157992E+03,+2.150800E+04,
-4.400000E+01,-1.282452E-06,+9.910000E+37,+3.159052E+03,+2.150800E+04,
-4.300000E+01,-1.211552E-06,+9.910000E+37,+3.160138E+03,+2.150800E+04,
-4.200000E+01,-1.139099E-06,+9.910000E+37,+3.161200E+03,+2.150800E+04,
-4.100000E+01,-1.065398E-06,+9.910000E+37,+3.162261E+03,+2.150800E+04,
-4.000000E+01,-9.907272E-07,+9.910000E+37,+3.163319E+03,+2.150800E+04,
-3.900000E+01,-9.147682E-07,+9.910000E+37,+3.164398E+03,+2.150800E+04,
-3.800000E+01,-8.368298E-07,+9.910000E+37,+3.165460E+03,+2.150800E+04,
-3.700000E+01,-7.573302E-07,+9.910000E+37,+3.166552E+03,+2.150800E+04,
-3.600000E+01,-6.761399E-07,+9.910000E+37,+3.167630E+03,+2.150800E+04,
-3.500000E+01,-5.928373E-07,+9.910000E+37,+3.168688E+03,+2.150800E+04,
-3.400000E+01,-5.066012E-07,+9.910000E+37,+3.169746E+03,+2.150800E+04,
-3.300000E+01,-4.171167E-07,+9.910000E+37,+3.170827E+03,+2.150800E+04,
-3.200000E+01,-3.250925E-07,+9.910000E+37,+3.171885E+03,+2.150800E+04,
-3.100000E+01,-2.291642E-07,+9.910000E+37,+3.172942E+03,+2.150800E+04,
-3.000000E+01,-1.287662E-07,+9.910000E+37,+3.174001E+03,+2.150800E+04,
-2.900000E+01,-2.362593E-08,+9.910000E+37,+3.175061E+03,+2.150800E+04,
-2.800000E+01,+8.801047E-08,+9.910000E+37,+3.176143E+03,+2.150800E+04,
-2.700000E+01,+2.080376E-07,+9.910000E+37,+3.177199E+03,+2.150800E+04,
-2.600000E+01,+3.361497E-07,+9.910000E+37,+3.178259E+03,+2.150800E+04,
-2.500000E+01,+4.704126E-07,+9.910000E+37,+3.179343E+03,+2.150800E+04,
-2.400000E+01,+6.055541E-07,+9.910000E+37,+3.180404E+03,+2.150800E+04,
-2.300000E+01,+7.360953E-07,+9.910000E+37,+3.181483E+03,+2.150800E+04,
-2.200000E+01,+8.686206E-07,+9.910000E+37,+3.182545E+03,+2.150800E+04,
-2.100000E+01,+1.012479E-06,+9.910000E+37,+3.183606E+03,+2.150800E+04,
-2.000000E+01,+1.173834E-06,+9.910000E+37,+3.184691E+03,+2.150800E+04,
-1.900000E+01,+1.356222E-06,+9.910000E+37,+3.185750E+03,+2.150800E+04,
-1.800000E+01,+1.562700E-06,+9.910000E+37,+3.186809E+03,+2.150800E+04,
-1.700000E+01,+1.795113E-06,+9.910000E+37,+3.187887E+03,+2.150800E+04,
-1.600000E+01,+2.060503E-06,+9.910000E+37,+3.188948E+03,+2.150800E+04,
-1.500000E+01,+2.360480E-06,+9.910000E+37,+3.190034E+03,+2.150800E+04,
-1.400000E+01,+2.702674E-06,+9.910000E+37,+3.191096E+03,+2.150800E+04,
-1.300000E+01,+3.089622E-06,+9.910000E+37,+3.192153E+03,+2.150800E+04,
-1.200000E+01,+3.526797E-06,+9.91000
































current through plasma (-mA) <tab> voltage across plasma (-V) <tab> time (sec)
0.581605	2462.253459	0.001000
0.581310	2461.714772	0.101000
0.580458	2461.963303	0.201000
0.579727	2462.063305	0.301000
0.579543	2461.760745	0.401000
0.579367	2461.458335	0.501000
0.579178	2461.162093	0.601000
0.579000	2460.856862	0.702000
0.578819	2460.560476	0.801000
0.578659	2460.298233	0.901000
0.578518	2459.984149	1.001000
0.578397	2459.570486	1.101000
0.578245	2459.244838	1.201000
0.578129	2458.966409	1.301000
0.578020	2458.932307	1.401000
0.577925	2458.848156	1.502000
0.577842	2458.200968	1.601000
0.577756	2457.499076	1.701000
0.577696	2457.101461	1.801000
0.577598	2456.728316	1.901000
0.577491	2456.367212	2.001000
0.577436	2455.991323	2.101000
0.577364	2455.611916	2.201000
0.577269	2455.265984	2.301000
0.577140	2454.943123	2.401000
0.577066	2454.538352	2.501000
0.577019	2454.142550	2.601000
0.576972	2453.757073	2.701000
0.576949	2453.386753	2.801000
0.576918	2453.023501	2.901000
0.576856	2452.606671	3.001000
0.576784	2452.239633	3.101000
0.576749	2451.859855	3.201000
0.576650	2451.484531	3.301000
0.576603	2451.131980	3.401000
0.576577	2450.727326	3.501000
0.576533	2450.312468	3.601000
0.576478	2449.924730	3.701000
0.576432	2449.534849	3.801000
0.576361	2449.158060	3.901000
0.576293	2448.765938	4.001000
0.576256	2448.392055	4.101000
0.576224	2447.996461	4.202000
0.576184	2447.602936	4.301000
0.576093	2447.226547	4.401000
0.576065	2446.858486	4.501000
0.576014	2446.416174	4.601000
0.575940	2446.026902	4.701000
0.575907	2445.644820	4.801000
0.575887	2445.251961	4.901000
0.575849	2444.846913	5.001000
0.575832	2444.455368	5.101000
0.575782	2444.047647	5.201000
0.575776	2443.638547	5.301000
0.575692	2443.265870	5.401000
0.575636	2442.911968	5.501000
0.575614	2442.564037	5.601000
0.575657	2442.107895	5.701000
0.575635	2441.701187	5.801000
0.575607	2441.306288	5.901000
0.575618	2440.880752	6.001000
0.575564	2440.497935	6.101000
0.575542	2440.084505	6.201000
0.575551	2439.661800	6.301000
0.575576	2439.239310	6.401000
0.575519	2438.833488	6.501000
0.575504	2438.647985	6.601000
0.575470	2438.753821	6.701000
0.575479	2437.987209	6.801000
0.575430	2437.205518	6.901000
0.575406	2436.813556	7.001000
0.575455	2436.404017	7.101000
0.575437	2435.988140	7.201000
0.575425	2435.589032	7.301000
0.575433	2435.180347	7.401000
0.575408	2434.758585	7.501000
0.575357	2434.353118	7.601000
0.575315	2434.014369	7.701000
0.575298	2433.533074	7.801000
0.575295	2433.109576	7.901000
0.575246	2432.714048	8.001000
0.575243	2432.318505	8.101000
0.575225	2431.907181	8.201000
0.575169	2431.537577	8.301000
0.575140	2431.170054	8.401000
0.575136	2430.805131	8.501000
0.575119	2430.396600	8.601000
0.575078	2429.973618	8.701000
0.575056	2429.604207	8.801000
0.575090	2429.085436	8.901000
0.575037	2428.691594	9.001000
0.575002	2428.280619	9.101000
0.575029	2427.861675	9.201000
0.575036	2427.443226	9.301000
0.575047	2427.021005	9.401000
0.575054	2426.582758	9.501000
0.575028	2426.164272	9.601000
0.574955	2425.751976	9.701000
0.574976	2425.368472	9.801000
0.574985	2424.936397	9.901000
0.575003	2424.469406	10.001000
0.574941	2424.056143	10.101000
0.574922	2423.653807	10.201000
0.574928	2423.219462	10.301000
0.574881	2422.823433	10.401000
0.574900	2422.409143	10.502000
0.574900	2422.021707	10.601000
0.574876	2421.615944	10.701000
0.574849	2421.218096	10.801000
0.574846	2420.835603	10.901000
0.574842	2420.387744	11.001000
0.574833	2419.976669	11.101000
0.574816	2419.579645	11.201000
0.574764	2419.207067	11.301000
0.574734	2418.799472	11.401000
0.574727	2418.376970	11.501000
0.574688	2417.980580	11.601000
0.574700	2417.555340	11.701000
0.574662	2417.151726	11.801000
0.574652	2417.229979	11.901000
0.574631	2416.952757	12.001000
0.574601	2416.187172	12.101000
0.574546	2415.553215	12.201000
0.574550	2415.128980	12.301000
0.574531	2414.724477	12.401000
0.574497	2414.313110	12.501000
0.574506	2413.902875	12.601000
0.574550	2413.495973	12.701000
0.574560	2413.075408	12.801000
0.574532	2412.656542	12.901000
0.574559	2412.258931	13.001000
0.574585	2411.880044	13.101000
0.574571	2411.403337	13.201000
0.574587	2410.974888	13.301000
0.574567	2410.585327	13.401000
0.574549	2410.178425	13.501000
0.574562	2409.776954	13.601000
0.574599	2409.342447	13.701000
0.574633	2408.918995	13.801000
0.574620	2408.535105	13.901000
0.574608	2408.099462	14.001000
0.574618	2407.752702	14.101000
0.574611	2407.309996	14.201000
0.574584	2406.880113	14.301000
0.574545	2406.472633	14.401000
0.574535	2406.079020	14.501000
0.574516	2405.656654	14.601000
0.574543	2405.234565	14.701000
0.574528	2404.850713	14.801000
0.574519	2404.454247	14.901000
0.574524	2404.032117	15.001000
0.574519	2403.614780	15.101000
0.574493	2403.253531	15.201000
0.574489	2402.785212	15.301000
0.574510	2402.370929	15.401000
0.574479	2401.963919	15.501000
0.574479	2401.559235	15.601000
0.574442	2401.185475	15.701000
0.574413	2400.783158	15.801000
0.574434	2400.368387	15.901000
0.574406	2399.980022	16.001000
0.574385	2399.569648	16.101000
0.574421	2399.168676	16.201000
0.574429	2398.774119	16.301000
0.574423	2398.339782	16.401000
0.574475	2397.915643	16.501000
0.574481	2397.514075	16.601000
0.574492	2397.099158	16.701000
0.574520	2396.681214	16.801000
0.574530	2396.283888	16.901000
0.574532	2395.886415	17.001000
0.574538	2395.739210	17.101000
0.574527	2395.762593	17.201000
0.574566	2395.029303	17.301000
0.574603	2394.300718	17.401000
0.574577	2393.883327	17.501000
0.574595	2393.451119	17.601000
0.574595	2393.053222	17.701000
0.574606	2392.650773	17.801000
0.574579	2392.253260	17.901000
0.574549	2391.864603	18.001000
0.574559	2391.457878	18.101000
0.574546	2391.045029	18.201000
0.574534	2390.631287	18.301000
0.574538	2390.291040	18.401000
0.574539	2389.842803	18.501000
0.574512	2389.459603	18.601000
0.574547	2389.028568	18.701000
0.574546	2388.611294	18.801000
0.574543	2388.209812	18.901000
0.574504	2387.807621	19.001000
0.574489	2387.418470	19.101000
0.574473	2387.014417	19.201000
0.574451	2386.606046	19.301000
0.574414	2386.243175	19.401000
0.574418	2385.844757	19.501000
0.574418	2385.408224	19.601000
0.574408	2384.997261	19.701000
0.574405	2384.593770	19.801000
0.574426	2384.193502	19.901000
0.574436	2383.802919	20.001000
0.574400	2383.439896	20.101000
0.574393	2383.012563	20.201000
0.574423	2382.605042	20.301000
0.574451	2382.181512	20.401000
0.574456	2381.822526	20.501000
0.574455	2381.395530	20.601000
0.574475	2380.977405	20.701000
0.574476	2380.572582	20.801000
0.574512	2380.137523	20.901000
0.574555	2379.703539	21.001000
0.574536	2379.328193	21.101000
0.574518	2378.906147	21.201000
0.574571	2378.479516	21.301000
0.574571	2378.087111	21.401000
0.574545	2377.682115	21.501000
0.574500	2377.346041	21.601000
0.574501	2376.884444	21.701000
0.574487	2376.501347	21.801000
0.574494	2376.091239	21.901000
0.574483	2375.684513	22.001000
0.574483	2375.297146	22.101000
0.574494	2374.899627	22.201000
0.574500	2374.510433	22.301000
0.574473	2374.852492	22.401000
0.574487	2374.196055	22.501000
0.574472	2373.384776	22.601000
0.574456	2372.965937	22.701000
0.574476	2372.526280	22.801000
0.574448	2372.163129	22.901000
0.574448	2371.784141	23.001000
0.574468	2371.393756	23.101000
0.574469	2370.965867	23.201000
0.574452	2370.582267	23.301000
0.574429	2370.186564	23.401000
0.574433	2369.786048	23.501000
0.574463	2369.371689	23.601000
0.574477	2369.008329	23.701000
0.574472	2368.613702	23.801000
0.574447	2368.187273	23.901000
0.574497	2367.762631	24.001000
0.574499	2367.377478	24.101000
0.574508	2366.937910	24.201000
0.574509	2366.543786	24.301000
0.574529	2366.161771	24.401000
0.574604	2365.749913	24.501000
0.574669	2365.320907	24.601000
0.574703	2364.916883	24.701000
0.574705	2364.575979	24.801000
0.574724	2364.110695	24.901000
0.574703	2363.714661	25.001000
0.574714	2363.346195	25.101000
0.574704	2362.927363	25.201000
0.574700	2362.548735	25.301000
0.574677	2362.155030	25.401000
0.574653	2361.758517	25.501000
0.574667	2361.357858	25.601000
0.574660	2360.957385	25.701000
0.574659	2360.580807	25.801000
0.574646	2360.247155	25.901000
0.574599	2359.846337	26.001000
0.574599	2359.462878	26.101000
0.574601	2359.050793	26.201000
0.574582	2358.674256	26.301000
0.574598	2358.275146	26.401000
0.574588	2357.874739	26.501000
0.574587	2357.477292	26.601000
0.574591	2357.080433	26.701000
0.574590	2356.675262	26.801000
0.574596	2356.295084	26.901000
0.574575	2355.891600	27.001000
0.574596	2355.472226	27.101000
0.574578	2355.056119	27.201000
0.574604	2354.662234	27.301000
0.574623	2354.256479	27.401000
0.574609	2353.882523	27.501000
0.574612	2354.154654	27.601000
0.574621	2353.589213	27.701000
0.574621	2352.818530	27.801000
0.574649	2352.296445	27.901000
0.574662	2351.960072	28.001000
0.574677	2351.519241	28.101000
0.574703	2351.115147	28.201000
0.574685	2350.722974	28.301000
0.574711	2350.343226	28.401000
0.574692	2349.947569	28.501000
0.574679	2349.543537	28.601000
0.574670	2349.148543	28.701000
0.574670	2348.744910	28.801000
0.574682	2348.391415	28.901000
0.574681	2348.032803	29.001000
0.574673	2347.702259	29.101000
0.574660	2347.235755	29.201000
0.574647	2346.857406	29.301000
0.574634	2346.461533	29.401000
0.574649	2346.050095	29.501000
0.574652	2345.673731	29.601000
0.574625	2345.284688	29.701000
0.574604	2344.915052	29.801000
0.574589	2344.535541	29.901000
0.574615	2344.115647	30.001000
0.574609	2343.763801	30.101000
0.574576	2343.386217	30.201000
0.574562	2342.966737	30.301000
0.574581	2342.576688	30.401000
0.574574	2342.188840	30.501000
0.574576	2341.784149	30.601000
0.574582	2341.380971	30.701000
0.574585	2340.995570	30.801000
0.574578	2340.588324	30.901000
0.574603	2340.180575	31.001000
0.574623	2339.794721	31.101000
0.574617	2339.442297	31.201000
0.574614	2339.046756	31.301000
0.574633	2338.633234	31.401000
0.574643	2338.234526	31.501000
0.574679	2337.849659	31.601000
0.574673	2337.449907	31.701000
0.574651	2337.059865	31.801000
0.574665	2336.679434	31.901000
0.574655	2336.314615	32.001000
0.574668	2335.924989	32.101000
0.574649	2335.520407	32.201000
0.574650	2335.203139	32.301000
0.574672	2334.744767	32.401000
0.574656	2334.352009	32.501000
0.574674	2333.965487	32.601000
0.574656	2333.586633	32.701000
0.574644	2333.750606	32.801000
0.574633	2333.315816	32.901000
0.574630	2332.602351	33.001000
0.574641	2332.056096	33.101000
0.574641	2331.635082	33.201000
0.574618	2331.261791	33.301000
0.574599	2330.909701	33.401000
0.574599	2330.513228	33.501000
0.574588	2330.131148	33.601000
0.574600	2329.739756	33.701000
0.574573	2329.357676	33.801000
0.574549	2328.989784	33.901000
0.574539	2328.594825	34.001000
0.574568	2328.211390	34.101000
0.574571	2327.814805	34.201000
0.574562	2327.441151	34.301000
0.574532	2327.105833	34.401000
0.574562	2326.684951	34.501000
0.574575	2326.266770	34.601000
0.574588	2325.879384	34.701000
0.574598	2325.862699	34.801000
0.574596	2325.884383	34.901000
0.574602	2324.774988	35.001000
0.574581	2324.426528	35.101000
0.574568	2324.026499	35.201000
0.574578	2323.644119	35.301000
0.574551	2323.253927	35.401000
0.574536	2322.944653	35.501000
0.574555	2322.482823	35.601000
0.574581	2322.078125	35.701000
0.574558	2321.733003	35.801000
0.574581	2321.324398	35.901000
0.574577	2320.936669	36.001000
0.574585	2320.560039	36.101000
0.574600	2320.175569	36.201000
0.574613	2319.794497	36.302000
0.574611	2319.405154	36.401000
0.574623	2319.032415	36.501000
0.574601	2318.732878	36.601000
0.574561	2318.320019	36.701000
0.574550	2317.923133	36.801000
0.574557	2317.528324	36.901000
0.574521	2317.172179	37.001000
0.574505	2316.823220	37.101000
0.574545	2316.387508	37.201000
0.574522	2316.024115	37.301000
0.574531	2315.633252	37.401000
0.574534	2315.246315	37.501000
0.574543	2314.855731	37.601000
0.574527	2314.532537	37.701000
0.574517	2314.101849	37.801000
0.574519	2313.721874	37.901000
0.574491	2313.587321	38.001000
0.574526	2313.661712	38.101000
0.574544	2313.002587	38.201000
0.574498	2312.255836	38.301000
0.574548	2311.853007	38.401000
0.574537	2311.487214	38.501000
0.574530	2311.091614	38.601000
0.574541	2310.734046	38.701000
0.574568	2310.346992	38.801000
0.574575	2309.939002	38.901000
0.574532	2309.574663	39.001000
0.574513	2309.201040	39.101000
0.574516	2308.808178	39.201000
0.574552	2308.406943	39.301000
0.574535	2308.032543	39.401000
0.574542	2307.638010	39.501000
0.574534	2307.272520	39.601000
0.574549	2306.889664	39.701000
0.574593	2306.545647	39.801000
0.574620	2306.136401	39.901000
0.574622	2305.760645	40.001000
0.574633	2305.379345	40.101000
0.574640	2304.977837	40.201000
0.574608	2304.586768	40.301000
0.574639	2304.211588	40.401000
0.574566	2303.869454	40.501000
0.574541	2303.484932	40.601000
0.574476	2303.122689	40.701000
0.574477	2302.727891	40.801000
0.574441	2302.409264	40.901000
0.574428	2301.989754	41.001000
0.574445	2301.609012	41.101000
0.574425	2301.260370	41.201000
0.574423	2300.900531	41.301000
0.574401	2300.550136	41.401000
0.574384	2300.183512	41.501000
0.574381	2299.809134	41.601000
0.574361	2299.452720	41.701000
0.574366	2299.066699	41.801000
0.574371	2298.704338	41.901000
0.574390	2298.371014	42.001000
0.574407	2297.976545	42.101000
0.574401	2297.576556	42.201000
0.574397	2297.187733	42.301000
0.574424	2296.786007	42.401000
0.574430	2296.407670	42.501000
0.574417	2296.016811	42.601000
0.574432	2295.646204	42.701000
0.574443	2295.275083	42.801000
0.574444	2294.914625	42.901000
0.574434	2294.574750	43.001000
0.574461	2294.172475	43.101000
0.574480	2293.837469	43.201000
0.574487	2294.026572	43.301000
0.574501	2293.505698	43.401000
0.574496	2292.737652	43.501000
0.574532	2292.239397	43.601000
0.574502	2291.890170	43.701000
0.574562	2291.466893	43.801000
0.574553	2291.094666	43.901000
0.574555	2290.705583	44.002000
0.574556	2290.400903	44.101000
0.574558	2289.953259	44.201000
0.574574	2289.573020	44.301000
0.574596	2289.242289	44.401000
0.574606	2288.903089	44.501000
0.574630	2288.518431	44.601000
0.574611	2288.146395	44.701000
0.574605	2287.777742	44.801000
0.574581	2287.424006	44.901000
0.574591	2287.024905	45.001000
0.574609	2286.664476	45.101000
0.574620	2286.345788	45.201000
0.574572	2285.960893	45.301000
0.574534	2285.575553	45.401000
0.574523	2285.191852	45.501000
0.574564	2284.805524	45.601000
0.574570	2284.431950	45.701000
0.574524	2284.081161	45.801000
0.574543	2283.703202	45.901000
0.574550	2283.344607	46.001000
0.574602	2282.981615	46.101000
0.574648	2282.599345	46.201000
0.574648	2282.239083	46.301000
0.574626	2281.837109	46.401000
0.574656	2281.455877	46.501000
0.574701	2281.071943	46.601000
0.574714	2280.694060	46.701000
0.574731	2280.330022	46.801000
0.574717	2279.991674	46.902000
0.574709	2279.616363	47.001000
0.574703	2279.241694	47.101000
0.574712	2278.862431	47.201000
0.574725	2278.533546	47.301000
0.574732	2278.111202	47.401000
0.574710	2277.746135	47.501000
0.574722	2277.396962	47.601000
0.574736	2277.049803	47.702000
0.574716	2276.709772	47.801000
0.574728	2276.336723	47.901000
0.574721	2275.979145	48.001000
0.574721	2275.611014	48.101000
0.574702	2275.231677	48.202000
0.574696	2274.850726	48.301000
0.574677	2274.566131	48.401000
0.574675	2274.725705	48.501000
0.574709	2274.286764	48.601000
0.574678	2273.578521	48.701000
0.574660	2273.039581	48.802000
0.574663	2272.678933	48.901000
0.574637	2272.304895	49.001000
0.574611	2271.947860	49.101000
0.574623	2271.595021	49.201000
0.574622	2271.240337	49.301000
0.574631	2270.891332	49.401000
0.574612	2270.570944	49.501000
0.574599	2270.152415	49.601000
0.574629	2269.768702	49.701000
0.574611	2269.401410	49.801000
0.574618	2269.027182	49.901000
0.574604	2268.660305	50.001000
0.574621	2268.304788	50.101000
0.574634	2267.918132	50.201000
0.574644	2267.539053	50.301000
0.574646	2267.160782	50.401000
0.574649	2266.846617	50.501000
0.574674	2266.446435	50.601000
0.574678	2266.046866	50.701000
0.574700	2265.687073	50.801000
0.574731	2265.336781	50.901000
0.574708	2264.968898	51.001000
0.574724	2264.586134	51.101000
0.574730	2264.220945	51.201000
0.574758	2263.860810	51.301000
0.574762	2263.474559	51.401000
0.574748	2263.105364	51.501000
0.574737	2262.797972	51.601000
0.574758	2262.408281	51.702000
0.574773	2262.034735	51.801000
0.574747	2261.671300	51.901000
0.574741	2261.304534	52.001000
0.574713	2260.951823	52.101000
0.574729	2260.567087	52.201000
0.574735	2260.203906	52.301000
0.574737	2259.837858	52.401000
0.574718	2259.485388	52.501000
0.574712	2259.117476	52.601000
0.574704	2258.805853	52.701000
0.574698	2258.376935	52.801000
0.574693	2258.002897	52.901000
0.574672	2257.642896	53.001000
0.574645	2257.286364	53.101000
0.574658	2256.916557	53.201000
0.574667	2256.567813	53.301000
0.574681	2256.205209	53.401000
0.574685	2255.836855	53.501000
0.574681	2255.476674	53.601000
0.574674	2255.270069	53.701000
0.574674	2255.496296	53.801000
0.574676	2254.811913	53.901000
0.574692	2254.017855	54.001000
0.574687	2253.683544	54.101000
0.574692	2253.340961	54.201000
0.574695	2252.999091	54.301000
0.574729	2252.622271	54.401000
0.574735	2252.269902	54.501000
0.574761	2251.880666	54.601000
0.574745	2251.517907	54.701000
0.574760	2251.167205	54.801000
0.574796	2250.807865	54.901000
0.574800	2250.430638	55.001000
0.574780	2250.083901	55.101000
0.574749	2249.721037	55.201000
0.574770	2249.329164	55.301000
0.574793	2248.960932	55.401000
0.574800	2248.594378	55.501000
0.574787	2248.234335	55.601000
0.574750	2247.912101	55.701000
0.574801	2247.520422	55.801000
0.574826	2247.198523	55.901000
0.574821	2246.778782	56.001000
0.574790	2246.432835	56.101000
0.574787	2246.050878	56.201000
0.574783	2245.669390	56.301000
0.574741	2245.320801	56.401000
0.574740	2244.953862	56.501000
0.574754	2244.593030	56.601000
0.574690	2244.256839	56.701000
0.574669	2243.904569	56.801000
0.574652	2243.546632	56.901000
0.574688	2243.226850	57.001000
0.574673	2242.799518	57.101000
0.574666	2242.432425	57.201000
0.574656	2242.090489	57.301000
0.574666	2241.747852	57.401000
0.574666	2241.404539	57.501000
0.574655	2241.046034	57.601000
0.574664	2240.670701	57.701000
0.574659	2240.319284	57.801000
0.574654	2239.953525	57.901000
0.574682	2239.583882	58.001000
0.574710	2239.245175	58.101000
0.574744	2238.840518	58.201000
0.574728	2238.496968	58.301000
0.574758	2238.135942	58.401000
0.574806	2237.728119	58.501000
0.574800	2237.368552	58.601000
0.574800	2237.001107	58.702000
0.574826	2236.623289	58.801000
0.574832	2236.293053	58.901000
0.574843	2236.586652	59.001000
0.574850	2236.047490	59.101000
0.574818	2235.268439	59.201000
0.574767	2234.825123	59.301000
0.574767	2234.466251	59.401000
0.574776	2234.113113	59.501000
0.574766	2233.726498	59.601000
0.574766	2233.364227	59.701000
0.574781	2233.011594	59.801000
0.574783	2232.674876	59.901000
0.574813	2232.306904	60.001000
0.574804	2231.958580	60.101000
0.574785	2231.641120	60.201000
0.574724	2231.256067	60.301000
0.574720	2230.886173	60.402000
0.574738	2230.543195	60.501000
0.574737	2230.190376	60.601000
0.574727	2229.859268	60.701000
0.574756	2229.514280	60.801000
0.574726	2229.169224	60.901000
0.574709	2228.815827	61.001000
0.574712	2228.461280	61.101000
0.574712	2228.093634	61.201000
0.574739	2227.772825	61.301000
0.574728	2227.350372	61.401000
0.574720	2227.000437	61.501000
0.574743	2226.637408	61.601000
0.574747	2226.277445	61.701000
0.574770	2225.905390	61.801000
0.574772	2225.535699	61.901000
0.574799	2225.166125	62.001000
0.574785	2224.799401	62.101000
0.574808	2224.433678	62.201000
0.574829	2224.105060	62.301000
0.574834	2223.772445	62.401000
0.574857	2223.374660	62.501000
0.574872	2222.997388	62.601000
0.574897	2222.642498	62.702000
0.574923	2222.275681	62.801000
0.574928	2222.000474	62.901000
0.574911	2221.563543	63.001000
0.574889	2221.222405	63.101000
0.574937	2220.851755	63.201000
0.574945	2220.486688	63.301000
0.574935	2220.152314	63.401000
0.574929	2219.787654	63.501000
0.574932	2219.411754	63.601000
0.574907	2219.067015	63.701000
0.574901	2218.703945	63.801000
0.574901	2218.355200	63.901000
0.574882	2218.033459	64.001000
0.574887	2217.700140	64.101000
0.574850	2217.926568	64.201000
0.574866	2217.504600	64.301000
0.574844	2216.753077	64.401000
0.574843	2216.335674	64.501000
0.574845	2215.899966	64.601000
0.574857	2215.538716	64.701000
0.574853	2215.190083	64.801000
0.574878	2214.819487	64.901000
0.574872	2214.481846	65.001000
0.574879	2214.115043	65.101000
0.574904	2213.757591	65.201000
0.574898	2213.394822	65.301000
0.574921	2213.017441	65.401000
0.574941	2212.669008	65.501000
0.574968	2212.334224	65.601000
0.574938	2211.938904	65.701000
0.574970	2211.568042	65.801000
0.575011	2211.192916	65.901000
0.575011	2210.831909	66.001000
0.575016	2210.486488	66.101000
0.575025	2210.137975	66.201000
0.575034	2209.750996	66.301000
0.575049	2209.395914	66.401000
0.575030	2209.064245	66.501000
0.575037	2208.747378	66.601000
0.575041	2208.393224	66.701000
0.575065	2207.996343	66.802000
0.575080	2207.640474	66.901000
0.575084	2207.272084	67.001000
0.575069	2206.931346	67.102000
0.575042	2206.592508	67.201000
0.575021	2206.270141	67.301000
0.574998	2205.943176	67.401000
0.575001	2205.606049	67.501000
0.575024	2205.252929	67.601000
0.575015	2204.965548	67.701000
0.574993	2204.566237	67.801000
0.575011	2204.201407	67.901000
0.575028	2203.828232	68.001000
0.575000	2203.492906	68.101000
0.574979	2203.137034	68.201000
0.574987	2202.788010	68.301000
0.575010	2202.418519	68.401000
0.574989	2202.062985	68.501000
0.574975	2201.712863	68.601000
0.574970	2201.383615	68.701000
0.574995	2201.045464	68.801000
0.574997	2200.649857	68.901000
0.575010	2200.303732	69.001000
0.575044	2199.958220	69.101000
0.575048	2199.603196	69.202000
0.575046	2199.238789	69.301000
0.575070	2199.091483	69.401000
0.575081	2199.190852	69.501000
0.575088	2198.606214	69.601000
0.575118	2197.812274	69.701000
0.575095	2197.504894	69.801000
0.575143	2197.107277	69.901000
0.575159	2196.720412	70.001000
0.575193	2196.383172	70.101000
0.575192	2195.995933	70.201000
0.575178	2195.652460	70.301000
0.575190	2195.296575	70.401000
0.575208	2194.930074	70.501000
0.575185	2194.606205	70.601000
0.575187	2194.279330	70.701000
0.575195	2193.951754	70.801000
0.575229	2193.641170	70.901000
0.575221	2193.234380	71.001000
0.575193	2192.888556	71.101000
0.575203	2192.528349	71.201000
0.575216	2192.172180	71.301000
0.575194	2191.846039	71.401000
0.575156	2191.506650	71.501000
0.575150	2191.167906	71.601000
0.575146	2190.826388	71.701000
0.575164	2190.472602	71.801000
0.575161	2190.137368	71.901000
0.575166	2189.806582	72.001000
0.575168	2189.435342	72.101000
0.575163	2189.059534	72.201000
0.575132	2188.722411	72.301000
0.575141	2188.379514	72.401000
0.575127	2188.046750	72.501000
0.575170	2187.680383	72.601000
0.575171	2187.323481	72.701000
0.575169	2186.973913	72.801000
0.575155	2186.637023	72.901000
0.575188	2186.296270	73.001000
0.575206	2185.936406	73.101000
0.575185	2185.562568	73.201000
0.575188	2185.227315	73.301000
0.575186	2184.898981	73.402000
0.575225	2184.546710	73.501000
0.575235	2184.180175	73.601000
0.575253	2183.830590	73.701000
0.575262	2183.485314	73.801000
0.575258	2183.127258	73.901000
0.575261	2182.791359	74.001000
0.575291	2182.529707	74.101000
0.575350	2182.087294	74.201000
0.575353	2181.730636	74.301000
0.575365	2181.394548	74.401000
0.575358	2181.062642	74.501000
0.575349	2180.833721	74.601000
0.575347	2181.050755	74.701000
0.575386	2180.471320	74.801000
0.575380	2179.686819	74.901000
0.575358	2179.322237	75.001000
0.575382	2178.972972	75.101000
0.575465	2178.642786	75.201000
0.575446	2178.246182	75.301000
0.575420	2177.903697	75.401000
0.575412	2177.584337	75.501000
0.575385	2177.226818	75.601000
0.575380	2176.894206	75.701000
0.575364	2176.555054	75.801000
0.575356	2176.228909	75.901000
0.575345	2175.885771	76.001000
0.575321	2175.573761	76.101000
0.575341	2175.217180	76.201000
0.575381	2174.849633	76.301000
0.575405	2174.448019	76.401000
0.575408	2174.084195	76.501000
0.575384	2173.747408	76.601000
0.575407	2173.406362	76.701000
0.575413	2173.049930	76.801000
0.575465	2172.681276	76.901000
0.575488	2172.345825	77.001000
0.575471	2172.007912	77.101000
0.575482	2171.655342	77.201000
0.575555	2171.303387	77.301000
0.575559	2170.920916	77.401000
0.575528	2170.581739	77.501000
0.575562	2170.235298	77.601000
0.575620	2169.878366	77.701000
0.575668	2169.502248	77.801000
0.575664	2169.173289	77.901000
0.575660	2168.829887	78.001000
0.575684	2168.475449	78.101000
0.575697	2168.122049	78.201000
0.575700	2167.769835	78.301000
0.575803	2167.418731	78.401000
0.575776	2167.036180	78.501000
0.575807	2166.664802	78.601000
0.575800	2166.310494	78.701000
0.575790	2165.969185	78.801000
0.575810	2165.610842	78.901000
0.575807	2165.268516	79.001000
0.575787	2164.923702	79.101000
0.575781	2164.576460	79.201000
0.575767	2164.238286	79.301000
0.575828	2163.864718	79.401000
0.575940	2163.490036	79.501000
0.575924	2163.120692	79.601000
0.575940	2162.758466	79.701000
0.575939	2162.409496	79.801000
0.575939	2162.533404	79.901000
0.575946	2162.257102	80.001000
0.575901	2161.615372	80.101000
0.575894	2161.053541	80.201000
0.575905	2160.697663	80.301000
0.575920	2160.338520	80.401000
0.576008	2159.959146	80.501000
0.576075	2159.554049	80.601000
0.576069	2159.180784	80.701000
0.576039	2158.849246	80.801000
0.576032	2158.511217	80.902000
0.576042	2158.186379	81.001000
0.576093	2157.834211	81.101000
0.576126	2157.485104	81.201000
0.576147	2157.131884	81.301000
0.576176	2156.775616	81.401000
0.576221	2156.400419	81.501000
0.576388	2155.990578	81.601000
0.576433	2155.565827	81.701000
0.576421	2155.207236	81.801000
0.576478	2154.869577	81.901000
0.576538	2154.480008	82.001000
0.576575	2154.138121	82.101000
0.576640	2153.778712	82.201000
0.576673	2153.415818	82.301000
0.576646	2153.073108	82.401000
0.576649	2152.732552	82.501000
0.576702	2152.365659	82.601000
0.576881	2151.908017	82.701000
0.576884	2151.521478	82.801000
0.576883	2151.177037	82.901000
0.576927	2150.808211	83.001000
0.576952	2150.459788	83.101000
0.576954	2150.102155	83.202000
0.576974	2149.747704	83.301000
0.576956	2149.401221	83.401000
0.576970	2149.045592	83.501000
0.576957	2148.693281	83.601000
0.577126	2148.276348	83.701000
0.577231	2147.839317	83.801000
0.577253	2147.453964	83.901000
0.577249	2147.134752	84.001000
0.577230	2146.802768	84.101000
0.577230	2146.453591	84.201000
0.577248	2146.097242	84.301000
0.577260	2145.737355	84.401000
0.577307	2145.374342	84.501000
0.577348	2145.028471	84.601000
0.577401	2144.656251	84.701000
0.577612	2144.204589	84.801000
0.577648	2143.781277	84.901000
0.577704	2143.411113	85.001000
0.577778	2143.166162	85.101000
0.577790	2143.356635	85.201000
0.577823	2142.779397	85.301000
0.577848	2141.969656	85.401000
0.577914	2141.590312	85.501000
0.577922	2141.250685	85.601000
0.577929	2140.870169	85.701000
0.577950	2140.506025	85.801000
0.578213	2140.012538	85.901000
0.578227	2139.613482	86.001000
0.578255	2139.247234	86.101000
0.578295	2138.873815	86.201000
0.578318	2138.510960	86.301000
0.578315	2138.185751	86.401000
0.578334	2137.839381	86.501000
0.578349	2137.497395	86.601000
0.578377	2137.153914	86.701000
0.578364	2136.822400	86.801000
0.578508	2136.394612	86.901000
0.578599	2135.974361	87.001000
0.578604	2135.591338	87.101000
0.578637	2135.257249	87.201000
0.578626	2134.917932	87.301000
0.578634	2134.565854	87.401000
0.578627	2134.208328	87.501000
0.578630	2133.871775	87.601000
0.578662	2133.520915	87.701000
0.578646	2133.168331	87.801000
0.578651	2132.817902	87.901000
0.578820	2132.401326	88.001000
0.578907	2131.988659	88.101000
0.578975	2131.617651	88.201000
0.578981	2131.271451	88.301000
0.579020	2130.904478	88.401000
0.579044	2130.577934	88.501000
0.579029	2130.211382	88.601000
0.579026	2129.861011	88.701000
0.579073	2129.505043	88.801000
0.579075	2129.147716	88.901000
0.579175	2128.770060	89.001000
0.579384	2128.338717	89.101000
0.579440	2127.929382	89.201000
0.579481	2127.563077	89.301000
0.579508	2127.196463	89.401000
0.579534	2126.835186	89.502000
0.579526	2126.501128	89.601000
0.579554	2126.155432	89.701000
0.579589	2125.804489	89.801000
0.579614	2125.441322	89.901000
0.579628	2125.087808	90.001000
0.579730	2124.709748	90.101000
0.579831	2124.275384	90.201000
0.579839	2123.917484	90.301000
0.579857	2124.248266	90.401000
0.579868	2123.676297	90.501000
0.579802	2122.986176	90.601000
0.579808	2122.570509	90.701000
0.579830	2122.220062	90.801000
0.579857	2121.876572	90.901000
0.579857	2121.533994	91.001000
0.579866	2121.179177	91.101000
0.579930	2120.833398	91.201000
0.579942	2120.419677	91.302000
0.579971	2120.058088	91.401000
0.580004	2119.726623	91.501000
0.580038	2119.356125	91.601000
0.580093	2119.006271	91.701000
0.580116	2118.661939	91.801000
0.580145	2118.303995	91.901000
0.580183	2117.942791	92.001000
0.580186	2117.606436	92.101000
0.580182	2117.292871	92.201000
0.580191	2116.966781	92.301000
0.580214	2116.570053	92.401000
0.580241	2116.229396	92.502000
0.580264	2115.880520	92.601000
0.580258	2115.527489	92.701000
0.580288	2115.162282	92.801000
0.580319	2114.815806	92.901000
0.580327	2114.476948	93.001000
0.580334	2114.134628	93.101000
0.580339	2113.788186	93.201000
0.580377	2113.478815	93.301000
0.580405	2113.091418	93.401000
0.580435	2112.741637	93.501000
0.580457	2112.388792	93.601000
0.580460	2112.053092	93.701000
0.580452	2111.735155	93.801000
0.580445	2111.424196	93.901000
0.580404	2111.103186	94.001000
0.580373	2110.777113	94.101000
0.580381	2110.428315	94.201000
0.580388	2110.101602	94.301000
0.580396	2109.813619	94.401000
0.580392	2109.407939	94.501000
0.580369	2109.082601	94.601000
0.580382	2108.753639	94.701000
0.580357	2108.429467	94.801000
0.580323	2108.133044	94.901000
0.580349	2108.448337	95.001000
0.580373	2107.823356	95.101000
0.580410	2107.097037	95.201000
0.580444	2106.752450	95.302000
0.580442	2106.452635	95.402000
0.580463	2106.089246	95.501000
0.580465	2106.059974	95.601000
0.580471	2106.003852	95.701000
0.580477	2105.415174	95.801000
0.580469	2104.708350	95.901000
0.580532	2104.348849	96.001000
