-7.000000E+01,-8.344970E-07,+9.910000E+37,+3.658063E+03,+2.150800E+04,
-6.900000E+01,-8.355527E-07,+9.910000E+37,+3.659124E+03,+2.150800E+04,
-6.800000E+01,-7.855932E-07,+9.910000E+37,+3.660181E+03,+2.150800E+04,
-6.700000E+01,-9.175153E-07,+9.910000E+37,+3.661236E+03,+2.150800E+04,
-6.600000E+01,-7.155842E-07,+9.910000E+37,+3.662292E+03,+2.150800E+04,
-6.500000E+01,-1.147093E-06,+9.910000E+37,+3.663351E+03,+2.150800E+04,
-6.400000E+01,-1.101958E-06,+9.910000E+37,+3.664410E+03,+2.150800E+04,
-6.300000E+01,-1.051932E-06,+9.910000E+37,+3.665494E+03,+2.150800E+04,
-6.200000E+01,-1.001065E-06,+9.910000E+37,+3.666556E+03,+2.150800E+04,
-6.100000E+01,-9.506813E-07,+9.910000E+37,+3.667618E+03,+2.150800E+04,
-6.000000E+01,-8.994442E-07,+9.910000E+37,+3.668680E+03,+2.150800E+04,
-5.900000E+01,-8.334357E-07,+9.910000E+37,+3.669759E+03,+2.150800E+04,
-5.800000E+01,-7.875475E-07,+9.910000E+37,+3.670838E+03,+2.150800E+04,
-5.700000E+01,-7.369427E-07,+9.910000E+37,+3.671917E+03,+2.150800E+04,
-5.600000E+01,-6.825091E-07,+9.910000E+37,+3.672973E+03,+2.150800E+04,
-5.500000E+01,-6.261920E-07,+9.910000E+37,+3.674031E+03,+2.150800E+04,
-5.400000E+01,-5.728801E-07,+9.910000E+37,+3.675109E+03,+2.150800E+04,
-5.300000E+01,-5.113404E-07,+9.910000E+37,+3.676183E+03,+2.150800E+04,
-5.200000E+01,-4.604778E-07,+9.910000E+37,+3.677260E+03,+2.150800E+04,
-5.100000E+01,-4.091549E-07,+9.910000E+37,+3.678318E+03,+2.150800E+04,
-5.000000E+01,-3.489186E-07,+9.910000E+37,+3.679378E+03,+2.150800E+04,
-4.900000E+01,-2.709451E-07,+9.910000E+37,+3.680448E+03,+2.150800E+04,
-4.800000E+01,-2.162338E-07,+9.910000E+37,+3.681533E+03,+2.150800E+04,
-4.700000E+01,-1.625225E-07,+9.910000E+37,+3.682592E+03,+2.150800E+04,
-4.600000E+01,-1.046448E-07,+9.910000E+37,+3.683651E+03,+2.150800E+04,
-4.500000E+01,-4.189826E-08,+9.910000E+37,+3.684713E+03,+2.150800E+04,
-4.400000E+01,+2.735552E-08,+9.910000E+37,+3.685784E+03,+2.150800E+04,
-4.300000E+01,+9.452953E-08,+9.910000E+37,+3.686843E+03,+2.150800E+04,
-4.200000E+01,+1.729245E-07,+9.910000E+37,+3.687900E+03,+2.150800E+04,
-4.100000E+01,+2.501933E-07,+9.910000E+37,+3.688957E+03,+2.150800E+04,
-4.000000E+01,+3.350572E-07,+9.910000E+37,+3.690016E+03,+2.150800E+04,
-3.900000E+01,+4.105080E-07,+9.910000E+37,+3.691075E+03,+2.150800E+04,
-3.800000E+01,+5.066284E-07,+9.910000E+37,+3.692137E+03,+2.150800E+04,
-3.700000E+01,+5.941079E-07,+9.910000E+37,+3.693196E+03,+2.150800E+04,
-3.600000E+01,+6.874604E-07,+9.910000E+37,+3.694275E+03,+2.150800E+04,
-3.500000E+01,+7.877675E-07,+9.910000E+37,+3.695335E+03,+2.150800E+04,
-3.400000E+01,+8.829830E-07,+9.910000E+37,+3.696398E+03,+2.150800E+04,
-3.300000E+01,+9.898349E-07,+9.910000E+37,+3.697456E+03,+2.150800E+04,
-3.200000E+01,+1.110598E-06,+9.910000E+37,+3.698517E+03,+2.150800E+04,
-3.100000E+01,+1.238002E-06,+9.910000E+37,+3.699577E+03,+2.150800E+04,
-3.000000E+01,+1.376613E-06,+9.910000E+37,+3.700667E+03,+2.150800E+04,
-2.900000E+01,+1.532146E-06,+9.910000E+37,+3.701753E+03,+2.150800E+04,
-2.800000E+01,+1.696904E-06,+9.910000E+37,+3.702812E+03,+2.150800E+04,
-2.700000E+01,+1.883362E-06,+9.910000E+37,+3.703869E+03,+2.150800E+04,
-2.600000E+01,+2.079884E-06,+9.910000E+37,+3.704931E+03,+2.150800E+04,
-2.500000E+01,+2.302617E-06,+9.910000E+37,+3.705988E+03,+2.150800E+04,
-2.400000E+01,+2.543937E-06,+9.910000E+37,+3.707048E+03,+2.150800E+04,
-2.300000E+01,+2.801333E-06,+9.910000E+37,+3.708106E+03,+2.150800E+04,
-2.200000E+01,+3.074546E-06,+9.910000E+37,+3.709186E+03,+2.150800E+04,
-2.100000E+01,+3.377224E-06,+9.910000E+37,+3.710244E+03,+2.150800E+04,
-2.000000E+01,+3.699783E-06,+9.910000E+37,+3.711323E+03,+2.150800E+04,
-1.900000E+01,+4.041673E-06,+9.910000E+37,+3.712385E+03,+2.150800E+04,
-1.800000E+01,+4.405936E-06,+9.910000E+37,+3.713469E+03,+2.150800E+04,
-1.700000E+01,+4.789217E-06,+9.910000E+37,+3.714527E+03,+2.150800E+04,
-1.600000E+01,+5.208058E-06,+9.910000E+37,+3.715587E+03,+2.150800E+04,
-1.500000E+01,+5.695556E-06,+9.910000E+37,+3.716668E+03,+2.150800E+04,
-1.400000E+01,+6.262061E-06,+9.910000E+37,+3.717729E+03,+2.150800E+04,
-1.300000E+01,+6.913268E-06,+9.910000E+37,+3.718787E+03,+2.150800E+04,
-1.200000E+01,+7.749848E-06,+9.91000
































current through plasma (-mA) <tab> voltage across plasma (-V) <tab> time (sec)
0.351645	1971.896187	0.001000
0.351203	1971.563199	0.101000
0.351890	1970.713784	0.201000
0.352726	1969.743067	0.301000
0.352707	1969.471571	0.401000
0.352687	1969.183144	0.501000
0.352645	1968.900413	0.601000
0.352660	1968.612290	0.701000
0.352688	1968.280223	0.801000
0.352744	1968.058251	0.901000
0.352769	1967.676922	1.001000
0.352780	1967.496532	1.101000
0.352790	1967.032631	1.201000
0.352829	1966.766232	1.301000
0.352874	1966.565050	1.401000
0.352849	1966.098120	1.501000
0.352837	1965.794615	1.601000
0.352835	1965.490985	1.701000
0.352838	1965.193880	1.801000
0.352850	1964.896987	1.901000
0.352845	1964.580692	2.001000
0.352824	1964.281030	2.101000
0.352782	1963.994590	2.201000
0.352788	1963.719769	2.301000
0.352760	1963.462728	2.401000
0.352759	1963.104049	2.501000
0.352726	1962.815973	2.601000
0.352712	1962.536561	2.701000
0.352711	1962.258574	2.801000
0.352724	1961.949057	2.901000
0.352704	1961.667459	3.001000
0.352677	1961.403287	3.101000
0.352704	1961.072564	3.201000
0.352684	1960.777314	3.301000
0.352677	1960.527793	3.401000
0.352671	1960.755931	3.501000
0.352662	1960.397365	3.601000
0.352664	1959.720843	3.701000
0.352657	1959.229003	3.801000
0.352665	1958.938189	3.901000
0.352690	1958.605570	4.001000
0.352688	1958.293904	4.101000
0.352670	1957.979567	4.201000
0.352655	1957.687808	4.301000
0.352674	1957.376899	4.401000
0.352693	1957.125750	4.501000
0.352696	1956.764241	4.601000
0.352737	1956.463464	4.701000
0.352753	1956.169319	4.801000
0.352782	1955.873320	4.901000
0.352793	1955.557920	5.001000
0.352808	1955.251686	5.101000
0.352780	1954.954237	5.201000
0.352764	1954.662956	5.301000
0.352733	1954.369354	5.401000
0.352742	1954.106022	5.501000
0.352734	1953.796485	5.601000
0.352762	1953.450683	5.701000
0.352736	1953.159375	5.801000
0.352729	1952.867977	5.901000
0.352735	1952.567385	6.001000
0.352710	1952.276311	6.101000
0.352701	1951.977530	6.201000
0.352669	1951.695830	6.301000
0.352641	1951.400458	6.401000
0.352659	1951.099410	6.501000
0.352654	1950.843006	6.601000
0.352635	1950.512926	6.701000
0.352620	1950.213486	6.801000
0.352636	1949.909292	6.901000
0.352625	1949.595221	7.001000
0.352604	1949.308941	7.101000
0.352642	1948.991780	7.201000
0.352597	1948.718605	7.301000
0.352585	1948.416678	7.401000
0.352571	1948.118344	7.501000
0.352616	1947.810123	7.601000
0.352653	1947.566278	7.701000
0.352680	1947.205461	7.801000
0.352712	1946.973909	7.901000
0.352682	1947.361334	8.001000
0.352720	1946.661223	8.101000
0.352700	1946.009551	8.201000
0.352688	1945.726301	8.301000
0.352673	1945.445210	8.401000
0.352662	1945.145905	8.501000
0.352696	1944.846554	8.601000
0.352699	1945.073183	8.701000
0.352717	1944.849842	8.801000
0.352752	1944.225950	8.901000
0.352749	1943.688732	9.001000
0.352737	1943.397679	9.101000
0.352739	1943.102107	9.201000
0.352707	1942.806683	9.301000
0.352699	1942.494382	9.401000
0.352649	1942.220379	9.501000
0.352664	1941.923080	9.601000
0.352636	1941.632496	9.701000
0.352650	1941.372443	9.801000
0.352637	1941.066666	9.901000
0.352591	1940.788616	10.001000
0.352570	1940.483536	10.101000
0.352577	1940.178055	10.201000
0.352577	1939.889299	10.301000
0.352579	1939.588498	10.401000
0.352580	1939.302968	10.501000
0.352580	1938.999197	10.601000
0.352606	1938.702476	10.701000
0.352643	1938.407486	10.801000
0.352656	1938.149200	10.901000
0.352682	1937.811866	11.001000
0.352671	1937.505193	11.101000
0.352683	1937.202092	11.201000
0.352713	1936.891678	11.301000
0.352690	1936.597679	11.401000
0.352690	1936.299401	11.501000
0.352676	1936.013018	11.601000
0.352679	1935.712631	11.701000
0.352720	1935.400319	11.801000
0.352714	1935.117871	11.901000
0.352724	1934.868060	12.001000
0.352704	1934.528089	12.101000
0.352689	1934.237629	12.201000
0.352669	1933.967186	12.301000
0.352658	1933.685316	12.401000
0.352655	1933.370818	12.501000
0.352647	1933.084788	12.601000
0.352650	1932.810931	12.701000
0.352654	1932.519392	12.801000
0.352670	1932.225114	12.901000
0.352656	1931.934521	13.001000
0.352621	1931.696621	13.101000
0.352594	1931.341848	13.201000
0.352559	1931.069260	13.301000
0.352572	1930.753941	13.401000
0.352551	1930.469437	13.501000
0.352580	1930.159799	13.601000
0.352573	1929.865551	13.701000
0.352589	1929.563495	13.801000
0.352592	1929.450022	13.901000
0.352590	1929.691997	14.001000
0.352624	1929.074999	14.101000
0.352626	1928.392415	14.201000
0.352609	1928.075833	14.301000
0.352614	1927.769469	14.401000
0.352648	1927.469372	14.501000
0.352641	1927.169866	14.601000
0.352655	1926.873069	14.701000
0.352646	1926.578645	14.801000
0.352663	1926.272765	14.901000
0.352678	1925.968023	15.001000
0.352677	1925.670031	15.101000
0.352670	1925.408828	15.201000
0.352675	1925.096536	15.301000
0.352661	1924.774552	15.401000
0.352667	1924.471085	15.501000
0.352704	1924.169938	15.601000
0.352691	1923.885251	15.701000
0.352696	1923.595993	15.801000
0.352686	1923.343949	15.901000
0.352710	1923.015386	16.001000
0.352707	1922.733674	16.101000
0.352662	1922.437533	16.201000
0.352643	1922.207260	16.301000
0.352567	1921.903806	16.401000
0.352577	1921.599486	16.501000
0.352571	1921.316341	16.601000
0.352581	1921.045029	16.701000
0.352562	1920.742756	16.801000
0.352555	1920.443556	16.901000
0.352539	1920.159298	17.001000
0.352555	1919.873663	17.101000
0.352579	1919.573278	17.201000
0.352558	1919.293839	17.301000
0.352555	1919.068820	17.401000
0.352524	1918.713058	17.501000
0.352532	1918.417937	17.601000
0.352567	1918.110808	17.701000
0.352566	1917.823938	17.801000
0.352575	1917.510005	17.901000
0.352566	1917.215176	18.001000
0.352591	1916.913842	18.101000
0.352606	1916.594534	18.201000
0.352609	1916.299936	18.301000
0.352613	1916.040707	18.401000
0.352605	1915.754534	18.501000
0.352626	1915.409108	18.601000
0.352665	1915.110819	18.701000
0.352696	1914.808902	18.801000
0.352701	1914.521438	18.901000
0.352690	1914.240479	19.001000
0.352703	1913.995673	19.101000
0.352675	1914.361532	19.201000
0.352689	1913.812485	19.301000
0.352667	1913.124124	19.401000
0.352619	1912.825702	19.501000
0.352601	1912.531197	19.601000
0.352599	1912.214450	19.701000
0.352588	1911.924501	19.801000
0.352555	1911.654976	19.901000
0.352533	1911.356495	20.001000
0.352522	1911.070783	20.101000
0.352501	1910.773932	20.201000
0.352501	1910.494652	20.301000
0.352465	1910.203457	20.401000
0.352460	1909.909860	20.501000
0.352446	1909.682119	20.601000
0.352476	1909.325413	20.701000
0.352492	1909.045926	20.801000
0.352542	1908.743414	20.901000
0.352527	1908.465018	21.001000
0.352511	1908.174951	21.101000
0.352522	1907.902881	21.201000
0.352534	1907.591196	21.301000
0.352549	1907.284484	21.401000
0.352541	1906.978893	21.501000
0.352560	1906.693481	21.601000
0.352594	1906.427162	21.701000
0.352599	1906.086670	21.801000
0.352643	1905.781169	21.901000
0.352667	1905.489152	22.001000
0.352669	1905.193554	22.101000
0.352656	1904.904057	22.201000
0.352645	1904.609215	22.301000
0.352661	1904.315381	22.401000
0.352620	1904.040104	22.501000
0.352599	1903.757243	22.601000
0.352585	1903.531881	22.701000
0.352545	1903.234825	22.801000
0.352534	1902.937630	22.901000
0.352537	1902.639160	23.001000
0.352521	1902.348176	23.101000
0.352470	1902.064453	23.201000
0.352466	1901.777420	23.301000
0.352449	1901.495504	23.401000
0.352435	1901.212501	23.501000
0.352424	1900.926539	23.601000
0.352432	1900.634448	23.701000
0.352433	1900.403191	23.801000
0.352453	1900.055996	23.901000
0.352483	1899.762590	24.001000
0.352513	1899.477245	24.101000
0.352541	1899.163177	24.201000
0.352523	1898.882033	24.301000
0.352514	1899.163363	24.401000
0.352551	1898.833529	24.501000
0.352542	1898.235875	24.601000
0.352556	1897.728839	24.701000
0.352576	1897.439785	24.801000
0.352576	1897.225138	24.901000
0.352652	1896.860538	25.001000
0.352662	1896.572397	25.101000
0.352678	1896.264294	25.201000
0.352684	1895.979416	25.301000
0.352670	1895.713343	25.401000
0.352639	1895.433448	25.501000
0.352599	1895.156614	25.601000
0.352606	1894.865249	25.701000
0.352583	1894.590649	25.801000
0.352564	1894.311194	25.901000
0.352585	1894.060315	26.001000
0.352568	1893.739460	26.101000
0.352537	1893.460512	26.201000
0.352537	1893.152801	26.301000
0.352490	1892.909239	26.401000
0.352480	1892.604812	26.501000
0.352477	1892.317160	26.601000
0.352481	1892.018010	26.701000
0.352461	1891.734451	26.801000
0.352492	1891.444048	26.901000
0.352501	1891.195211	27.001000
0.352497	1890.898804	27.101000
0.352539	1890.548816	27.201000
0.352544	1890.240564	27.301000
0.352525	1889.959096	27.401000
0.352534	1889.664354	27.501000
0.352558	1889.363558	27.601000
0.352549	1889.082205	27.701000
0.352548	1888.821997	27.801000
0.352555	1888.525269	27.901000
0.352539	1888.251149	28.001000
0.352580	1888.010060	28.101000
0.352574	1887.665507	28.201000
0.352585	1887.365203	28.301000
0.352582	1887.100348	28.401000
0.352562	1886.832546	28.501000
0.352537	1886.561552	28.601000
0.352546	1886.269051	28.701000
0.352525	1885.992917	28.801000
0.352545	1885.698231	28.901000
0.352570	1885.423168	29.001000
0.352549	1885.171428	29.101000
0.352534	1884.941803	29.201000
0.352513	1884.595097	29.301000
0.352525	1884.299566	29.401000
0.352509	1884.022832	29.501000
0.352450	1884.335005	29.601000
0.352461	1883.993453	29.701000
0.352441	1883.337438	29.801000
0.352446	1882.900958	29.901000
0.352468	1882.606090	30.001000
0.352479	1882.317897	30.101000
0.352489	1882.057412	30.201000
0.352519	1881.791961	30.301000
0.352527	1881.450235	30.401000
0.352512	1881.161265	30.501000
0.352521	1880.867795	30.601000
0.352533	1880.576771	30.701000
0.352512	1880.316937	30.801000
0.352538	1880.025133	30.901000
0.352539	1879.753939	31.001000
0.352560	1879.486736	31.101000
0.352552	1879.168631	31.201000
0.352561	1878.898933	31.301000
0.352572	1878.593774	31.401000
0.352591	1878.273823	31.501000
0.352578	1877.987077	31.601000
0.352579	1877.710173	31.701000
0.352543	1877.419957	31.801000
0.352546	1877.124621	31.901000
0.352564	1876.835126	32.001000
0.352566	1876.556045	32.101000
0.352573	1876.260865	32.201000
0.352559	1875.986212	32.301000
0.352584	1875.754229	32.401000
0.352570	1875.407782	32.501000
0.352535	1875.153653	32.601000
0.352475	1874.879055	32.701000
0.352458	1874.617074	32.801000
0.352436	1874.333475	32.901000
0.352454	1874.044324	33.001000
0.352459	1873.784886	33.101000
0.352467	1873.491263	33.201000
0.352461	1873.218997	33.301000
0.352454	1872.944102	33.401000
0.352468	1872.680303	33.501000
0.352455	1872.359662	33.601000
0.352455	1872.075380	33.701000
0.352439	1871.790156	33.801000
0.352428	1871.500051	33.901000
0.352436	1871.213309	34.001000
0.352475	1870.935641	34.101000
0.352494	1870.628676	34.201000
0.352499	1870.349900	34.301000
0.352547	1870.052456	34.401000
0.352565	1869.800325	34.501000
0.352563	1869.506770	34.601000
0.352563	1869.196585	34.701000
0.352557	1869.116362	34.801000
0.352590	1869.246537	34.901000
0.352582	1868.740120	35.001000
0.352608	1868.089279	35.101000
0.352620	1867.737205	35.201000
0.352598	1867.472792	35.301000
0.352588	1867.234210	35.401000
0.352550	1866.906171	35.501000
0.352558	1866.658253	35.601000
0.352574	1866.316287	35.701000
0.352545	1866.053984	35.801000
0.352498	1865.796816	35.901000
0.352474	1865.506549	36.001000
0.352451	1865.251877	36.101000
0.352462	1864.942718	36.201000
0.352440	1864.686082	36.301000
0.352463	1864.379002	36.401000
0.352442	1864.114449	36.501000
0.352473	1863.841935	36.601000
0.352463	1863.593046	36.701000
0.352457	1863.254004	36.801000
0.352435	1863.004276	36.901000
0.352426	1862.716168	37.001000
0.352418	1862.452923	37.101000
0.352441	1862.144385	37.201000
0.352501	1861.854088	37.301000
0.352494	1861.573688	37.401000
0.352501	1861.297156	37.501000
0.352531	1861.002825	37.601000
0.352556	1860.749422	37.701000
0.352567	1860.452535	37.801000
0.352573	1860.161074	37.901000
0.352570	1859.886069	38.001000
0.352583	1859.588221	38.101000
0.352593	1859.275521	38.201000
0.352609	1858.997874	38.301000
0.352595	1858.734552	38.401000
0.352604	1858.432251	38.501000
0.352593	1858.159044	38.601000
0.352578	1857.859869	38.701000
0.352582	1857.647459	38.801000
0.352556	1857.313554	38.901000
0.352551	1857.029030	39.001000
0.352538	1856.755473	39.101000
0.352488	1856.492086	39.201000
0.352470	1856.215945	39.301000
0.352461	1855.927819	39.401000
0.352434	1855.679153	39.501000
0.352446	1855.397201	39.601000
0.352432	1855.119373	39.701000
0.352444	1854.840527	39.801000
0.352433	1854.591687	39.901000
0.352443	1854.287910	40.001000
0.352412	1854.703069	40.101000
0.352404	1854.228151	40.201000
0.352413	1853.533635	40.301000
0.352462	1853.124154	40.401000
0.352454	1852.841161	40.501000
0.352458	1852.558764	40.601000
0.352456	1852.258601	40.701000
0.352466	1851.954132	40.801000
0.352482	1851.707696	40.901000
0.352490	1851.398867	41.001000
0.352461	1851.126058	41.101000
0.352469	1850.834802	41.201000
0.352438	1850.586382	41.301000
0.352485	1850.282240	41.401000
0.352497	1849.996914	41.501000
0.352534	1849.720169	41.601000
0.352531	1849.449717	41.701000
0.352521	1849.167793	41.801000
0.352531	1848.869609	41.901000
0.352533	1848.636056	42.001000
0.352541	1848.355341	42.101000
0.352496	1848.037276	42.201000
0.352474	1847.765799	42.301000
0.352485	1847.477621	42.401000
0.352503	1847.191967	42.501000
0.352492	1846.912725	42.601000
0.352471	1846.645017	42.701000
0.352483	1846.354770	42.801000
0.352468	1846.077093	42.901000
0.352470	1845.784295	43.001000
0.352453	1845.570742	43.101000
0.352430	1845.230768	43.201000
0.352415	1844.968924	43.301000
0.352402	1844.684415	43.401000
0.352414	1844.386823	43.501000
0.352421	1844.114826	43.601000
0.352417	1843.821475	43.701000
0.352373	1843.555214	43.801000
0.352414	1843.256562	43.902000
0.352431	1842.952949	44.001000
0.352447	1842.692767	44.101000
0.352460	1842.422987	44.201000
0.352463	1842.097840	44.301000
0.352459	1841.809094	44.401000
0.352490	1841.500801	44.501000
0.352526	1841.195094	44.601000
0.352551	1840.921817	44.701000
0.352553	1840.641292	44.801000
0.352566	1840.340247	44.901000
0.352576	1840.058368	45.001000
0.352576	1839.761599	45.101000
0.352560	1839.523833	45.201000
0.352551	1839.844295	45.301000
0.352546	1839.477322	45.401000
0.352478	1838.828894	45.501000
0.352499	1838.394182	45.601000
0.352527	1838.107117	45.701000
0.352499	1837.846358	45.801000
0.352510	1837.571869	45.901000
0.352484	1837.272918	46.001000
0.352476	1836.995547	46.101000
0.352476	1836.702549	46.201000
0.352459	1836.488866	46.301000
0.352412	1836.173222	46.401000
0.352400	1835.893588	46.501000
0.352410	1835.604881	46.601000
0.352426	1835.336245	46.701000
0.352406	1835.054970	46.801000
0.352408	1834.757252	46.901000
0.352364	1834.476570	47.001000
0.352386	1834.183361	47.101000
0.352387	1833.889742	47.201000
0.352404	1833.648310	47.301000
0.352421	1833.394316	47.401000
0.352399	1833.059680	47.501000
0.352434	1832.763469	47.601000
0.352442	1832.469068	47.701000
0.352479	1832.183612	47.801000
0.352478	1831.904616	47.901000
0.352487	1831.609630	48.001000
0.352495	1831.332983	48.101000
0.352511	1831.030923	48.201000
0.352531	1830.746975	48.301000
0.352524	1830.508823	48.401000
0.352502	1830.223179	48.501000
0.352424	1829.924461	48.601000
0.352409	1829.649762	48.701000
0.352450	1829.351847	48.801000
0.352441	1829.080457	48.901000
0.352404	1828.812198	49.001000
0.352334	1828.547662	49.101000
0.352314	1828.264117	49.201000
0.352305	1827.988692	49.301000
0.352286	1827.725648	49.401000
0.352245	1827.532724	49.501000
0.352183	1827.209948	49.601000
0.352166	1826.944188	49.701000
0.352190	1826.650487	49.801000
0.352194	1826.368504	49.901000
0.352175	1826.111338	50.001000
0.352143	1825.865573	50.101000
0.352120	1825.568554	50.201000
0.352132	1825.280972	50.301000
0.352145	1824.989979	50.401000
0.352135	1825.074410	50.501000
0.352115	1825.083112	50.601000
0.352107	1824.457590	50.701000
0.352065	1823.856859	50.801000
0.352023	1823.549939	50.901000
0.351877	1823.283356	51.001000
0.351766	1822.986086	51.101000
0.351754	1822.689696	51.201000
0.351761	1822.428136	51.301000
0.351748	1822.114207	51.401000
0.351732	1821.836047	51.501000
0.351689	1821.604106	51.601000
0.351664	1821.327449	51.701000
0.351680	1821.023481	51.801000
0.351684	1820.746388	51.901000
0.351647	1820.458449	52.001000
0.351553	1820.202199	52.101000
0.351505	1819.924655	52.201000
0.351484	1819.648737	52.301000
0.351486	1819.358510	52.401000
0.351456	1819.108345	52.501000
0.351432	1818.800584	52.601000
0.351399	1818.596656	52.701000
0.351434	1818.239386	52.801000
0.351488	1817.964534	52.901000
0.351518	1817.666369	53.001000
0.351297	1817.388248	53.101000
0.351120	1817.125947	53.201000
0.351117	1816.847423	53.301000
0.350716	1816.565945	53.401000
0.349886	1816.259549	53.501000
0.349419	1815.969901	53.601000
0.349453	1815.718257	53.701000
0.348862	1815.497890	53.801000
0.348559	1815.139686	53.902000
0.348564	1814.864149	54.001000
0.348387	1814.562284	54.101000
0.348391	1814.286720	54.201000
0.348366	1814.013987	54.301000
0.348353	1813.736440	54.401000
0.348228	1813.427526	54.501000
0.348023	1813.134301	54.601000
0.347987	1812.856633	54.701000
0.348017	1812.603096	54.801000
0.348577	1812.325100	54.901000
0.348831	1812.043603	55.001000
0.348838	1811.750050	55.101000
0.348801	1811.470880	55.201000
0.348771	1811.190472	55.301000
0.348866	1810.919867	55.401000
0.348925	1810.632032	55.501000
0.348956	1810.359331	55.601000
0.348867	1810.161832	55.701000
0.348854	1810.528075	55.801000
0.348673	1810.020617	55.901000
0.348573	1809.288894	56.001000
0.348560	1808.968460	56.101000
0.348453	1808.684912	56.201000
0.348164	1808.397682	56.301000
0.348120	1808.131155	56.401000
0.348084	1807.853968	56.501000
0.348060	1807.570330	56.601000
0.348002	1807.307607	56.701000
0.347962	1807.025736	56.801000
0.347834	1806.762991	56.901000
0.347760	1806.531304	57.001000
0.347794	1806.198754	57.101000
0.347722	1805.909191	57.201000
0.345256	1805.575254	57.301000
0.342866	1805.263986	57.401000
0.337343	1804.947911	57.501000
0.313990	1806.669305	57.601000
0.304102	1806.449494	57.701000
0.301509	1806.072441	57.801000
0.299569	1805.658550	57.902000
0.299718	1805.433516	58.001000
0.299657	1805.133388	58.101000
0.299015	1804.761158	58.201000
0.300275	1804.563352	58.301000
0.299526	1804.230878	58.401000
0.300350	1804.007996	58.501000
0.301969	1803.821201	58.601000
0.302552	1803.581543	58.701000
0.302474	1803.304705	58.801000
0.301978	1802.996890	58.901000
0.301830	1802.719691	59.001000
0.302749	1802.552618	59.101000
0.302804	1802.213002	59.201000
0.303137	1801.964034	59.301000
0.302450	1801.654374	59.401000
0.302291	1801.363663	59.501000
0.303192	1801.144076	59.601000
0.303091	1800.869847	59.701000
0.304758	1800.683304	59.801000
0.305681	1800.464214	59.901000
0.305301	1800.162389	60.001000
0.306045	1799.934399	60.101000
0.305962	1799.696273	60.201000
0.305367	1799.302891	60.301000
0.305187	1799.004542	60.401000
0.305807	1798.764016	60.501000
0.307368	1798.564953	60.601000
0.307647	1798.303825	60.701000
0.307385	1797.985377	60.801000
0.307572	1797.750872	60.901000
0.308223	1798.089957	61.001000
0.309137	1797.792497	61.101000
0.309409	1797.209367	61.201000
0.309626	1796.777517	61.301000
0.309303	1796.426342	61.401000
0.306698	1796.004805	61.501000
0.306249	1795.690956	61.601000
0.306585	1795.420353	61.701000
0.305752	1795.095005	61.801000
0.304272	1794.736248	61.901000
0.305288	1794.501828	62.001000
0.307420	1794.348062	62.101000
0.308443	1794.137696	62.201000
0.307880	1793.863702	62.301000
0.306707	1793.485005	62.401000
0.305575	1793.131803	62.501000
0.304739	1792.810185	62.601000
0.306080	1792.624508	62.701000
0.307592	1792.439835	62.801000
0.307919	1792.167788	62.901000
0.307653	1791.922329	63.001000
0.307935	1791.651633	63.101000
0.308758	1791.440090	63.201000
0.308734	1791.169084	63.301000
0.308635	1790.909995	63.401000
0.308929	1790.579389	63.501000
0.309692	1790.338967	63.601000
0.309876	1790.084315	63.701000
0.310653	1789.840978	63.801000
0.310352	1789.547838	63.901000
0.309411	1789.201455	64.001000
0.308231	1788.873912	64.101000
0.307670	1788.566303	64.201000
0.307685	1788.289939	64.301000
0.308142	1788.037489	64.401000
0.308459	1787.797512	64.501000
0.308820	1787.481167	64.601000
0.309454	1787.224602	64.701000
0.309255	1786.917766	64.801000
0.308931	1786.614904	64.901000
0.307988	1786.297231	65.001000
0.306993	1785.961546	65.101000
0.307166	1785.693043	65.201000
0.308077	1785.477477	65.301000
0.308707	1785.251274	65.401000
0.308665	1784.988242	65.501000
0.308697	1784.692280	65.601000
0.308635	1784.385867	65.701000
0.308527	1784.115334	65.801000
0.308119	1783.817868	65.901000
0.307907	1783.525956	66.001000
0.306694	1783.213661	66.101000
0.306111	1783.385035	66.201000
0.306792	1783.224993	66.301000
0.307620	1782.701528	66.401000
0.308338	1782.259739	66.501000
0.307903	1781.989365	66.601000
0.307294	1781.629278	66.701000
0.307799	1781.356536	66.801000
0.308076	1781.107030	66.901000
0.307503	1780.825615	67.001000
0.307267	1780.512739	67.101000
0.307547	1780.265582	67.201000
0.306206	1779.932133	67.301000
0.306702	1779.698095	67.401000
0.307233	1779.464715	67.501000
0.307843	1779.245132	67.601000
0.307932	1778.969823	67.701000
0.308590	1778.672261	67.801000
0.309111	1778.429797	67.901000
0.310312	1778.228464	68.001000
0.311606	1778.469265	68.101000
0.311285	1778.405898	68.201000
0.310226	1777.374115	68.301000
0.309729	1777.079962	68.401000
0.309430	1776.808425	68.501000
0.309465	1776.542478	68.601000
0.307916	1776.194501	68.701000
0.307963	1775.857161	68.801000
0.309587	1775.641596	68.901000
0.310417	1775.446114	69.001000
0.310206	1775.168337	69.101000
0.309727	1774.914628	69.201000
0.309651	1774.582578	69.301000
0.310313	1774.349043	69.401000
0.309736	1774.074911	69.501000
0.307184	1773.706911	69.601000
0.306435	1773.394746	69.701000
0.306125	1773.093858	69.801000
0.306165	1772.758954	69.901000
0.307866	1772.573478	70.001000
0.308654	1772.358618	70.101000
0.308811	1772.090015	70.201000
0.309396	1771.842127	70.301000
0.308961	1771.533896	70.401000
0.308712	1771.241315	70.501000
0.308546	1770.977618	70.601000
0.308709	1770.709698	70.701000
0.309304	1770.454830	70.801000
0.309667	1770.162925	70.901000
0.309891	1769.810906	71.001000
0.310595	1769.584327	71.101000
0.310233	1769.309599	71.201000
0.309582	1768.985196	71.301000
0.309700	1768.884171	71.401000
0.309142	1769.132332	71.501000
0.309142	1768.490666	71.601000
0.309449	1767.939597	71.701000
0.308631	1767.631051	71.801000
0.309251	1767.382635	71.901000
0.309630	1767.086842	72.001000
0.309252	1766.724751	72.101000
0.309612	1766.506679	72.201000
0.310039	1766.263647	72.301000
0.311119	1766.060550	72.401000
0.311380	1765.792217	72.501000
0.309514	1765.407153	72.601000
0.307571	1765.065897	72.701000
0.307658	1764.825236	72.801000
0.308400	1764.613849	72.901000
0.309187	1764.371703	73.001000
0.309662	1764.060749	73.101000
0.309565	1763.767805	73.201000
0.308995	1763.466037	73.301000
0.309092	1763.201585	73.401000
0.309253	1762.933980	73.501000
0.309428	1762.661262	73.601000
0.309679	1762.416966	73.701000
0.310031	1762.182556	73.801000
0.310125	1761.905454	73.901000
0.309780	1761.601873	74.001000
0.311060	1761.376898	74.101000
0.312441	1761.078566	74.201000
0.313202	1760.856488	74.301000
0.313822	1760.602168	74.401000
0.313896	1760.339134	74.501000
0.313762	1760.041423	74.601000
0.313984	1759.772120	74.701000
0.313688	1759.485097	74.801000
0.313104	1759.184349	74.901000
0.312861	1758.919966	75.001000
0.312679	1758.639074	75.101000
0.312849	1758.331334	75.201000
0.312999	1758.023808	75.301000
0.313002	1757.766833	75.401000
0.313167	1757.503232	75.501000
0.313865	1757.284833	75.601000
0.313535	1757.003575	75.701000
0.311933	1756.652748	75.801000
0.310386	1756.310818	75.901000
0.309111	1756.012460	76.001000
0.308277	1755.725087	76.101000
0.308427	1755.440242	76.201000
0.308946	1755.114297	76.301000
0.309472	1754.875661	76.401000
0.309757	1754.622779	76.501000
0.309906	1754.375591	76.601000
0.310383	1754.761856	76.701000
0.310909	1754.414332	76.801000
0.310781	1753.714417	76.901000
0.310427	1753.325781	77.001000
0.310481	1753.059799	77.101000
0.310392	1752.800894	77.201000
0.310351	1752.496715	77.301000
0.310789	1752.163459	77.401000
0.311020	1751.883557	77.501000
0.311151	1751.605928	77.601000
0.311336	1751.337054	77.701000
0.311618	1751.079161	77.801000
0.312218	1750.842192	77.901000
0.312776	1750.611875	78.001000
0.313184	1750.380010	78.101000
0.313221	1750.113268	78.201000
0.313503	1749.835276	78.301000
0.314017	1749.553796	78.401000
0.313934	1749.218197	78.501000
0.313688	1748.942814	78.601000
0.313870	1748.706972	78.701000
0.313313	1748.384780	78.801000
0.313041	1748.085494	78.901000
0.313352	1747.832470	79.001000
0.313090	1747.570516	79.101000
0.312029	1747.240494	79.201000
0.311167	1746.955955	79.301000
0.310650	1746.643198	79.401000
0.311030	1746.341559	79.501000
0.312017	1746.081803	79.601000
0.312698	1745.861501	79.701000
0.313388	1745.613644	79.801000
0.313699	1745.358623	79.901000
0.313708	1745.074577	80.001000
0.313273	1744.798687	80.101000
0.312884	1744.511698	80.201000
0.312320	1744.230074	80.301000
0.311106	1743.902526	80.401000
0.310999	1743.596283	80.501000
0.312424	1743.298873	80.601000
0.313532	1743.078968	80.701000
0.314495	1742.869007	80.801000
0.314982	1742.624733	80.901000
0.315464	1742.386340	81.001000
0.316426	1742.145562	81.101000
0.317148	1741.932941	81.201000
0.317079	1741.675858	81.301000
0.316906	1741.398722	81.401000
0.316844	1741.118546	81.501000
0.317163	1740.919308	81.601000
0.317141	1740.592277	81.701000
0.317008	1740.321715	81.801000
0.316276	1740.439354	81.901000
0.316113	1740.375886	82.001000
0.316207	1739.762403	82.101000
0.316256	1739.255964	82.201000
0.316412	1738.995897	82.301000
0.316296	1738.741717	82.401000
0.315646	1738.429561	82.501000
0.314765	1738.153097	82.601000
0.313279	1737.819259	82.701000
0.312837	1737.504949	82.801000
0.312890	1737.240187	82.901000
0.312800	1736.983801	83.001000
0.313099	1736.731089	83.101000
0.313717	1736.498516	83.201000
0.314024	1736.253957	83.301000
0.314151	1735.987041	83.401000
0.314346	1735.732741	83.501000
0.314851	1735.489956	83.601000
0.314541	1735.261207	83.701000
0.314120	1734.907287	83.801000
0.313332	1734.576488	83.901000
0.313184	1734.287569	84.001000
0.312816	1733.990394	84.101000
0.311991	1733.664315	84.201000
0.311837	1733.380292	84.301000
0.311408	1733.074964	84.401000
0.311006	1732.795429	84.501000
0.311371	1732.575381	84.601000
0.311669	1732.368199	84.701000
0.312249	1732.182994	84.801000
0.312601	1731.926033	84.901000
0.312728	1731.668149	85.001000
0.312507	1731.390177	85.101000
0.312434	1731.108603	85.201000
0.312780	1730.868636	85.301000
0.312976	1730.616945	85.401000
0.312855	1730.351133	85.501000
0.313384	1730.138424	85.601000
0.314203	1729.933738	85.701000
0.314711	1729.734781	85.801000
0.315020	1729.479929	85.901000
0.315289	1729.238505	86.001000
0.315164	1728.981433	86.101000
0.314968	1728.712361	86.201000
0.315031	1728.435756	86.301000
0.315023	1728.172078	86.401000
0.315156	1727.902675	86.501000
0.315234	1727.656141	86.601000
0.315254	1727.398233	86.701000
0.315498	1727.138489	86.801000
0.315767	1726.947726	86.901000
0.315918	1726.637671	87.001000
0.315553	1726.504131	87.101000
0.315161	1726.723282	87.201000
0.315040	1726.221441	87.301000
0.315028	1725.501651	87.401000
0.314035	1725.179122	87.501000
0.313561	1724.877984	87.601000
0.313618	1724.609892	87.701000
0.314236	1724.365507	87.801000
0.314365	1724.121990	87.901000
0.314545	1723.872315	88.001000
0.314798	1723.592620	88.101000
0.314392	1723.320099	88.201000
0.313759	1723.020244	88.301000
0.313122	1722.728083	88.401000
0.311967	1722.400476	88.501000
0.311164	1722.077155	88.601000
0.310804	1721.820885	88.701000
0.310324	1721.517324	88.801000
0.310705	1721.309543	88.901000
0.311730	1721.174808	89.001000
0.312307	1720.910390	89.101000
0.313109	1720.727644	89.201000
0.313369	1720.487250	89.301000
0.313340	1720.236793	89.401000
0.313050	1719.948573	89.501000
0.312835	1719.661581	89.601000
0.312874	1719.392121	89.701000
0.312583	1719.125045	89.801000
0.313052	1718.888640	89.901000
0.313179	1718.783389	90.001000
0.313208	1718.394523	90.101000
0.313276	1718.075306	90.201000
0.312421	1717.766881	90.301000
0.313502	1717.561906	90.401000
0.314596	1717.365198	90.501000
0.314665	1717.086165	90.601000
0.314071	1716.761360	90.701000
0.313244	1716.445219	90.801000
0.313009	1716.180856	90.901000
0.312953	1715.923365	91.001000
0.312999	1715.697039	91.101000
0.313266	1715.417709	91.201000
0.313840	1715.166003	91.301000
0.314360	1714.964373	91.401000
0.314695	1714.734560	91.501000
0.314480	1714.468148	91.601000
0.313631	1714.181809	91.701000
0.313030	1713.896834	91.801000
0.312513	1713.606879	91.901000
0.311973	1713.324132	92.001000
0.311346	1713.037702	92.101000
0.311043	1712.779490	92.201000
0.310716	1712.448196	92.301000
0.310874	1712.779172	92.401000
0.311160	1712.484720	92.501000
0.311466	1711.929079	92.601000
0.311015	1711.453236	92.701000
0.310544	1711.153168	92.801000
0.310681	1710.899038	92.901000
0.310376	1710.615731	93.001000
0.310527	1710.355573	93.101000
0.311106	1710.165208	93.201000
0.311663	1709.913253	93.301000
0.311960	1709.649348	93.401000
0.312540	1709.418995	93.501000
0.312763	1709.165344	93.601000
0.312710	1708.890369	93.701000
0.312242	1708.602649	93.801000
0.312823	1708.369140	93.901000
0.313772	1708.173734	94.001000
0.314291	1707.939167	94.101000
0.314320	1707.660466	94.201000
0.314299	1707.447392	94.301000
0.314016	1707.113309	94.401000
0.313083	1706.796981	94.501000
0.311980	1706.454361	94.601000
0.311310	1706.152361	94.701000
0.311595	1705.920903	94.801000
0.312115	1705.695556	94.901000
0.312596	1705.479275	95.001000
0.312993	1705.283804	95.101000
0.313688	1705.067384	95.201000
0.314167	1704.862190	95.301000
0.313537	1704.570061	95.401000
0.312988	1704.240080	95.501000
0.312032	1703.923176	95.601000
0.312063	1703.676579	95.701000
0.312503	1703.429573	95.801000
0.311693	1703.118188	95.901000
0.311246	1702.830056	96.001000
current through plasma (-mA) <tab> voltage across plasma (-V) <tab> time (sec)
0.309610	2437.888159	0.001000
0.311582	2436.798487	0.101000
0.310523	2436.974573	0.201000
0.309837	2437.468794	0.301000
0.310460	2437.304887	0.401000
0.310991	2437.004734	0.501000
0.311394	2436.650653	0.601000
0.312048	2436.238935	0.701000
0.314173	2434.587338	0.801000
0.317370	2432.500480	0.901000
0.318372	2431.984112	1.001000
0.318733	2431.589750	1.101000
0.318505	2431.197659	1.201000
0.317742	2430.913451	1.301000
0.316565	2430.454722	1.401000
0.316205	2430.082204	1.501000
0.316636	2429.647713	1.601000
0.317227	2429.228531	1.701000
0.317203	2429.112981	1.801000
0.317064	2429.004292	1.901000
0.316781	2428.473504	2.001000
0.316012	2427.713348	2.101000
0.315962	2427.316278	2.201000
0.315947	2426.943828	2.301000
0.316033	2426.551283	2.401000
0.315796	2426.143243	2.501000
0.316155	2425.719515	2.601000
0.316573	2425.268489	2.701000
0.317129	2424.844446	2.801000
0.317911	2424.393100	2.901000
0.318260	2423.954915	3.001000
0.318251	2423.555957	3.101000
0.317875	2423.178085	3.201000
0.317591	2422.809237	3.301000
0.316986	2422.499515	3.401000
0.316464	2422.123135	3.501000
0.315780	2421.807741	3.601000
0.315455	2421.469742	3.701000
0.315402	2421.069325	3.801000
0.315496	2420.688112	3.901000
0.314306	2420.801657	4.001000
0.314046	2420.739725	4.101000
0.313998	2420.292368	4.201000
0.314065	2419.920471	4.301000
0.314493	2419.344067	4.401000
0.315969	2418.231477	4.501000
0.315578	2417.809074	4.601000
0.315571	2417.419926	4.701000
0.314689	2417.547212	4.801000
0.314471	2417.432655	4.901000
0.315472	2416.595101	5.001000
0.316293	2415.664535	5.101000
0.316733	2415.220065	5.201000
0.317389	2414.734091	5.301000
0.317404	2414.309516	5.401000
0.317445	2413.940771	5.501000
0.316896	2413.624799	5.601000
0.316472	2413.231369	5.701000
0.316127	2412.918895	5.801000
0.314246	2413.560002	5.901000
0.311816	2414.592535	6.001000
0.311176	2414.170185	6.101000
0.310889	2413.741005	6.201000
0.310229	2413.321254	6.301000
0.309887	2412.902793	6.401000
0.309844	2412.483345	6.501000
0.310255	2412.158688	6.601000
0.311051	2411.731302	6.701000
0.312180	2411.342670	6.801000
0.312742	2410.964482	6.901000
0.312526	2410.567392	7.001000
0.312484	2410.519097	7.101000
0.312559	2410.336214	7.201000
0.312795	2409.645468	7.301000
0.312915	2408.918552	7.401000
0.313439	2408.524464	7.501000
0.314007	2408.147625	7.601000
0.314323	2407.809992	7.701000
0.314299	2407.349299	7.801000
0.314457	2406.951583	7.901000
0.314732	2406.549710	8.001000
0.314645	2406.154713	8.101000
0.314641	2405.756997	8.201000
0.314868	2405.359957	8.301000
0.315175	2404.957546	8.401000
0.315617	2404.559565	8.501000
0.315197	2404.155149	8.601000
0.314759	2403.712208	8.701000
0.314995	2403.339994	8.801000
0.315289	2402.854618	8.901000
0.315504	2402.435723	9.001000
0.315327	2402.043266	9.101000
0.315319	2401.612722	9.201000
0.315240	2401.190367	9.301000
0.314695	2400.785989	9.401000
0.314509	2400.363923	9.501000
0.314828	2399.975850	9.601000
0.314883	2399.564368	9.701000
0.314701	2399.199910	9.801000
0.314839	2398.775301	9.901000
0.315168	2398.361726	10.001000
0.315367	2397.948749	10.101000
0.315463	2397.559828	10.201000
0.315376	2397.164431	10.301000
0.315354	2396.736117	10.401000
0.315327	2396.339930	10.501000
0.315401	2395.945105	10.601000
0.315246	2395.557735	10.701000
0.315075	2395.161192	10.801000
0.315043	2394.791973	10.901000
0.314858	2394.326903	11.001000
0.314495	2393.893464	11.101000
0.314365	2393.456006	11.201000
0.314403	2393.069235	11.301000
0.314466	2392.673404	11.401000
0.314472	2392.275453	11.501000
0.314341	2391.841364	11.601000
0.314425	2391.441396	11.701000
0.314708	2391.040095	11.801000
0.314996	2390.650435	11.901000
0.315285	2390.294593	12.001000
0.315525	2389.872010	12.101000
0.315108	2389.440277	12.201000
0.315068	2389.136613	12.301000
0.315318	2389.325689	12.401000
0.314981	2388.647648	12.501000
0.313844	2387.821259	12.601000
0.313317	2387.338179	12.701000
0.312225	2386.899411	12.801000
0.311314	2386.467565	12.901000
0.311171	2386.081904	13.001000
0.311722	2385.715170	13.101000
0.312062	2385.269506	13.201000
0.312419	2384.903722	13.301000
0.312869	2384.513835	13.401000
0.312922	2384.115109	13.501000
0.312765	2383.736117	13.601000
0.313277	2383.344177	13.701000
0.313327	2382.936177	13.801000
0.312923	2382.516679	13.901000
0.312341	2382.087548	14.001000
0.312117	2381.678494	14.101000
0.312084	2381.265198	14.201000
0.312257	2380.846579	14.301000
0.312410	2380.473515	14.401000
0.312385	2380.018490	14.501000
0.312272	2379.596788	14.601000
0.312541	2379.185333	14.701000
0.312707	2378.795643	14.801000
0.312580	2378.373941	14.901000
0.312637	2377.972371	15.001000
0.312786	2377.604607	15.101000
0.312937	2377.255046	15.201000
0.313213	2376.832912	15.301000
0.312955	2376.411012	15.401000
0.312678	2375.997620	15.501000
0.312901	2375.591306	15.601000
0.312842	2375.184587	15.701000
0.312526	2374.792817	15.801000
0.312375	2374.366959	15.901000
0.312225	2373.962421	16.001000
0.312291	2373.574329	16.101000
0.312641	2373.174825	16.201000
0.313054	2372.862731	16.301000
0.313151	2372.409093	16.401000
0.312953	2372.030452	16.501000
0.313039	2371.666182	16.601000
0.312900	2371.238941	16.701000
0.312842	2370.825447	16.801000
0.312995	2370.433923	16.901000
0.312799	2370.021675	17.001000
0.312656	2369.615650	17.101000
0.312277	2369.198657	17.201000
0.311979	2368.788191	17.301000
0.312040	2368.423700	17.401000
0.312243	2367.970228	17.501000
0.312293	2368.151804	17.601000
0.312381	2367.684623	17.701000
0.312234	2366.900161	17.801000
0.312297	2366.347515	17.901000
0.312390	2365.967295	18.001000
0.312385	2365.562496	18.101000
0.312450	2365.147651	18.201000
0.312447	2364.763729	18.301000
0.312740	2364.389217	18.401000
0.312825	2363.985274	18.501000
0.312705	2363.545302	18.601000
0.312644	2363.158246	18.701000
0.312395	2362.782613	18.801000
0.312436	2362.403155	18.901000
0.312230	2361.994805	19.001000
0.311961	2361.592056	19.101000
0.311621	2361.178963	19.201000
0.311524	2360.787775	19.301000
0.311016	2360.399015	19.401000
0.311047	2360.076009	19.501000
0.311151	2359.683145	19.601000
0.310957	2359.242911	19.701000
0.310606	2358.829354	19.801000
0.310385	2358.436802	19.901000
0.310978	2358.043586	20.001000
0.311840	2357.703115	20.101000
0.312553	2357.328240	20.201000
0.312749	2356.937054	20.302000
0.312674	2356.502466	20.401000
0.312366	2356.075728	20.501000
0.312290	2355.740469	20.601000
0.312599	2355.274225	20.701000
0.312719	2354.869101	20.801000
0.313104	2354.499122	20.901000
0.313669	2354.139720	21.001000
0.313877	2353.757904	21.101000
0.313736	2353.342200	21.201000
0.313609	2352.947345	21.301000
0.313676	2352.548621	21.401000
0.313927	2352.150620	21.501000
0.314040	2351.758673	21.601000
0.313619	2351.392046	21.701000
0.313507	2350.959390	21.801000
0.313707	2350.580253	21.901000
0.313969	2350.182033	22.001000
0.314398	2349.811280	22.101000
0.314577	2349.428603	22.201000
0.314650	2349.020642	22.301000
0.314227	2348.633606	22.401000
0.313658	2348.254657	22.501000
0.313573	2347.896084	22.601000
0.313857	2347.547929	22.701000
0.313626	2347.473540	22.801000
0.312676	2347.282651	22.901000
0.312234	2346.592814	23.001000
0.311735	2345.844244	23.101000
0.311286	2345.423259	23.201000
0.310958	2345.047377	23.301000
0.310745	2344.628774	23.401000
0.310432	2344.204983	23.501000
0.309695	2343.762744	23.601000
0.309361	2343.339828	23.701000
0.308975	2342.973013	23.801000
0.309491	2342.580095	23.901000
0.310035	2342.207526	24.001000
0.310309	2341.814286	24.101000
0.310716	2341.409927	24.201000
0.311274	2341.031914	24.301000
0.311684	2340.678220	24.401000
0.311464	2340.251593	24.501000
0.311035	2339.832769	24.601000
0.310290	2339.417001	24.701000
0.310366	2339.037129	24.801000
0.310561	2338.731553	24.901000
0.310491	2338.272825	25.001000
0.310540	2337.910188	25.101000
0.310384	2337.484624	25.201000
0.310662	2337.114827	25.301000
0.310732	2336.751168	25.401000
0.310840	2336.402805	25.501000
0.310957	2336.033535	25.601000
0.311473	2335.677278	25.701000
0.312058	2335.331068	25.801000
0.312199	2334.972559	25.901000
0.312722	2334.640989	26.001000
0.313908	2334.260432	26.101000
0.314376	2333.901165	26.201000
0.314450	2333.522428	26.301000
0.314560	2333.137891	26.401000
0.314684	2332.744801	26.501000
0.314431	2332.335786	26.601000
0.314003	2331.940782	26.701000
0.314339	2331.556281	26.801000
0.314616	2331.159190	26.901000
0.314771	2330.817800	27.001000
0.314900	2330.429981	27.101000
0.314853	2330.035307	27.201000
0.314782	2329.652210	27.301000
0.314907	2329.271672	27.401000
0.315210	2328.886565	27.501000
0.316065	2328.527121	27.601000
0.316647	2328.152228	27.701000
0.316514	2327.765878	27.801000
0.316398	2327.367662	27.901000
0.316264	2326.974232	28.001000
0.315913	2327.338009	28.101000
0.316062	2326.672777	28.201000
0.316457	2325.912219	28.301000
0.316462	2325.420473	28.401000
0.316498	2325.049133	28.501000
0.316445	2324.693753	28.601000
0.316120	2324.349456	28.701000
0.315641	2323.959253	28.801000
0.315506	2323.559414	28.901000
0.315535	2323.192773	29.001000
0.315602	2322.848468	29.101000
0.315670	2322.480026	29.201000
0.316015	2322.075963	29.301000
0.316031	2321.694178	29.401000
0.316157	2321.294189	29.501000
0.316359	2320.930801	29.601000
0.316932	2320.552443	29.701000
0.317023	2320.182378	29.801000
0.317299	2319.810791	29.901000
0.317654	2319.402638	30.001000
0.317669	2319.070502	30.101000
0.317063	2318.688263	30.201000
0.316366	2318.278331	30.301000
0.316174	2317.844022	30.401000
0.316414	2317.452248	30.501000
0.316411	2317.061978	30.601000
0.316114	2316.666762	30.701000
0.315598	2316.249097	30.801000
0.315449	2315.864523	30.901000
0.315401	2315.481746	31.001000
0.315567	2315.102331	31.101000
0.315195	2314.673947	31.201000
0.314735	2314.341916	31.301000
0.314226	2313.877169	31.401000
0.314054	2313.471929	31.501000
0.314012	2313.095209	31.601000
0.314187	2312.755044	31.701000
0.314074	2312.394010	31.801000
0.313925	2311.986794	31.901000
0.314163	2311.625926	32.001000
0.314557	2311.292936	32.101000
0.314615	2310.894918	32.201000
0.314465	2310.518669	32.301000
0.314249	2310.153804	32.401000
0.314089	2309.743623	32.501000
0.313994	2309.372512	32.601000
0.314197	2309.002234	32.701000
0.314399	2308.607515	32.801000
0.314415	2308.231170	32.901000
0.313888	2307.836854	33.001000
0.313322	2307.450574	33.101000
0.313243	2307.050901	33.201000
0.313025	2307.130983	33.301000
0.312945	2306.854838	33.401000
0.312971	2306.106945	33.501000
0.312781	2305.454590	33.601000
0.312753	2305.057893	33.701000
0.313092	2304.675903	33.801000
0.313416	2304.326468	33.901000
0.313880	2303.983303	34.001000
0.314384	2303.632093	34.101000
0.314645	2303.246484	34.201000
0.314932	2302.882459	34.301000
0.315347	2302.508116	34.401000
0.315386	2302.187136	34.501000
0.315286	2301.744369	34.601000
0.315639	2301.395927	34.701000
0.315617	2301.048093	34.801000
0.315076	2300.676974	34.901000
0.314161	2300.278131	35.001000
0.314038	2299.930672	35.101000
0.313731	2299.523401	35.201000
0.313348	2299.145764	35.301000
0.312988	2298.735213	35.401000
0.313204	2298.401195	35.501000
0.313353	2298.065409	35.601000
0.313689	2297.661602	35.701000
0.314115	2297.284732	35.801000
0.314266	2296.895695	35.901000
0.314293	2296.532660	36.001000
0.314362	2296.166682	36.101000
0.314577	2295.765096	36.201000
0.314614	2295.414842	36.301000
0.314690	2295.046606	36.401000
0.314711	2294.685815	36.501000
0.314450	2294.324715	36.601000
0.313771	2293.895616	36.701000
0.313543	2293.474241	36.801000
0.313106	2293.051804	36.901000
0.312311	2292.626488	37.001000
0.311925	2292.265798	37.101000
0.312428	2291.900279	37.201000
0.313230	2291.548941	37.301000
0.313826	2291.177327	37.401000
0.313952	2290.804541	37.501000
0.314347	2290.430908	37.601000
0.314064	2290.104575	37.701000
0.313822	2289.662367	37.801000
0.313390	2289.278494	37.901000
0.313123	2288.918549	38.001000
0.313123	2288.554797	38.101000
0.313051	2288.160397	38.201000
0.313014	2287.780962	38.301000
0.312579	2287.399863	38.401000
0.312471	2287.147725	38.501000
0.312554	2287.319637	38.601000
0.312578	2286.723605	38.701000
0.312738	2286.014898	38.801000
0.313192	2285.585030	38.901000
0.313131	2285.200212	39.001000
0.312576	2284.820118	39.101000
0.311733	2284.391775	39.201000
0.311156	2284.012965	39.301000
0.311302	2283.641033	39.401000
0.311675	2283.271553	39.501000
0.312066	2282.908400	39.601000
0.312293	2282.530343	39.701000
0.312932	2282.196314	39.801000
0.313070	2281.822952	39.901000
0.313453	2281.423382	40.001000
0.313616	2281.050069	40.101000
0.313657	2280.663014	40.201000
0.313311	2280.316331	40.301000
0.313346	2279.928729	40.401000
0.313641	2279.585625	40.501000
0.313808	2279.205177	40.601000
0.313833	2278.803399	40.701000
0.313664	2278.431132	40.801000
0.313387	2278.113843	40.901000
0.312851	2277.660187	41.001000
0.312823	2277.301211	41.101000
0.312682	2276.969260	41.201000
0.312793	2276.633173	41.301000
0.312749	2276.263750	41.401000
0.312527	2275.905761	41.501000
0.312289	2275.530475	41.601000
0.312342	2275.129792	41.701000
0.312507	2274.767182	41.801000
0.312039	2274.394386	41.901000
0.311248	2274.027165	42.001000
0.311100	2273.594273	42.101000
0.311280	2273.220332	42.201000
0.311622	2272.880281	42.301000
0.311764	2272.524263	42.401000
0.311823	2272.151214	42.501000
0.311741	2271.783662	42.601000
0.311811	2271.423877	42.701000
0.311805	2271.064709	42.801000
0.311865	2270.700524	42.901000
0.311991	2270.336876	43.001000
0.312111	2269.988282	43.101000
0.312283	2269.579427	43.201000
0.312746	2269.233360	43.301000
0.313036	2268.864482	43.401000
0.313309	2268.489162	43.501000
0.313372	2268.119444	43.601000
0.313342	2267.733720	43.701000
0.313339	2267.914708	43.801000
0.313115	2267.476080	43.901000
0.312927	2266.765678	44.001000
0.312945	2266.251121	44.101000
0.312951	2265.864055	44.201000
0.312890	2265.493778	44.301000
0.313098	2265.167209	44.401000
0.313228	2264.799640	44.501000
0.313123	2264.419587	44.601000
0.312994	2264.062102	44.701000
0.312934	2263.678965	44.801000
0.312830	2263.304607	44.901000
0.312180	2262.912815	45.001000
0.311942	2262.543385	45.101000
0.311954	2262.227931	45.201000
0.312392	2261.854899	45.301000
0.312823	2261.486792	45.401000
0.312850	2261.129641	45.501000
0.312871	2260.745310	45.601000
0.313309	2260.391034	45.701000
0.313436	2260.049937	45.801000
0.313223	2259.667329	45.901000
0.312972	2259.272544	46.001000
0.312759	2258.901922	46.101000
0.312907	2258.513256	46.201000
0.313040	2258.206133	46.301000
0.313119	2257.767007	46.401000
0.312978	2257.359595	46.501000
0.313209	2257.011633	46.601000
0.313593	2256.654718	46.701000
0.313436	2256.278505	46.801000
0.313228	2255.897751	46.901000
0.313004	2255.491834	47.001000
0.312362	2255.091841	47.101000
0.312425	2254.727731	47.201000
0.312144	2254.363337	47.301000
0.311834	2254.006121	47.401000
0.311704	2253.640139	47.501000
0.311746	2253.301905	47.601000
0.311504	2252.932801	47.701000
0.311746	2252.576448	47.801000
0.311695	2252.337257	47.901000
0.311847	2252.645886	48.001000
0.312248	2251.772693	48.101000
0.311869	2251.126329	48.201000
0.312398	2250.795886	48.301000
0.313118	2250.542177	48.401000
0.313296	2250.156207	48.501000
0.313512	2249.793496	48.601000
0.313694	2249.438813	48.701000
0.313763	2249.075999	48.801000
0.313386	2248.692489	48.901000
0.312906	2248.526072	49.001000
0.312822	2248.529205	49.101000
0.312969	2248.008480	49.201000
0.312982	2247.240372	49.301000
0.312869	2246.834383	49.401000
0.313003	2246.509716	49.501000
0.312519	2246.054578	49.601000
0.311916	2245.651019	49.701000
0.311921	2245.275010	49.801000
0.312335	2244.919425	49.901000
0.313014	2244.590545	50.001000
0.312631	2244.211309	50.101000
0.312251	2243.840338	50.201000
0.312560	2243.474822	50.301000
0.312252	2243.113760	50.401000
0.311803	2242.738028	50.501000
0.311763	2242.384497	50.601000
0.311066	2241.952419	50.701000
0.311158	2241.617491	50.801000
0.311664	2241.296889	50.901000
0.311867	2240.963851	51.001000
0.311885	2240.585581	51.101000
0.311084	2240.174302	51.201000
0.310643	2239.812387	51.301000
0.310656	2239.433831	51.401000
0.310430	2239.082443	51.501000
0.310556	2238.773600	51.601000
0.310599	2238.375253	51.701000
0.310650	2237.987559	51.801000
0.310481	2237.607161	51.901000
0.310318	2237.249052	52.001000
0.310133	2236.895868	52.101000
0.310566	2236.520157	52.201000
0.311068	2236.181664	52.301000
0.311192	2235.845817	52.401000
0.311681	2235.515330	52.501000
0.311997	2235.188538	52.601000
0.311494	2234.844805	52.701000
0.311217	2234.421206	52.801000
0.311422	2234.058211	52.901000
0.311813	2233.711536	53.001000
0.312209	2233.374506	53.101000
0.313441	2233.057612	53.201000
0.314333	2232.748876	53.301000
0.314532	2232.392554	53.401000
0.314375	2232.018598	53.501000
0.314214	2231.641185	53.601000
0.314178	2231.296572	53.701000
0.314562	2231.001557	53.801000
0.314832	2230.566542	53.901000
0.314478	2230.216362	54.001000
0.313777	2229.885600	54.101000
0.313769	2229.547429	54.201000
0.314332	2229.590632	54.301000
0.314355	2229.486720	54.401000
0.313980	2228.803504	54.501000
0.313408	2228.152982	54.601000
0.313526	2227.792517	54.701000
0.314172	2227.481200	54.801000
0.314592	2227.185368	54.901000
0.314593	2226.810457	55.001000
0.314286	2226.442012	55.101000
0.314247	2226.077057	55.201000
0.313991	2225.703707	55.301000
0.314601	2225.391882	55.401000
0.314933	2225.035068	55.501000
0.314758	2224.677375	55.601000
0.314249	2224.304333	55.701000
0.314790	2223.983492	55.801000
0.315155	2223.696811	55.901000
0.314884	2223.298531	56.001000
0.314728	2222.934333	56.101000
0.315223	2222.559944	56.201000
0.315268	2222.217136	56.301000
0.315189	2221.817001	56.401000
0.315608	2221.485560	56.501000
0.315779	2221.141655	56.601000
0.316155	2220.785021	56.701000
0.315801	2220.396105	56.801000
0.315544	2220.017024	56.901000
0.315386	2219.719994	57.001000
0.315486	2219.322167	57.101000
0.315265	2218.952144	57.201000
0.315086	2218.587592	57.301000
0.314796	2218.236581	57.401000
0.314874	2217.924059	57.501000
0.314956	2217.593363	57.601000
0.315258	2217.258827	57.701000
0.315835	2216.910262	57.801000
0.315730	2216.562326	57.901000
0.315214	2216.206874	58.001000
0.314335	2215.885105	58.101000
0.313909	2215.434915	58.201000
0.313739	2215.096355	58.301000
0.313931	2214.748882	58.401000
0.313673	2214.391404	58.501000
0.313469	2214.023751	58.601000
0.313353	2213.674852	58.701000
0.313431	2213.318472	58.801000
0.313894	2212.982930	58.901000
0.314264	2212.648819	59.001000
0.314333	2212.315219	59.101000
0.314154	2211.949099	59.201000
0.314092	2211.570013	59.301000
0.314107	2211.198389	59.401000
0.314210	2210.851239	59.501000
0.314578	2211.171895	59.601000
0.314966	2210.658196	59.701000
0.315133	2209.925443	59.801000
0.315593	2209.464746	59.901000
0.315854	2209.133060	60.001000
0.316085	2208.830065	60.101000
0.316194	2208.505576	60.201000
0.315962	2208.113599	60.301000
0.315679	2207.748885	60.401000
0.315638	2207.375060	60.501000
0.315307	2207.002216	60.601000
0.314787	2206.646198	60.701000
0.314691	2206.324225	60.801000
0.315427	2206.035062	60.901000
0.316297	2205.721202	61.001000
0.316643	2205.427217	61.101000
0.316184	2205.024895	61.201000
0.315711	2204.705318	61.301000
0.315441	2204.302725	61.401000
0.314537	2203.907751	61.501000
0.313936	2203.550115	61.601000
0.313857	2203.198316	61.701000
0.314254	2202.874695	61.801000
0.314630	2202.519072	61.901000
0.314910	2202.168764	62.001000
0.315108	2201.832040	62.102000
0.315309	2201.476868	62.201000
0.315295	2201.126902	62.301000
0.315349	2200.808376	62.401000
0.315280	2200.412235	62.501000
0.314423	2200.026733	62.601000
0.313911	2199.652457	62.701000
0.314137	2199.295526	62.801000
0.314621	2198.959925	62.901000
0.315264	2198.629417	63.001000
0.315026	2198.261796	63.101000
0.314995	2197.897611	63.201000
0.315348	2197.556665	63.301000
0.315133	2197.236115	63.401000
0.314963	2196.848563	63.501000
0.315252	2196.459483	63.601000
0.315759	2196.125745	63.701000
0.316092	2195.796994	63.801000
0.316397	2195.455832	63.901000
0.316611	2195.121707	64.001000
0.316729	2194.787157	64.101000
0.317094	2194.473263	64.201000
0.317102	2194.153041	64.301000
0.316845	2193.789169	64.401000
0.316658	2193.469959	64.501000
0.316681	2193.068609	64.601000
0.316887	2192.734215	64.701000
0.317400	2192.770378	64.801000
0.317554	2192.695348	64.901000
0.317319	2192.005379	65.001000
0.317532	2191.376037	65.101000
0.317292	2191.028876	65.201000
0.316636	2190.653937	65.301000
0.316403	2190.309884	65.401000
0.316464	2189.933324	65.501000
0.316375	2189.587723	65.601000
0.316320	2189.197669	65.701000
0.317018	2188.862761	65.801000
0.317067	2188.501094	65.901000
0.316881	2188.134288	66.001000
0.316534	2187.778043	66.101000
0.316294	2187.378872	66.201000
0.316236	2187.028194	66.301000
0.315948	2186.644732	66.401000
0.315665	2186.264737	66.501000
0.315432	2185.912388	66.601000
0.315113	2185.552628	66.701000
0.315076	2185.189415	66.801000
0.315473	2184.861138	66.901000
0.316003	2184.527454	67.001000
0.316241	2184.196309	67.101000
0.316853	2183.877871	67.201000
0.317582	2183.573246	67.301000
0.318063	2183.252369	67.401000
0.318028	2182.918410	67.501000
0.318479	2182.593277	67.601000
0.318569	2182.301302	67.701000
0.318098	2181.877845	67.801000
0.317237	2181.473745	67.901000
0.317181	2181.147258	68.001000
0.317243	2180.835489	68.101000
0.317336	2180.469728	68.201000
0.317955	2180.152476	68.301000
0.318167	2179.807681	68.401000
0.318233	2179.475515	68.501000
0.318382	2179.132065	68.601000
0.318103	2178.747639	68.701000
0.318205	2178.411736	68.801000
0.317825	2177.986461	68.901000
0.317230	2177.602798	69.001000
0.316552	2177.201911	69.101000
0.316383	2176.867005	69.201000
0.316074	2176.528033	69.301000
0.315982	2176.177990	69.401000
0.316125	2175.846093	69.501000
0.316264	2175.481236	69.601000
0.316364	2175.133468	69.701000
0.316360	2174.776231	69.801000
0.316645	2174.414019	69.901000
0.316693	2174.228337	70.001000
0.316598	2174.319569	70.101000
0.316585	2173.723225	70.201000
0.316565	2172.953011	70.301000
0.316653	2172.601398	70.401000
0.316734	2172.281884	70.501000
0.316890	2171.913617	70.601000
0.317325	2171.575742	70.701000
0.317773	2171.258042	70.801000
0.317814	2170.932329	70.901000
0.317872	2170.565388	71.001000
0.317649	2170.201291	71.101000
0.317855	2169.837715	71.201000
0.318157	2169.512586	71.301000
0.318035	2169.175224	71.401000
0.318169	2168.840290	71.501000
0.318507	2168.504869	71.601000
0.318557	2168.149282	71.701000
0.318574	2167.829879	71.801000
0.318952	2167.518951	71.901000
0.319181	2167.185176	72.001000
0.318929	2166.794649	72.101000
0.318901	2166.367194	72.201000
0.318836	2166.022774	72.301000
0.319157	2165.698149	72.401000
0.319631	2165.386523	72.501000
0.319799	2165.050313	72.601000
0.319724	2164.712061	72.701000
0.319532	2164.335455	72.801000
0.319231	2163.965930	72.901000
0.318717	2163.576835	73.001000
0.318379	2163.156503	73.101000
0.318315	2162.732458	73.201000
0.318589	2162.391463	73.301000
0.318652	2162.050988	73.401000
0.318528	2161.719136	73.501000
0.318160	2161.372082	73.601000
0.317850	2161.013229	73.701000
0.317742	2160.668590	73.801000
0.318344	2160.340997	73.901000
0.318560	2160.014233	74.001000
0.318633	2159.683874	74.101000
0.318596	2159.261465	74.201000
0.318970	2158.930022	74.301000
0.318990	2158.609111	74.401000
0.318715	2158.283935	74.501000
0.318962	2157.966491	74.601000
0.319460	2157.661622	74.701000
0.319609	2157.335555	74.801000
0.319544	2156.989201	74.901000
0.319317	2156.636372	75.001000
0.318786	2156.270608	75.101000
0.318695	2156.019493	75.201000
0.318918	2156.214117	75.301000
0.318838	2155.631282	75.401000
0.318829	2154.813678	75.501000
0.318816	2154.441164	75.601000
0.318838	2154.128893	75.701000
0.318869	2153.771931	75.801000
0.318938	2153.430400	75.901000
0.318511	2153.085169	76.001000
0.318107	2152.758949	76.101000
0.318085	2152.400682	76.201000
0.317918	2152.018433	76.301000
0.317878	2151.591928	76.401000
0.317652	2151.231640	76.501000
0.317549	2150.864481	76.601000
0.317325	2150.496835	76.701000
0.316765	2150.122207	76.801000
0.316740	2149.757505	76.901000
0.317060	2149.423602	77.001000
0.317450	2149.101353	77.101000
0.317776	2148.793905	77.201000
0.317740	2148.464888	77.301000
0.317306	2148.025424	77.401000
0.316640	2147.585579	77.501000
0.316430	2147.257375	77.601000
0.316860	2146.987194	77.701000
0.317595	2146.703906	77.801000
0.318129	2146.383971	77.901000
0.318359	2146.058113	78.001000
0.318319	2145.727547	78.101000
0.317661	2145.379218	78.201000
0.317118	2145.010585	78.301000
0.317325	2144.665887	78.401000
0.317324	2144.259782	78.501000
0.317490	2143.932029	78.601000
0.318018	2143.629938	78.701000
0.318311	2143.313106	78.801000
0.318674	2142.981097	78.901000
0.318543	2142.628263	79.001000
0.318441	2142.285670	79.101000
0.318364	2141.943798	79.201000
0.317974	2141.596007	79.301000
0.318082	2141.249891	79.401000
0.318757	2140.914039	79.501000
0.319641	2140.547031	79.601000
0.319644	2140.178849	79.701000
0.319516	2139.835706	79.801000
0.319006	2139.464177	79.901000
0.319276	2139.137124	80.001000
0.319696	2138.808629	80.101000
0.319977	2138.482148	80.201000
0.320447	2138.184047	80.301000
0.321103	2137.894825	80.401000
0.321428	2138.008662	80.501000
0.321460	2137.820784	80.601000
0.321362	2137.064582	80.701000
0.321119	2136.450207	80.801000
0.321286	2136.133201	80.901000
0.322328	2135.866439	81.001000
0.323136	2135.588208	81.101000
0.323269	2135.281467	81.201000
0.323221	2134.973379	81.301000
0.322870	2134.644615	81.401000
0.322512	2134.298886	81.501000
0.322330	2133.999343	81.601000
0.322365	2133.639830	81.701000
0.322382	2133.298516	81.801000
0.322294	2132.954976	81.901000
0.322688	2132.653037	82.001000
0.322869	2132.347847	82.101000
0.322665	2131.994024	82.201000
0.322913	2131.699416	82.301000
0.322703	2131.374609	82.401000
0.322773	2131.058407	82.501000
0.322244	2130.675716	82.601000
0.322208	2130.372744	82.701000
0.322008	2129.982524	82.801000
0.322321	2129.666199	82.901000
0.322327	2129.343697	83.001000
0.322390	2129.017153	83.101000
0.322567	2128.676344	83.201000
0.322677	2128.325755	83.301000
0.322647	2128.004433	83.401000
0.322790	2127.695507	83.501000
0.323068	2127.362742	83.601000
0.323219	2127.062150	83.701000
0.323344	2126.703075	83.801000
0.323315	2126.346847	83.901000
0.322872	2126.008038	84.001000
0.322165	2125.647466	84.101000
0.322093	2125.305548	84.201000
0.322237	2124.977013	84.301000
0.322322	2124.657664	84.401000
0.322578	2124.338284	84.501000
0.322663	2124.011044	84.601000
0.322433	2123.688223	84.701000
0.321904	2123.390027	84.801000
0.321589	2123.005141	84.901000
0.321788	2122.696684	85.001000
0.322002	2122.395542	85.101000
0.321677	2122.026906	85.201000
0.321466	2121.699043	85.301000
0.321480	2121.350075	85.401000
0.321332	2121.015835	85.501000
0.321186	2120.686974	85.601000
0.321031	2120.659869	85.701000
0.321047	2120.648248	85.801000
0.320878	2120.108170	85.901000
0.321021	2119.329163	86.001000
0.321277	2119.017662	86.101000
0.321353	2118.701892	86.201000
0.321223	2118.368693	86.301000
0.321460	2118.039019	86.401000
0.321530	2117.684507	86.501000
0.321275	2117.366546	86.601000
0.321473	2117.049110	86.701000
0.321615	2116.728080	86.801000
0.321483	2116.432891	86.901000
0.321504	2116.071105	87.001000
0.321739	2115.736408	87.101000
0.321699	2115.412800	87.201000
0.322040	2115.100954	87.301000
0.322131	2114.775623	87.401000
0.322338	2114.448445	87.502000
0.322825	2114.147365	87.601000
0.323376	2113.861054	87.701000
0.323514	2113.525332	87.801000
0.323865	2113.202873	87.901000
0.323586	2112.919088	88.001000
0.323342	2112.525729	88.101000
0.323299	2112.194948	88.201000
0.323103	2111.874268	88.301000
0.323175	2111.570075	88.401000
0.323129	2111.288658	88.501000
0.322958	2110.976007	88.601000
0.322886	2110.646782	88.701000
0.322851	2110.324675	88.801000
0.322123	2109.947194	88.901000
0.321662	2109.628195	89.001000
0.321497	2109.260690	89.101000
0.321887	2108.937791	89.201000
0.322795	2108.651158	89.301000
0.322979	2108.369161	89.401000
0.323114	2108.037066	89.501000
0.323102	2107.711578	89.601000
0.322972	2107.353873	89.701000
0.323002	2107.033509	89.801000
0.322729	2106.681058	89.901000
0.322877	2106.357896	90.001000
0.323011	2106.093639	90.101000
0.322570	2105.684756	90.201000
0.321588	2105.293841	90.301000
0.321010	2104.911953	90.401000
0.320981	2104.579026	90.501000
0.320995	2104.243043	90.601000
0.321308	2103.925405	90.701000
0.321312	2103.600965	90.801000
0.321122	2103.255956	90.901000
0.321204	2103.550269	91.001000
0.321341	2103.179847	91.101000
0.321235	2102.490233	91.201000
0.321166	2101.974826	91.301000
0.321200	2101.666009	91.401000
0.320559	2101.293891	91.501000
0.320002	2100.923881	91.601000
0.319473	2100.584063	91.701000
0.319418	2100.254887	91.801000
0.319643	2099.961566	91.901000
0.319602	2099.655543	92.001000
0.319536	2099.353949	92.101000
0.319733	2099.095286	92.201000
0.319939	2098.743893	92.301000
0.320473	2098.464578	92.401000
0.320969	2098.160582	92.501000
0.321117	2097.823375	92.601000
0.321046	2097.477474	92.701000
0.320849	2097.138684	92.801000
0.321300	2096.842764	92.901000
0.322203	2096.599228	93.001000
0.322704	2096.274194	93.101000
0.322971	2095.946681	93.201000
0.322976	2095.636265	93.301000
0.322500	2095.223563	93.401000
0.322357	2094.895702	93.501000
0.322202	2094.531118	93.601000
0.321444	2094.153071	93.701000
0.320755	2093.779816	93.801000
0.320067	2093.422426	93.901000
0.319921	2093.101658	94.001000
0.319934	2092.784425	94.101000
0.320289	2092.482302	94.201000
0.320709	2092.221634	94.301000
0.320904	2091.883297	94.401000
0.321359	2091.554658	94.501000
0.322016	2091.276948	94.601000
0.322561	2090.984380	94.701000
0.322691	2090.681350	94.801000
0.323227	2090.382474	94.901000
0.323622	2090.091800	95.001000
0.323426	2089.761113	95.101000
0.323494	2089.450170	95.201000
0.323691	2089.147424	95.301000
0.323964	2088.895151	95.401000
0.324431	2088.535451	95.502000
0.324390	2088.201049	95.601000
0.324098	2087.888224	95.701000
0.324026	2087.558532	95.801000
0.324218	2087.241461	95.901000
0.324422	2086.907824	96.001000
