-7.000000E+01,-8.738662E-06,+9.910000E+37,+2.330262E+03,+2.150800E+04,
-6.900000E+01,-8.627549E-06,+9.910000E+37,+2.331320E+03,+2.150800E+04,
-6.800000E+01,-8.529772E-06,+9.910000E+37,+2.332380E+03,+2.150800E+04,
-6.700000E+01,-8.433961E-06,+9.910000E+37,+2.333438E+03,+2.150800E+04,
-6.600000E+01,-8.340558E-06,+9.910000E+37,+2.334494E+03,+2.150800E+04,
-6.500000E+01,-8.247519E-06,+9.910000E+37,+2.335581E+03,+2.150800E+04,
-6.400000E+01,-8.153530E-06,+9.910000E+37,+2.336643E+03,+2.150800E+04,
-6.300000E+01,-8.059109E-06,+9.910000E+37,+2.337700E+03,+2.150800E+04,
-6.200000E+01,-7.965392E-06,+9.910000E+37,+2.338760E+03,+2.150800E+04,
-6.100000E+01,-7.870183E-06,+9.910000E+37,+2.339821E+03,+2.150800E+04,
-6.000000E+01,-7.774290E-06,+9.910000E+37,+2.340880E+03,+2.150800E+04,
-5.900000E+01,-7.677993E-06,+9.910000E+37,+2.341939E+03,+2.150800E+04,
-5.800000E+01,-7.580803E-06,+9.910000E+37,+2.343003E+03,+2.150800E+04,
-5.700000E+01,-7.482658E-06,+9.910000E+37,+2.344061E+03,+2.150800E+04,
-5.600000E+01,-7.383546E-06,+9.910000E+37,+2.345120E+03,+2.150800E+04,
-5.500000E+01,-7.285057E-06,+9.910000E+37,+2.346182E+03,+2.150800E+04,
-5.400000E+01,-7.184299E-06,+9.910000E+37,+2.347240E+03,+2.150800E+04,
-5.300000E+01,-7.083916E-06,+9.910000E+37,+2.348323E+03,+2.150800E+04,
-5.200000E+01,-6.981771E-06,+9.910000E+37,+2.349384E+03,+2.150800E+04,
-5.100000E+01,-6.878696E-06,+9.910000E+37,+2.350469E+03,+2.150800E+04,
-5.000000E+01,-6.774264E-06,+9.910000E+37,+2.351529E+03,+2.150800E+04,
-4.900000E+01,-6.668953E-06,+9.910000E+37,+2.352587E+03,+2.150800E+04,
-4.800000E+01,-6.562853E-06,+9.910000E+37,+2.353668E+03,+2.150800E+04,
-4.700000E+01,-6.455315E-06,+9.910000E+37,+2.354727E+03,+2.150800E+04,
-4.600000E+01,-6.346349E-06,+9.910000E+37,+2.355788E+03,+2.150800E+04,
-4.500000E+01,-6.235940E-06,+9.910000E+37,+2.356848E+03,+2.150800E+04,
-4.400000E+01,-6.124469E-06,+9.910000E+37,+2.357906E+03,+2.150800E+04,
-4.300000E+01,-6.011724E-06,+9.910000E+37,+2.358966E+03,+2.150800E+04,
-4.200000E+01,-5.897680E-06,+9.910000E+37,+2.360046E+03,+2.150800E+04,
-4.100000E+01,-5.782082E-06,+9.910000E+37,+2.361104E+03,+2.150800E+04,
-4.000000E+01,-5.664825E-06,+9.910000E+37,+2.362163E+03,+2.150800E+04,
-3.900000E+01,-5.545983E-06,+9.910000E+37,+2.363223E+03,+2.150800E+04,
-3.800000E+01,-5.425349E-06,+9.910000E+37,+2.364282E+03,+2.150800E+04,
-3.700000E+01,-5.302192E-06,+9.910000E+37,+2.365368E+03,+2.150800E+04,
-3.600000E+01,-5.178085E-06,+9.910000E+37,+2.366427E+03,+2.150800E+04,
-3.500000E+01,-5.051484E-06,+9.910000E+37,+2.367487E+03,+2.150800E+04,
-3.400000E+01,-4.922594E-06,+9.910000E+37,+2.368550E+03,+2.150800E+04,
-3.300000E+01,-4.790682E-06,+9.910000E+37,+2.369609E+03,+2.150800E+04,
-3.200000E+01,-4.656145E-06,+9.910000E+37,+2.370688E+03,+2.150800E+04,
-3.100000E+01,-4.518904E-06,+9.910000E+37,+2.371750E+03,+2.150800E+04,
-3.000000E+01,-4.379141E-06,+9.910000E+37,+2.372809E+03,+2.150800E+04,
-2.900000E+01,-4.235279E-06,+9.910000E+37,+2.373866E+03,+2.150800E+04,
-2.800000E+01,-4.088006E-06,+9.910000E+37,+2.374949E+03,+2.150800E+04,
-2.700000E+01,-3.936717E-06,+9.910000E+37,+2.376008E+03,+2.150800E+04,
-2.600000E+01,-3.780550E-06,+9.910000E+37,+2.377068E+03,+2.150800E+04,
-2.500000E+01,-3.618590E-06,+9.910000E+37,+2.378154E+03,+2.150800E+04,
-2.400000E+01,-3.450616E-06,+9.910000E+37,+2.379212E+03,+2.150800E+04,
-2.300000E+01,-3.274789E-06,+9.910000E+37,+2.380272E+03,+2.150800E+04,
-2.200000E+01,-3.090640E-06,+9.910000E+37,+2.381332E+03,+2.150800E+04,
-2.100000E+01,-2.895915E-06,+9.910000E+37,+2.382410E+03,+2.150800E+04,
-2.000000E+01,-2.688559E-06,+9.910000E+37,+2.383469E+03,+2.150800E+04,
-1.900000E+01,-2.466783E-06,+9.910000E+37,+2.384528E+03,+2.150800E+04,
-1.800000E+01,-2.227196E-06,+9.910000E+37,+2.385586E+03,+2.150800E+04,
-1.700000E+01,-1.966020E-06,+9.910000E+37,+2.386644E+03,+2.150800E+04,
-1.600000E+01,-1.677716E-06,+9.910000E+37,+2.387702E+03,+2.150800E+04,
-1.500000E+01,-1.359171E-06,+9.910000E+37,+2.388761E+03,+2.150800E+04,
-1.400000E+01,-1.006106E-06,+9.910000E+37,+2.389820E+03,+2.150800E+04,
-1.300000E+01,-6.183477E-07,+9.910000E+37,+2.390882E+03,+2.150800E+04,
-1.200000E+01,-2.077726E-07,+9.91000
































current through plasma (-mA) <tab> voltage across plasma (-V) <tab> time (sec)
1.224605	8194.287261	0.002000
1.226203	8189.306399	0.102000
1.226165	8186.079497	0.202000
1.226142	8182.839378	0.302000
1.226131	8179.563799	0.402000
1.226106	8176.299106	0.502000
1.226104	8173.028116	0.602000
1.226115	8169.709347	0.703000
1.226210	8166.409236	0.802000
1.226200	8163.319310	0.902000
1.226253	8160.010817	1.002000
1.226264	8156.568415	1.102000
1.226261	8153.289230	1.202000
1.226205	8150.059374	1.302000
1.226248	8146.828146	1.402000
1.226273	8143.417801	1.502000
1.226311	8140.137521	1.602000
1.226300	8136.865872	1.702000
1.226246	8133.598575	1.802000
1.226190	8130.366664	1.902000
1.226079	8127.157048	2.002000
1.226124	8123.848155	2.102000
1.226159	8120.582065	2.202000
1.226188	8117.306148	2.302000
1.226117	8114.051070	2.402000
1.226136	8110.735152	2.502000
1.226141	8107.477512	2.602000
1.226162	8104.241605	2.702000
1.226166	8101.004349	2.802000
1.226221	8097.721360	2.902000
1.226246	8094.475205	3.002000
1.226251	8091.215384	3.102000
1.226355	8087.921906	3.202000
1.226296	8084.670087	3.302000
1.226292	8081.482458	3.402000
1.226252	8078.209396	3.502000
1.226250	8074.943078	3.602000
1.226301	8071.702348	3.702000
1.226281	8068.495488	3.802000
1.226310	8065.189084	3.902000
1.226221	8061.970172	4.002000
1.226246	8058.722695	4.102000
1.226186	8055.766582	4.202000
1.226185	8052.915737	4.302000
1.226228	8049.424386	4.402000
1.226239	8045.916974	4.502000
1.226235	8042.600807	4.602000
1.226196	8039.348516	4.702000
1.226222	8036.105949	4.802000
1.226129	8032.942062	4.902000
1.226095	8029.756266	5.002000
1.226109	8026.512420	5.102000
1.226203	8023.278659	5.202000
1.226203	8020.074466	5.302000
1.226239	8016.821290	5.402000
1.226254	8013.666007	5.502000
1.226242	8010.492886	5.602000
1.226139	8007.263002	5.702000
1.226170	8004.041498	5.802000
1.226238	8000.802915	5.902000
1.226224	7997.577844	6.002000
1.226223	7994.381258	6.102000
1.226240	7991.167684	6.203000
1.226263	7987.969453	6.302000
1.226221	7984.817297	6.402000
1.226309	7981.593911	6.502000
1.226258	7978.449826	6.602000
1.226372	7975.214289	6.702000
1.226352	7972.023063	6.802000
1.226338	7968.830850	6.902000
1.226364	7965.593359	7.002000
1.226228	7962.492244	7.102000
1.226160	7959.306344	7.202000
1.226110	7956.151443	7.302000
1.226191	7952.935879	7.402000
1.226176	7949.758086	7.502000
1.226173	7946.617800	7.602000
1.226138	7943.502422	7.702000
1.226124	7940.304954	7.802000
1.226053	7937.181113	7.902000
1.226056	7933.981044	8.002000
1.226121	7930.791775	8.102000
1.226206	7927.597885	8.202000
1.226208	7924.453815	8.302000
1.226241	7921.277974	8.402000
1.226232	7918.115585	8.502000
1.226246	7914.969320	8.602000
1.226231	7911.825759	8.702000
1.226241	7908.679288	8.802000
1.226299	7905.464969	8.902000
1.226292	7902.334314	9.002000
1.226383	7899.129728	9.102000
1.226350	7895.956712	9.202000
1.226377	7892.826997	9.302000
1.226280	7889.735143	9.402000
1.226284	7887.307128	9.502000
1.226348	7883.902433	9.602000
1.226399	7880.346886	9.702000
1.226393	7877.159577	9.802000
1.226378	7873.995470	9.902000
1.226342	7870.848010	10.002000
1.226267	7867.746590	10.102000
1.226257	7864.597623	10.202000
1.226218	7861.452456	10.302000
1.226254	7858.319772	10.402000
1.226230	7855.217004	10.502000
1.226291	7852.050002	10.602000
1.226258	7848.954498	10.702000
1.226301	7845.840876	10.802000
1.226225	7842.820938	10.902000
1.226262	7839.635597	11.002000
1.226306	7836.493783	11.102000
1.226373	7833.365115	11.202000
1.226370	7830.278510	11.302000
1.226403	7827.138400	11.402000
1.226396	7824.055348	11.502000
1.226421	7820.942577	11.602000
1.226363	7817.843527	11.702000
1.226393	7814.719291	11.802000
1.226401	7811.604498	11.902000
1.226413	7808.545076	12.002000
1.226422	7805.387818	12.102000
1.226422	7802.259103	12.202000
1.226465	7799.160174	12.302000
1.226394	7796.136920	12.402000
1.226398	7793.048859	12.502000
1.226350	7789.959430	12.602000
1.226422	7786.842162	12.702000
1.226430	7783.771628	12.802000
1.226423	7780.687753	12.902000
1.226426	7777.623971	13.002000
1.226412	7774.554468	13.102000
1.226368	7771.417702	13.202000
1.226414	7768.318095	13.302000
1.226406	7765.240569	13.402000
1.226505	7762.128471	13.502000
1.226448	7759.054509	13.602000
1.226476	7755.988416	13.702000
1.226456	7752.902980	13.802000
1.226460	7749.867848	13.902000
1.226425	7746.806061	14.002000
1.226439	7743.783394	14.102000
1.226522	7740.613554	14.202000
1.226571	7737.538121	14.302000
1.226591	7734.463404	14.402000
1.226645	7731.404048	14.502000
1.226612	7728.351118	14.602000
1.226545	7725.874933	14.702000
1.226526	7722.778206	14.802000
1.226512	7719.377480	14.902000
1.226553	7716.142298	15.002000
1.226510	7713.132077	15.102000
1.226548	7710.048251	15.202000
1.226466	7706.977592	15.302000
1.226485	7703.924545	15.402000
1.226420	7700.900214	15.502000
1.226356	7697.874973	15.602000
1.226364	7694.802445	15.702000
1.226401	7691.777939	15.802000
1.226320	7688.757041	15.902000
1.226387	7685.675620	16.002000
1.226294	7682.686487	16.102000
1.226334	7679.660848	16.202000
1.226274	7676.632477	16.302000
1.226287	7673.586414	16.402000
1.226332	7670.543820	16.502000
1.226378	7667.499952	16.602000
1.226391	7664.499578	16.702000
1.226456	7661.424216	16.802000
1.226456	7658.402319	16.902000
1.226512	7655.379260	17.002000
1.226462	7652.392368	17.102000
1.226560	7649.348587	17.202000
1.226603	7646.370663	17.302000
1.226615	7643.294796	17.402000
1.226634	7640.253941	17.502000
1.226647	7637.209920	17.602000
1.226631	7634.203063	17.702000
1.226623	7631.223909	17.802000
1.226550	7628.241481	17.902000
1.226520	7625.232461	18.002000
1.226531	7622.198975	18.102000
1.226526	7619.193072	18.202000
1.226537	7616.198617	18.302000
1.226528	7613.241320	18.402000
1.226543	7610.208604	18.502000
1.226459	7607.258553	18.602000
1.226425	7604.266257	18.702000
1.226415	7601.277827	18.802000
1.226457	7598.262810	18.902000
1.226510	7595.273034	19.002000
1.226524	7592.269909	19.103000
1.226517	7589.277721	19.202000
1.226592	7586.278173	19.302000
1.226507	7583.367206	19.402000
1.226452	7580.390506	19.502000
1.226481	7577.383482	19.602000
1.226558	7574.355990	19.702000
1.226579	7571.373266	19.802000
1.226599	7568.949364	19.902000
1.226642	7565.889645	20.002000
1.226630	7562.547836	20.102000
1.226537	7559.483670	20.202000
1.226585	7556.498949	20.302000
1.226600	7553.536268	20.402000
1.226703	7550.578647	20.502000
1.226725	7547.598722	20.602000
1.226704	7544.602650	20.702000
1.226671	7541.645359	20.802000
1.226644	7538.687857	20.902000
1.226609	7535.766196	21.002000
1.226560	7532.837450	21.102000
1.226563	7529.844941	21.202000
1.226589	7526.891454	21.302000
1.226545	7523.950063	21.402000
1.226571	7520.946973	21.502000
1.226524	7518.056123	21.602000
1.226493	7515.053461	21.702000
1.226400	7512.159399	21.802000
1.226350	7509.216068	21.902000
1.226430	7506.253684	22.002000
1.226540	7503.292363	22.102000
1.226553	7500.354159	22.202000
1.226581	7497.367828	22.302000
1.226600	7494.402127	22.402000
1.226605	7491.463133	22.502000
1.226614	7488.541557	22.602000
1.226615	7485.638412	22.702000
1.226631	7482.665886	22.802000
1.226677	7479.735999	22.902000
1.226730	7476.798021	23.002000
1.226778	7473.851869	23.102000
1.226745	7470.901960	23.202000
1.226735	7467.971206	23.302000
1.226682	7465.083682	23.402000
1.226637	7462.164511	23.502000
1.226632	7459.220584	23.602000
1.226639	7456.326009	23.702000
1.226612	7453.447298	23.802000
1.226601	7450.474421	23.902000
1.226601	7447.562734	24.002000
1.226636	7444.640657	24.102000
1.226621	7441.751839	24.202000
1.226527	7438.864143	24.302000
1.226539	7435.955577	24.402000
1.226555	7433.041490	24.502000
1.226651	7430.133391	24.602000
1.226655	7427.235088	24.702000
1.226654	7424.345006	24.802000
1.226638	7421.412128	24.902000
1.226622	7418.527003	25.002000
1.226564	7416.026818	25.102000
1.226623	7413.361693	25.202000
1.226612	7410.117453	25.302000
1.226704	7406.941834	25.402000
1.226722	7404.035835	25.502000
1.226725	7401.144624	25.602000
1.226706	7398.254091	25.702000
1.226728	7395.345673	25.802000
1.226744	7392.491153	25.902000
1.226733	7389.556530	26.002000
1.226715	7386.704394	26.102000
1.226795	7383.773180	26.202000
1.226759	7380.912666	26.302000
1.226756	7378.045300	26.402000
1.226760	7375.154606	26.502000
1.226762	7372.307595	26.602000
1.226649	7369.501322	26.702000
1.226671	7366.603234	26.802000
1.226614	7363.760246	26.902000
1.226692	7360.889576	27.002000
1.226642	7358.065865	27.102000
1.226655	7355.172155	27.202000
1.226658	7352.294574	27.302000
1.226663	7349.427692	27.402000
1.226620	7346.603941	27.502000
1.226566	7343.739297	27.602000
1.226603	7340.875712	27.702000
1.226655	7337.992723	27.802000
1.226677	7335.151875	27.902000
1.226667	7332.332800	28.002000
1.226676	7329.427349	28.102000
1.226658	7326.561096	28.202000
1.226700	7323.708608	28.302000
1.226616	7320.902459	28.402000
1.226647	7318.045406	28.502000
1.226619	7315.190601	28.602000
1.226677	7312.351327	28.702000
1.226640	7309.530692	28.802000
1.226698	7306.648726	28.902000
1.226651	7303.851814	29.002000
1.226671	7301.084881	29.102000
1.226574	7298.180072	29.202000
1.226541	7295.382922	29.302000
1.226544	7292.545727	29.402000
1.226588	7289.729154	29.502000
1.226574	7286.934013	29.602000
1.226578	7284.093267	29.702000
1.226542	7281.289804	29.802000
1.226566	7278.463151	29.902000
1.226528	7275.686312	30.002000
1.226507	7272.847856	30.102000
1.226481	7270.013174	30.202000
1.226512	7267.221911	30.302000
1.226612	7264.978151	30.402000
1.226599	7261.962645	30.502000
1.226674	7258.716169	30.602000
1.226676	7255.848201	30.702000
1.226742	7253.054493	30.802000
1.226654	7250.282459	30.902000
1.226693	7247.441341	31.002000
1.226709	7244.654706	31.102000
1.226766	7241.852171	31.202000
1.226698	7239.082112	31.302000
1.226728	7236.212498	31.402000
1.226733	7233.422510	31.502000
1.226708	7230.634117	31.602000
1.226646	7227.865850	31.702000
1.226601	7225.114066	31.802000
1.226553	7222.338753	31.902000
1.226593	7219.529558	32.002000
1.226615	7216.780923	32.102000
1.226585	7213.963600	32.202000
1.226593	7211.239034	32.302000
1.226548	7208.414680	32.402000
1.226521	7205.642165	32.502000
1.226427	7202.912247	32.602000
1.226433	7200.110591	32.702000
1.226438	7197.332027	32.802000
1.226530	7194.516904	32.902000
1.226523	7191.766356	33.002000
1.226505	7189.008864	33.102000
1.226545	7186.196707	33.202000
1.226567	7183.436806	33.302000
1.226525	7180.736915	33.402000
1.226477	7177.922706	33.502000
1.226513	7175.148874	33.602000
1.226541	7172.361076	33.702000
1.226624	7169.584199	33.802000
1.226617	7166.825205	33.902000
1.226632	7164.041934	34.002000
1.226617	7161.298305	34.102000
1.226656	7158.553806	34.202000
1.226596	7155.818181	34.302000
1.226547	7153.127128	34.402000
1.226558	7150.345977	34.502000
1.226574	7147.576475	34.602000
1.226543	7144.855728	34.702000
1.226554	7142.090497	34.802000
1.226525	7139.336916	34.902000
1.226521	7136.596490	35.002000
1.226484	7133.908412	35.102000
1.226336	7131.163494	35.202000
1.226339	7128.420824	35.302000
1.226392	7125.649095	35.402000
1.226465	7122.974102	35.502000
1.226475	7120.523628	35.602000
1.226497	7117.976242	35.702000
1.226469	7115.090393	35.802000
1.226549	7111.943258	35.902000
1.226441	7109.222971	36.002000
1.226410	7106.495253	36.102000
1.226448	7103.749133	36.202000
1.226510	7100.962221	36.302000
1.226585	7098.258879	36.402000
1.226576	7095.517007	36.502000
1.226674	7092.835180	36.602000
1.226638	7090.045888	36.702000
1.226671	7087.360365	36.802000
1.226621	7084.668975	36.902000
1.226615	7081.928877	37.002000
1.226608	7079.228172	37.102000
1.226671	7076.495815	37.202000
1.226655	7073.818551	37.302000
1.226666	7071.085286	37.402000
1.226651	7068.387649	37.502000
1.226589	7065.713050	37.602000
1.226551	7063.006208	37.702000
1.226475	7060.311773	37.802000
1.226479	7057.587184	37.902000
1.226504	7054.864008	38.002000
1.226639	7052.151213	38.102000
1.226647	7049.449799	38.202000
1.226683	7046.771230	38.302000
1.226680	7044.068000	38.402000
1.226703	7041.350552	38.502000
1.226621	7038.675478	38.602000
1.226591	7036.020820	38.702000
1.226596	7033.288721	38.802000
1.226633	7030.550152	38.902000
1.226734	7027.843195	39.002000
1.226745	7025.147005	39.102000
1.226807	7022.423991	39.202000
1.226785	7019.740379	39.302000
1.226764	7017.076231	39.402000
1.226747	7014.391393	39.502000
1.226765	7011.674747	39.602000
1.226759	7008.984703	39.702000
1.226799	7006.352401	39.802000
1.226806	7003.612100	39.902000
1.226820	7000.936678	40.002000
1.226778	6998.270693	40.102000
1.226772	6995.554307	40.202000
1.226789	6992.892475	40.302000
1.226686	6990.282172	40.402000
1.226663	6987.616371	40.502000
1.226665	6984.948464	40.602000
1.226717	6982.259951	40.702000
1.226743	6979.761870	40.802000
1.226736	6977.580828	40.902000
1.226729	6974.742636	41.002000
1.226741	6971.645686	41.102000
1.226765	6968.922400	41.202000
1.226715	6966.269495	41.302000
1.226691	6963.608490	41.402000
1.226733	6960.939001	41.502000
1.226776	6958.257738	41.602000
1.226743	6955.626541	41.702000
1.226748	6952.931575	41.802000
1.226785	6950.271291	41.902000
1.226786	6947.637340	42.002000
1.226810	6944.991170	42.102000
1.226706	6942.365150	42.202000
1.226687	6939.717133	42.302000
1.226686	6937.041770	42.402000
1.226700	6934.397172	42.502000
1.226679	6931.784983	42.602000
1.226691	6929.119850	42.702000
1.226674	6926.451952	42.802000
1.226623	6923.890657	42.902000
1.226647	6921.254989	43.002000
1.226561	6918.599922	43.102000
1.226551	6915.974451	43.202000
1.226536	6913.324110	43.302000
1.226620	6910.686177	43.402000
1.226661	6908.062624	43.502000
1.226689	6905.415325	43.602000
1.226743	6902.769911	43.702000
1.226667	6900.166192	43.802000
1.226690	6897.530103	43.902000
1.226658	6894.933512	44.002000
1.226635	6892.365175	44.102000
1.226650	6889.654868	44.202000
1.226724	6887.025914	44.302000
1.226708	6884.442789	44.402000
1.226744	6881.788757	44.502000
1.226788	6879.145580	44.602000
1.226760	6876.529169	44.702000
1.226786	6873.911474	44.802000
1.226705	6871.353522	44.902000
1.226717	6868.741484	45.002000
1.226716	6866.177672	45.102000
1.226767	6863.532448	45.202000
1.226699	6860.903809	45.302000
1.226656	6858.289208	45.402000
1.226664	6855.675511	45.502000
1.226622	6853.074929	45.602000
1.226604	6850.494268	45.702000
1.226514	6847.951069	45.802000
1.226491	6845.345235	45.902000
1.226457	6842.747132	46.003000
1.226497	6840.781317	46.102000
1.226607	6838.095316	46.202000
1.226565	6835.061395	46.302000
1.226585	6832.337397	46.402000
1.226537	6829.749620	46.502000
1.226532	6827.170291	46.602000
1.226426	6824.642534	46.702000
1.226455	6822.017656	46.802000
1.226420	6819.448920	46.902000
1.226480	6816.861955	47.002000
1.226571	6814.253556	47.102000
1.226632	6811.661392	47.202000
1.226733	6809.085453	47.302000
1.226713	6806.460851	47.402000
1.226772	6803.830272	47.502000
1.226660	6801.319215	47.602000
1.226633	6798.739925	47.702000
1.226698	6796.151785	47.802000
1.226705	6793.568116	47.902000
1.226768	6791.006380	48.002000
1.226698	6788.480936	48.102000
1.226750	6785.839459	48.202000
1.226680	6783.309853	48.302000
1.226708	6780.747598	48.402000
1.226634	6778.198165	48.502000
1.226528	6775.646831	48.603000
1.226578	6773.081849	48.702000
1.226547	6770.530839	48.802000
1.226661	6767.922238	48.902000
1.226621	6765.392683	49.002000
1.226621	6762.823598	49.102000
1.226616	6760.263014	49.202000
1.226596	6757.700698	49.302000
1.226614	6755.188361	49.402000
1.226531	6752.673892	49.502000
1.226543	6750.069421	49.602000
1.226512	6747.533371	49.702000
1.226620	6744.939305	49.802000
1.226667	6742.407773	49.902000
1.226699	6739.826639	50.002000
1.226699	6737.276661	50.102000
1.226740	6734.725734	50.202000
1.226770	6732.216918	50.302000
1.226706	6729.683215	50.402000
1.226701	6727.183795	50.502000
1.226682	6724.590037	50.602000
1.226698	6722.006681	50.702000
1.226747	6719.491868	50.802000
1.226736	6716.968036	50.902000
1.226757	6714.447108	51.002000
1.226684	6711.893936	51.102000
1.226647	6709.393661	51.202000
1.226571	6707.369195	51.302000
1.226510	6704.939825	51.402000
1.226469	6702.105891	51.502000
1.226467	6699.373736	51.602000
1.226564	6696.757929	51.702000
1.226509	6694.287886	51.802000
1.226528	6691.761887	51.902000
1.226573	6689.235752	52.002000
1.226531	6686.706372	52.102000
1.226550	6684.195269	52.202000
1.226550	6681.705317	52.302000
1.226504	6679.192679	52.402000
1.226523	6676.665938	52.502000
1.226614	6674.170648	52.602000
1.226700	6671.669603	52.702000
1.226647	6669.118849	52.802000
1.226722	6666.581534	52.902000
1.226699	6664.084233	53.002000
1.226750	6661.563049	53.102000
1.226686	6659.115416	53.202000
1.226642	6656.638085	53.302000
1.226633	6654.097231	53.402000
1.226671	6651.596780	53.502000
1.226736	6649.092054	53.602000
1.226696	6646.662293	53.702000
1.226736	6644.094704	53.802000
1.226687	6641.600666	53.902000
1.226614	6639.125588	54.002000
1.226620	6636.653926	54.102000
1.226661	6634.135309	54.202000
1.226625	6631.637073	54.302000
1.226625	6629.137324	54.402000
1.226644	6626.657325	54.502000
1.226665	6624.186360	54.602000
1.226714	6621.685015	54.702000
1.226763	6619.229807	54.802000
1.226738	6616.716071	54.902000
1.226786	6614.224278	55.002000
1.226711	6611.788684	55.102000
1.226679	6609.312704	55.202000
1.226748	6606.811048	55.302000
1.226747	6604.308905	55.402000
1.226805	6601.834854	55.502000
1.226777	6599.380717	55.603000
1.226822	6596.867048	55.702000
1.226828	6594.419817	55.802000
1.226810	6591.949841	55.902000
1.226844	6589.448374	56.002000
1.226714	6587.075795	56.102000
1.226723	6584.567416	56.202000
1.226672	6582.137142	56.302000
1.226712	6579.652910	56.402000
1.226740	6577.665108	56.502000
1.226654	6575.286632	56.602000
1.226631	6572.707693	56.702000
1.226629	6570.777142	56.802000
1.226628	6567.488192	56.902000
1.226566	6564.943467	57.002000
1.226489	6562.529700	57.102000
1.226510	6560.031118	57.202000
1.226482	6557.578543	57.302000
1.226587	6555.099294	57.402000
1.226592	6552.665605	57.502000
1.226612	6550.203503	57.602000
1.226615	6547.749624	57.702000
1.226647	6545.318997	57.802000
1.226720	6542.884332	57.902000
1.226661	6540.525075	58.003000
1.226703	6537.982474	58.102000
1.226686	6535.557456	58.202000
1.226682	6533.111462	58.302000
1.226802	6530.638465	58.402000
1.226811	6528.237418	58.502000
1.226817	6525.770097	58.602000
1.226822	6523.308657	58.702000
1.226760	6520.851063	58.802000
1.226731	6518.463132	58.902000
1.226645	6516.099467	59.002000
1.226653	6513.662307	59.102000
1.226607	6511.225874	59.202000
1.226626	6508.775807	59.302000
1.226650	6506.367835	59.402000
1.226608	6503.948435	59.502000
1.226653	6501.519838	59.602000
1.226604	6499.092281	59.702000
1.226599	6496.693935	59.802000
1.226554	6494.322381	59.902000
1.226503	6491.917812	60.002000
1.226518	6489.550157	60.102000
1.226540	6487.044227	60.202000
1.226581	6484.618044	60.302000
1.226556	6482.208666	60.402000
1.226533	6479.785320	60.502000
1.226665	6477.331182	60.602000
1.226600	6474.942771	60.702000
1.226640	6472.507535	60.802000
1.226609	6470.132974	60.902000
1.226596	6467.742895	61.002000
1.226550	6465.346629	61.102000
1.226626	6462.969590	61.202000
1.226661	6460.510592	61.302000
1.226659	6458.155504	61.402000
1.226615	6455.732198	61.502000
1.226641	6453.320449	61.602000
1.226579	6451.096650	61.702000
1.226548	6449.103644	61.802000
1.226486	6446.645967	61.902000
1.226413	6443.917026	62.002000
1.226370	6441.464059	62.102000
1.226438	6439.063958	62.202000
1.226482	6436.651795	62.302000
1.226449	6434.253568	62.402000
1.226447	6431.863571	62.502000
1.226451	6429.450208	62.602000
1.226481	6427.078644	62.702000
1.226593	6424.672650	62.802000
1.226528	6422.344303	62.902000
1.226505	6419.959362	63.002000
1.226566	6417.564984	63.102000
1.226568	6415.146271	63.202000
1.226636	6412.814535	63.302000
1.226622	6410.441958	63.402000
1.226642	6407.994589	63.502000
1.226652	6405.600632	63.602000
1.226663	6403.264745	63.702000
1.226716	6400.879080	63.802000
1.226614	6398.558408	63.902000
1.226572	6396.193905	64.002000
1.226618	6393.836124	64.102000
1.226589	6391.481881	64.202000
1.226653	6389.076994	64.302000
1.226632	6386.811664	64.402000
1.226647	6384.404105	64.502000
1.226606	6382.031600	64.602000
1.226607	6379.649318	64.702000
1.226586	6377.320620	64.802000
1.226491	6375.022101	64.902000
1.226446	6372.657092	65.002000
1.226447	6370.292323	65.102000
1.226452	6367.935221	65.202000
1.226533	6365.554657	65.302000
1.226536	6363.243136	65.402000
1.226578	6360.881001	65.502000
1.226601	6358.472891	65.602000
1.226650	6356.100773	65.702000
1.226656	6353.762687	65.802000
1.226616	6351.454753	65.902000
1.226583	6349.117928	66.002000
1.226640	6346.781582	66.102000
1.226644	6344.404100	66.202000
1.226709	6342.058405	66.302000
1.226736	6339.743894	66.402000
1.226725	6337.422238	66.502000
1.226781	6335.061256	66.602000
1.226730	6332.706189	66.702000
1.226671	6330.397603	66.802000
1.226613	6328.103584	66.902000
1.226568	6326.451473	67.002000
1.226588	6323.897254	67.102000
1.226541	6321.197008	67.202000
1.226570	6318.765583	67.302000
1.226585	6316.439667	67.402000
1.226509	6314.114985	67.502000
1.226583	6311.839040	67.602000
1.226587	6309.430680	67.702000
1.226597	6307.112837	67.802000
1.226542	6304.824628	67.902000
1.226517	6302.511104	68.002000
1.226503	6300.245067	68.102000
1.226528	6297.853079	68.202000
1.226572	6295.535858	68.302000
1.226641	6293.218216	68.402000
1.226620	6290.901629	68.502000
1.226676	6288.574423	68.602000
1.226665	6286.307804	68.702000
1.226649	6283.945626	68.802000
1.226673	6281.651113	68.902000
1.226614	6279.401013	69.002000
1.226566	6277.103879	69.102000
1.226603	6274.792146	69.202000
1.226655	6272.470354	69.302000
1.226682	6270.180161	69.402000
1.226628	6267.919375	69.502000
1.226654	6265.595885	69.602000
1.226663	6263.323508	69.702000
1.226596	6261.028016	69.802000
1.226620	6258.683744	69.902000
1.226608	6256.391023	70.002000
1.226614	6254.092979	70.102000
1.226596	6251.769193	70.202000
1.226687	6249.438699	70.302000
1.226710	6247.148881	70.402000
1.226751	6244.895872	70.502000
1.226754	6242.585631	70.602000
1.226799	6240.262950	70.702000
1.226802	6238.042468	70.802000
1.226850	6235.700136	70.902000
1.226845	6233.430759	71.002000
1.226758	6231.170888	71.102000
1.226761	6228.895135	71.202000
1.226796	6226.599489	71.302000
1.226839	6224.308148	71.402000
1.226895	6222.030298	71.502000
1.226868	6219.782140	71.602000
1.226845	6217.484276	71.702000
1.226805	6215.225649	71.802000
1.226814	6213.000201	71.902000
1.226860	6210.684630	72.002000
1.226695	6208.497327	72.102000
1.226661	6206.576369	72.202000
1.226672	6204.570009	72.302000
1.226660	6201.961731	72.402000
1.226790	6199.383605	72.502000
1.226731	6197.127398	72.602000
1.226755	6194.856690	72.702000
1.226707	6192.581205	72.802000
1.226718	6190.321952	72.902000
1.226738	6188.071760	73.002000
1.226719	6185.833853	73.102000
1.226691	6183.561879	73.202000
1.226739	6181.282251	73.302000
1.226704	6179.045399	73.402000
1.226793	6176.762297	73.502000
1.226832	6174.514124	73.602000
1.226885	6172.239879	73.702000
1.226871	6169.984384	73.802000
1.226830	6167.731746	73.902000
1.226824	6165.538543	74.002000
1.226821	6163.283122	74.102000
1.226738	6161.083435	74.202000
1.226745	6158.780638	74.302000
1.226760	6156.540792	74.402000
1.226740	6154.308020	74.502000
1.226870	6152.055098	74.602000
1.226868	6149.831313	74.702000
1.226827	6147.607140	74.802000
1.226863	6145.359070	74.902000
1.226816	6143.120178	75.002000
1.226773	6140.976503	75.102000
1.226739	6138.693275	75.202000
1.226701	6136.478704	75.302000
1.226755	6134.220715	75.402000
1.226690	6132.018648	75.502000
1.226741	6129.774457	75.602000
1.226865	6127.525180	75.702000
1.226883	6125.276270	75.802000
1.226882	6123.052313	75.902000
1.226894	6120.814800	76.002000
1.226837	6118.635352	76.102000
1.226845	6116.391779	76.202000
1.226792	6114.183298	76.302000
1.226801	6111.934636	76.402000
1.226795	6109.720964	76.502000
1.226866	6107.479848	76.602000
1.226839	6105.280262	76.702000
1.226734	6103.089319	76.802000
1.226676	6100.874357	76.902000
1.226750	6098.623475	77.002000
1.226635	6096.460712	77.102000
1.226604	6094.290913	77.202000
1.226600	6092.026584	77.302000
1.226576	6090.067038	77.402000
1.226551	6088.318737	77.502000
1.226519	6085.833937	77.602000
1.226539	6083.250652	77.702000
1.226666	6081.047080	77.802000
1.226651	6078.875338	77.902000
1.226681	6076.627614	78.002000
1.226749	6074.433244	78.102000
1.226692	6072.237348	78.202000
1.226693	6070.062955	78.302000
1.226702	6067.825884	78.402000
1.226712	6065.645961	78.502000
1.226705	6063.462960	78.602000
1.226718	6061.262825	78.702000
1.226771	6059.060541	78.802000
1.226830	6056.883070	78.902000
1.226805	6054.735548	79.002000
1.226827	6052.529299	79.102000
1.226852	6050.321903	79.202000
1.226780	6048.228434	79.302000
1.226822	6046.034708	79.402000
1.226777	6043.857800	79.502000
1.226719	6041.693881	79.602000
1.226689	6039.537341	79.702000
1.226660	6037.360642	79.802000
1.226650	6035.181422	79.902000
1.226711	6033.004393	80.002000
1.226714	6030.890515	80.102000
1.226759	6028.648932	80.202000
1.226791	6026.448731	80.302000
1.226802	6024.359812	80.402000
1.226859	6022.098221	80.502000
1.226790	6019.978197	80.602000
1.226713	6017.821311	80.702000
1.226791	6015.615260	80.802000
1.226749	6013.489994	80.902000
1.226791	6011.304748	81.002000
1.226777	6009.197400	81.102000
1.226700	6007.061565	81.202000
1.226674	6004.918022	81.302000
1.226647	6002.744823	81.402000
1.226666	6000.603621	81.502000
1.226674	5998.429726	81.602000
1.226627	5996.312443	81.702000
1.226573	5994.164147	81.802000
1.226627	5991.991212	81.902000
1.226544	5989.869199	82.002000
1.226565	5987.704174	82.102000
1.226601	5985.550033	82.202000
1.226590	5983.422700	82.302000
1.226596	5981.288114	82.402000
1.226561	5979.189825	82.502000
1.226571	5977.041018	82.602000
1.226563	5975.573600	82.702000
1.226571	5973.243254	82.802000
1.226486	5970.705113	82.902000
1.226535	5968.485230	83.002000
1.226471	5966.386633	83.102000
1.226485	5964.191357	83.202000
1.226609	5962.036235	83.302000
1.226575	5959.888288	83.402000
1.226551	5957.774255	83.502000
1.226592	5955.706824	83.602000
1.226583	5953.502974	83.702000
1.226614	5951.365823	83.802000
1.226580	5949.274954	83.902000
1.226565	5947.159368	84.002000
1.226599	5945.015825	84.102000
1.226572	5942.894436	84.202000
1.226612	5940.763936	84.302000
1.226694	5938.611911	84.402000
1.226614	5936.521658	84.502000
1.226572	5934.413384	84.602000
1.226577	5932.330487	84.702000
1.226539	5930.144162	84.802000
1.226456	5928.043866	84.902000
1.226411	5925.965268	85.002000
1.226391	5923.905451	85.102000
1.226328	5921.810171	85.202000
1.226329	5919.677097	85.302000
1.226432	5917.543781	85.402000
1.226535	5915.451510	85.502000
1.226547	5913.361413	85.602000
1.226556	5911.262894	85.702000
1.226640	5909.093800	85.802000
1.226614	5906.992538	85.902000
1.226623	5904.882712	86.002000
1.226706	5902.766348	86.102000
1.226628	5900.702783	86.202000
1.226569	5898.612040	86.302000
1.226604	5896.500815	86.402000
1.226608	5894.391335	86.502000
1.226616	5892.294721	86.602000
1.226616	5890.212163	86.702000
1.226636	5888.158726	86.802000
1.226655	5885.989418	86.902000
1.226641	5883.917333	87.002000
1.226634	5881.842301	87.102000
1.226672	5879.728362	87.202000
1.226629	5877.643966	87.302000
1.226564	5875.565055	87.402000
1.226590	5873.469956	87.502000
1.226592	5871.384570	87.602000
1.226593	5869.292021	87.702000
1.226668	5867.229196	87.802000
1.226605	5865.669667	87.902000
1.226590	5863.649067	88.002000
1.226670	5861.235642	88.102000
1.226637	5858.886810	88.202000
1.226649	5856.813922	88.302000
1.226604	5854.758647	88.402000
1.226567	5852.691644	88.502000
1.226573	5850.603972	88.602000
1.226585	5848.520470	88.702000
1.226673	5846.415507	88.802000
1.226741	5844.403815	88.902000
1.226742	5842.341205	89.002000
1.226734	5840.244903	89.102000
1.226838	5838.124692	89.202000
1.226823	5836.062531	89.302000
1.226795	5833.991585	89.402000
1.226798	5831.940739	89.502000
1.226684	5829.948452	89.602000
1.226693	5827.880986	89.702000
1.226692	5825.802312	89.802000
1.226653	5823.790702	89.902000
1.226642	5821.768088	90.002000
1.226701	5819.675907	90.102000
1.226666	5817.615235	90.202000
1.226618	5815.551101	90.302000
1.226622	5813.494703	90.402000
1.226580	5811.421454	90.502000
1.226526	5809.399401	90.602000
1.226477	5807.397609	90.702000
1.226442	5805.387475	90.802000
1.226471	5803.318995	90.902000
1.226439	5801.298007	91.002000
1.226473	5799.262831	91.102000
1.226581	5797.143650	91.202000
1.226594	5795.112644	91.302000
1.226600	5793.075582	91.402000
1.226620	5791.029195	91.502000
1.226605	5788.995146	91.602000
1.226598	5786.947753	91.702000
1.226628	5784.920328	91.802000
1.226584	5782.931607	91.902000
1.226574	5780.891254	92.002000
1.226602	5778.891329	92.102000
1.226567	5776.833414	92.202000
1.226579	5774.797273	92.302000
1.226674	5772.736778	92.402000
1.226617	5770.756027	92.502000
1.226610	5768.744096	92.602000
1.226560	5766.713873	92.702000
1.226563	5764.681781	92.802000
1.226590	5762.676652	92.902000
1.226638	5760.670660	93.002000
1.226516	5758.975425	93.102000
1.226473	5757.377960	93.202000
1.226540	5755.034473	93.302000
1.226509	5752.674170	93.402000
1.226565	5750.593776	93.502000
1.226621	5748.599980	93.602000
1.226617	5746.562625	93.702000
1.226602	5744.545224	93.802000
1.226613	5742.532461	93.902000
1.226629	5740.502100	94.002000
1.226650	5738.468730	94.102000
1.226645	5736.526735	94.202000
1.226594	5734.494241	94.302000
1.226542	5732.474096	94.402000
1.226548	5730.506995	94.502000
1.226558	5728.473092	94.602000
1.226532	5726.475895	94.702000
1.226467	5724.484183	94.802000
1.226487	5722.500097	94.902000
1.226468	5720.481669	95.002000
1.226433	5718.499841	95.102000
1.226422	5716.505240	95.202000
1.226433	5714.571701	95.302000
1.226436	5712.538781	95.402000
1.226389	5710.561549	95.502000
1.226355	5708.588380	95.602000
1.226405	5706.589898	95.702000
1.226412	5704.582541	95.802000
1.226436	5702.586713	95.902000
1.226439	5700.595460	96.002000
