-6.000000E+01,-2.110945E-09,+9.910000E+37,+1.321396E+02,+2.150800E+04,
-5.950000E+01,-1.065083E-09,+9.910000E+37,+1.331992E+02,+2.150800E+04,
-5.900000E+01,-8.297852E-10,+9.910000E+37,+1.342617E+02,+2.150800E+04,
-5.850000E+01,-6.047879E-10,+9.910000E+37,+1.353232E+02,+2.150800E+04,
-5.800000E+01,-4.842103E-10,+9.910000E+37,+1.363818E+02,+2.150800E+04,
-5.750000E+01,-6.033739E-10,+9.910000E+37,+1.374434E+02,+2.150800E+04,
-5.700000E+01,-4.107430E-10,+9.910000E+37,+1.385029E+02,+2.150800E+04,
-5.650000E+01,-3.598965E-10,+9.910000E+37,+1.395664E+02,+2.150800E+04,
-5.600000E+01,-2.666358E-10,+9.910000E+37,+1.406250E+02,+2.150800E+04,
-5.550000E+01,-3.275808E-10,+9.910000E+37,+1.416865E+02,+2.150800E+04,
-5.500000E+01,-4.381604E-10,+9.910000E+37,+1.427490E+02,+2.150800E+04,
-5.450000E+01,-9.263763E-10,+9.910000E+37,+1.438340E+02,+2.150800E+04,
-5.400000E+01,-2.049332E-10,+9.910000E+37,+1.448945E+02,+2.150800E+04,
-5.350000E+01,-1.609597E-09,+9.910000E+37,+1.459531E+02,+2.150800E+04,
-5.300000E+01,-3.343466E-10,+9.910000E+37,+1.470117E+02,+2.150800E+04,
-5.250000E+01,-1.582178E-09,+9.910000E+37,+1.480742E+02,+2.150800E+04,
-5.200000E+01,-2.139714E-10,+9.910000E+37,+1.491348E+02,+2.150800E+04,
-5.150000E+01,-1.106888E-09,+9.910000E+37,+1.501963E+02,+2.150800E+04,
-5.100000E+01,-9.490900E-11,+9.910000E+37,+1.512783E+02,+2.150800E+04,
-5.050000E+01,-1.212663E-10,+9.910000E+37,+1.523359E+02,+2.150800E+04,
-5.000000E+01,-2.534567E-10,+9.910000E+37,+1.533965E+02,+2.150800E+04,
-4.950000E+01,-3.102609E-10,+9.910000E+37,+1.544707E+02,+2.150800E+04,
-4.900000E+01,-1.187920E-10,+9.910000E+37,+1.555332E+02,+2.150800E+04,
-4.850000E+01,-2.629996E-10,+9.910000E+37,+1.566055E+02,+2.150800E+04,
-4.800000E+01,-2.047308E-10,+9.910000E+37,+1.576670E+02,+2.150800E+04,
-4.750000E+01,-3.332350E-10,+9.910000E+37,+1.587471E+02,+2.150800E+04,
-4.700000E+01,+7.503584E-10,+9.910000E+37,+1.598301E+02,+2.150800E+04,
-4.650000E+01,-5.481759E-11,+9.910000E+37,+1.608916E+02,+2.150800E+04,
-4.600000E+01,-1.337882E-10,+9.910000E+37,+1.619727E+02,+2.150800E+04,
-4.550000E+01,-1.412107E-10,+9.910000E+37,+1.630352E+02,+2.150800E+04,
-4.500000E+01,-2.249782E-10,+9.910000E+37,+1.641172E+02,+2.150800E+04,
-4.450000E+01,-1.980149E-10,+9.910000E+37,+1.651748E+02,+2.150800E+04,
-4.400000E+01,-2.581519E-10,+9.910000E+37,+1.662334E+02,+2.150800E+04,
-4.350000E+01,-1.262143E-10,+9.910000E+37,+1.672920E+02,+2.150800E+04,
-4.300000E+01,-2.501234E-10,+9.910000E+37,+1.683525E+02,+2.150800E+04,
-4.250000E+01,-8.481021E-11,+9.910000E+37,+1.694131E+02,+2.150800E+04,
-4.200000E+01,-2.331074E-10,+9.910000E+37,+1.704707E+02,+2.150800E+04,
-4.150000E+01,-1.239420E-10,+9.910000E+37,+1.715576E+02,+2.150800E+04,
-4.100000E+01,-1.024321E-10,+9.910000E+37,+1.726191E+02,+2.150800E+04,
-4.050000E+01,-2.459322E-10,+9.910000E+37,+1.736768E+02,+2.150800E+04,
-4.000000E+01,-1.538337E-10,+9.910000E+37,+1.747363E+02,+2.150800E+04,
-3.950000E+01,-2.735518E-10,+9.910000E+37,+1.758145E+02,+2.150800E+04,
-3.900000E+01,-3.270168E-11,+9.910000E+37,+1.768760E+02,+2.150800E+04,
-3.850000E+01,-2.002802E-11,+9.910000E+37,+1.779375E+02,+2.150800E+04,
-3.800000E+01,-9.258593E-11,+9.910000E+37,+1.789971E+02,+2.150800E+04,
-3.750000E+01,-1.025834E-10,+9.910000E+37,+1.800586E+02,+2.150800E+04,
-3.700000E+01,-1.956415E-10,+9.910000E+37,+1.811182E+02,+2.150800E+04,
-3.650000E+01,-6.592579E-11,+9.910000E+37,+1.821797E+02,+2.150800E+04,
-3.600000E+01,-7.900341E-11,+9.910000E+37,+1.832656E+02,+2.150800E+04,
-3.550000E+01,-1.912990E-10,+9.910000E+37,+1.843252E+02,+2.150800E+04,
-3.500000E+01,-5.198983E-11,+9.910000E+37,+1.853857E+02,+2.150800E+04,
-3.450000E+01,-3.684202E-11,+9.910000E+37,+1.864727E+02,+2.150800E+04,
-3.400000E+01,-1.600944E-10,+9.910000E+37,+1.875332E+02,+2.150800E+04,
-3.350000E+01,-8.167943E-11,+9.910000E+37,+1.885928E+02,+2.150800E+04,
-3.300000E+01,-6.638017E-11,+9.910000E+37,+1.896533E+02,+2.150800E+04,
-3.250000E+01,-4.683957E-11,+9.910000E+37,+1.907148E+02,+2.150800E+04,
-3.200000E+01,-7.758683E-12,+9.910000E+37,+1.917764E+02,+2.150800E+04,
-3.150000E+01,-2.007848E-11,+9.910000E+37,+1.928350E+02,+2.150800E+04,
-3.100000E+01,+5.474422E-11,+9.91000










































current through plasma (-mA) <tab> voltage across plasma (-V) <tab> time (sec)
1.247982	9896.577402	0.001000
1.248953	9889.252323	0.101000
1.248890	9884.472590	0.201000
1.248806	9879.850020	0.301000
1.248781	9875.222492	0.401000
1.248734	9870.749108	0.501000
1.248728	9866.037404	0.601000
1.248646	9861.470419	0.701000
1.248595	9857.013140	0.801000
1.248638	9852.457981	0.901000
1.248592	9847.927402	1.001000
1.248618	9843.433408	1.101000
1.248614	9838.931477	1.201000
1.248554	9834.496009	1.301000
1.248656	9830.007396	1.401000
1.248669	9825.528923	1.501000
1.248670	9821.072599	1.601000
1.248726	9816.605853	1.701000
1.248677	9812.184905	1.801000
1.248681	9807.764201	1.901000
1.248752	9803.305322	2.001000
1.248734	9798.850232	2.101000
1.248755	9794.396996	2.201000
1.248737	9789.974462	2.301000
1.248724	9785.615349	2.401000
1.248756	9781.194208	2.501000
1.248775	9776.785135	2.601000
1.248743	9772.386099	2.701000
1.248680	9768.012284	2.801000
1.248633	9763.619912	2.901000
1.248724	9759.261922	3.001000
1.248732	9754.887348	3.101000
1.248673	9750.530722	3.201000
1.248678	9746.118575	3.301000
1.248618	9741.767150	3.401000
1.248572	9737.452817	3.501000
1.248624	9733.085335	3.601000
1.248593	9728.725792	3.701000
1.248632	9724.359411	3.801000
1.248548	9720.020165	3.901000
1.248529	9715.704366	4.001000
1.248589	9711.369689	4.101000
1.248646	9706.994575	4.201000
1.248672	9702.664363	4.301000
1.248691	9698.306393	4.401000
1.248696	9693.998708	4.501000
1.248681	9689.767380	4.601000
1.248791	9686.033356	4.701000
1.248823	9681.440164	4.801000
1.248839	9676.726071	4.901000
1.248815	9672.348021	5.001000
1.248790	9668.060337	5.101000
1.248894	9663.726505	5.201000
1.248913	9659.424961	5.301000
1.248871	9655.137010	5.401000
1.248847	9650.830676	5.501000
1.248795	9646.568907	5.601000
1.248753	9642.329075	5.701000
1.248763	9638.063693	5.801000
1.248744	9633.795853	5.901000
1.248722	9629.522880	6.001000
1.248697	9625.245972	6.101000
1.248647	9621.011513	6.201000
1.248717	9616.763928	6.301000
1.248724	9612.485558	6.401000
1.248674	9608.272928	6.501000
1.248727	9603.990748	6.601000
1.248722	9599.742115	6.701000
1.248707	9595.531618	6.801000
1.248764	9591.250155	6.901000
1.248792	9587.066492	7.001000
1.248795	9582.779478	7.101000
1.248786	9578.552026	7.201000
1.248801	9574.322395	7.301000
1.248885	9570.081346	7.401000
1.248893	9565.845295	7.501000
1.248845	9561.649333	7.601000
1.248871	9557.429418	7.701000
1.248823	9553.200808	7.801000
1.248791	9549.048920	7.901000
1.248813	9544.860121	8.001000
1.248819	9540.725176	8.101000
1.248755	9536.497095	8.201000
1.248754	9532.279971	8.301000
1.248712	9528.124468	8.401000
1.248672	9523.980886	8.501000
1.248711	9519.779187	8.601000
1.248699	9515.568242	8.701000
1.248700	9511.406736	8.801000
1.248671	9507.231178	8.901000
1.248647	9503.096597	9.001000
1.248621	9498.969676	9.101000
1.248586	9494.789103	9.201000
1.248590	9490.581591	9.301000
1.248619	9486.429824	9.401000
1.248625	9482.261167	9.501000
1.248602	9478.122298	9.601000
1.248690	9473.956688	9.701000
1.248709	9469.798652	9.801000
1.248674	9466.087535	9.901000
1.248744	9462.127992	10.001000
1.248743	9457.643900	10.101000
1.248711	9453.342244	10.201000
1.248739	9449.173962	10.301000
1.248747	9445.024117	10.401000
1.248684	9440.898975	10.501000
1.248680	9436.764211	10.601000
1.248621	9432.664332	10.701000
1.248617	9428.582247	10.801000
1.248598	9424.480299	10.901000
1.248523	9420.372721	11.001000
1.248546	9416.266583	11.101000
1.248521	9412.151256	11.201000
1.248493	9408.115616	11.301000
1.248477	9404.003062	11.401000
1.248489	9399.889356	11.501000
1.248422	9395.844372	11.601000
1.248501	9391.745991	11.701000
1.248486	9387.651065	11.801000
1.248526	9383.581203	11.901000
1.248588	9379.458477	12.001000
1.248605	9375.384417	12.101000
1.248583	9371.303130	12.201000
1.248683	9367.189960	12.301000
1.248667	9363.134130	12.401000
1.248643	9359.087200	12.501000
1.248675	9355.017769	12.601000
1.248714	9350.929484	12.701000
1.248691	9346.898696	12.801000
1.248719	9342.825055	12.901000
1.248712	9338.786551	13.001000
1.248590	9334.801919	13.101000
1.248615	9330.742418	13.201000
1.248612	9326.679016	13.301000
1.248640	9322.696859	13.401000
1.248597	9318.626435	13.501000
1.248516	9314.632544	13.601000
1.248450	9310.659393	13.701000
1.248482	9306.624261	13.801000
1.248499	9302.548100	13.901000
1.248504	9298.531713	14.001000
1.248494	9294.494182	14.101000
1.248470	9290.519635	14.201000
1.248578	9286.462431	14.301000
1.248620	9282.425415	14.401000
1.248640	9278.447761	14.501000
1.248691	9274.379523	14.601000
1.248662	9270.375862	14.701000
1.248630	9266.405564	14.801000
1.248672	9262.408582	14.901000
1.248710	9258.404868	15.001000
1.248738	9254.481690	15.101000
1.248743	9251.131171	15.201000
1.248751	9246.864142	15.301000
1.248696	9242.493715	15.401000
1.248774	9238.495207	15.501000
1.248784	9234.516092	15.601000
1.248728	9230.515839	15.701000
1.248752	9226.534371	15.801000
1.248695	9222.596781	15.901000
1.248634	9218.652624	16.001000
1.248643	9214.722061	16.101000
1.248614	9210.742071	16.201000
1.248520	9206.822700	16.301000
1.248536	9202.856033	16.401000
1.248522	9198.931020	16.501000
1.248515	9195.030908	16.601000
1.248580	9191.060928	16.701000
1.248544	9187.088826	16.801000
1.248496	9183.163093	16.901000
1.248571	9179.200708	17.001000
1.248578	9175.262083	17.101000
1.248585	9171.349744	17.201000
1.248629	9167.422448	17.301000
1.248641	9163.482287	17.401000
1.248637	9159.561765	17.501000
1.248730	9155.596162	17.601000
1.248674	9151.730569	17.701000
1.248677	9147.764209	17.801000
1.248705	9143.875099	17.901000
1.248711	9139.964889	18.001000
1.248695	9136.045121	18.101000
1.248753	9132.112898	18.201000
1.248706	9128.198944	18.301000
1.248632	9124.357468	18.401000
1.248563	9120.517998	18.501000
1.248514	9116.632381	18.601000
1.248508	9112.718316	18.701000
1.248524	9108.873446	18.801000
1.248490	9104.946611	18.901000
1.248408	9101.114538	19.001000
1.248357	9097.294609	19.101000
1.248372	9093.409539	19.201000
1.248390	9089.515196	19.301000
1.248426	9085.634632	19.401000
1.248412	9081.749749	19.501000
1.248368	9077.931310	19.601000
1.248361	9074.088523	19.701000
1.248415	9070.228104	19.801000
1.248476	9066.321246	19.901000
1.248473	9062.419698	20.001000
1.248540	9058.523333	20.101000
1.248575	9054.643983	20.201000
1.248556	9050.832513	20.301000
1.248657	9047.429046	20.401000
1.248654	9043.685818	20.501000
1.248608	9039.463635	20.601000
1.248635	9035.394116	20.701000
1.248581	9031.552301	20.801000
1.248560	9027.834906	20.901000
1.248608	9023.946074	21.001000
1.248575	9020.134738	21.101000
1.248497	9016.272914	21.201000
1.248471	9012.453685	21.301000
1.248481	9008.588669	21.401000
1.248472	9004.759053	21.501000
1.248503	9000.975705	21.601000
1.248473	8997.186530	21.701000
1.248421	8993.371288	21.801000
1.248457	8989.553479	21.901000
1.248428	8985.796374	22.001000
1.248383	8981.989933	22.101000
1.248410	8978.203468	22.201000
1.248404	8974.408933	22.301000
1.248403	8970.592601	22.401000
1.248456	8966.766340	22.501000
1.248443	8962.945891	22.601000
1.248471	8959.165232	22.701000
1.248445	8955.409064	22.801000
1.248505	8951.586023	22.901000
1.248540	8947.807367	23.001000
1.248578	8944.033451	23.101000
1.248595	8940.195408	23.201000
1.248607	8936.422704	23.301000
1.248536	8932.710541	23.401000
1.248586	8928.951573	23.501000
1.248601	8925.164993	23.601000
1.248555	8921.435896	23.701000
1.248558	8917.649263	23.801000
1.248458	8913.911939	23.901000
1.248484	8910.127123	24.001000
1.248565	8906.444290	24.101000
1.248544	8902.605813	24.201000
1.248483	8898.893944	24.301000
1.248484	8895.136068	24.401000
1.248425	8891.388378	24.501000
1.248419	8887.624734	24.601000
1.248482	8883.893459	24.701000
1.248552	8880.151108	24.801000
1.248513	8876.426957	24.901000
1.248526	8872.696090	25.001000
1.248538	8868.935388	25.101000
1.248591	8865.231159	25.201000
1.248514	8861.501273	25.301000
1.248601	8857.742085	25.401000
1.248595	8854.012514	25.501000
1.248607	8850.427666	25.601000
1.248685	8847.190521	25.701000
1.248655	8843.247062	25.801000
1.248570	8839.147329	25.901000
1.248622	8835.436826	26.001000
1.248563	8831.760182	26.101000
1.248560	8828.025615	26.201000
1.248581	8824.342589	26.301000
1.248555	8820.600811	26.401000
1.248512	8816.945662	26.501000
1.248448	8813.284834	26.601000
1.248459	8809.578267	26.701000
1.248464	8805.842030	26.801000
1.248468	8802.177884	26.901000
1.248484	8798.479982	27.001000
1.248436	8794.786780	27.101000
1.248348	8791.161488	27.201000
1.248411	8787.532277	27.301000
1.248462	8783.803104	27.401000
1.248465	8780.086101	27.501000
1.248496	8776.407591	27.601000
1.248471	8772.729332	27.701000
1.248460	8769.070738	27.801000
1.248533	8765.384551	27.901000
1.248554	8761.692745	28.001000
1.248580	8758.055313	28.101000
1.248543	8754.401368	28.201000
1.248580	8750.707890	28.301000
1.248566	8747.080523	28.401000
1.248517	8743.402421	28.501000
1.248483	8739.767108	28.601000
1.248448	8736.131947	28.701000
1.248360	8732.503380	28.801000
1.248413	8728.843554	28.901000
1.248343	8725.223347	29.001000
1.248355	8721.604119	29.101000
1.248355	8717.967040	29.201000
1.248326	8714.340558	29.301000
1.248286	8710.509401	29.401000
1.248265	8706.017052	29.501000
1.248282	8702.193966	29.601000
1.248316	8699.773049	29.701000
1.248239	8695.924629	29.801000
1.248270	8692.652747	29.901000
1.248292	8689.324624	30.001000
1.248291	8686.080368	30.101000
1.248354	8681.758722	30.201000
1.248329	8677.810522	30.301000
1.248393	8674.607381	30.401000
1.248384	8671.157909	30.501000
1.248437	8667.875986	30.601000
1.248505	8663.651703	30.701000
1.248509	8660.062976	30.801000
1.248540	8657.520104	30.901000
1.248478	8653.665507	31.001000
1.248423	8649.575039	31.101000
1.248461	8645.852297	31.201000
1.248402	8642.387710	31.301000
1.248415	8638.870308	31.401000
1.248389	8635.109135	31.501000
1.248374	8631.559788	31.601000
1.248372	8628.050127	31.701000
1.248299	8624.511604	31.801000
1.248349	8620.892847	31.901000
1.248293	8617.284591	32.001000
1.248299	8613.818151	32.101000
1.248315	8610.206425	32.201000
1.248275	8606.577376	32.301000
1.248242	8603.034515	32.401000
1.248237	8599.548957	32.501000
1.248248	8595.978041	32.601000
1.248304	8592.385740	32.701000
1.248293	8588.759630	32.801000
1.248305	8585.240661	32.901000
1.248313	8581.653671	33.001000
1.248297	8578.109052	33.101000
1.248375	8574.538832	33.201000
1.248380	8570.973950	33.301000
1.248381	8567.440559	33.401000
1.248401	8563.862021	33.501000
1.248425	8560.309294	33.601000
1.248401	8556.788391	33.701000
1.248401	8553.329525	33.801000
1.248440	8549.690688	33.901000
1.248435	8546.136318	34.001000
1.248365	8542.687124	34.101000
1.248405	8539.116409	34.201000
1.248342	8535.588195	34.301000
1.248349	8532.032833	34.401000
1.248429	8528.481363	34.501000
1.248392	8524.977194	34.601000
1.248377	8521.454386	34.701000
1.248268	8517.973832	34.801000
1.248334	8514.426364	34.901000
1.248301	8510.870761	35.001000
1.248276	8507.398073	35.101000
1.248289	8503.863299	35.201000
1.248312	8500.359525	35.301000
1.248310	8496.864180	35.401000
1.248377	8493.322620	35.501000
1.248381	8489.781801	35.601000
1.248413	8486.268797	35.701000
1.248326	8482.832658	35.801000
1.248437	8479.319372	35.901000
1.248450	8475.807017	36.001000
1.248488	8472.710515	36.101000
1.248516	8469.352215	36.201000
1.248461	8465.500523	36.301000
1.248452	8461.797669	36.401000
1.248402	8458.349531	36.501000
1.248417	8454.845954	36.601000
1.248431	8451.344429	36.701000
1.248359	8447.904851	36.801000
1.248361	8444.423243	36.901000
1.248304	8440.984445	37.001000
1.248313	8437.490408	37.101000
1.248282	8434.005485	37.201000
1.248247	8430.578613	37.301000
1.248265	8427.062313	37.401000
1.248241	8423.610618	37.501000
1.248279	8420.121920	37.601000
1.248260	8416.648995	37.701000
1.248220	8413.618187	37.801000
1.248237	8410.503187	37.901000
1.248254	8406.304262	38.001000
1.248341	8402.891804	38.101000
1.248311	8399.348002	38.201000
1.248335	8395.871871	38.301000
1.248325	8392.403686	38.401000
1.248299	8388.977556	38.501000
1.248419	8385.534158	38.601000
1.248393	8382.075139	38.701000
1.248375	8378.642917	38.801000
1.248341	8375.206809	38.901000
1.248381	8371.750513	39.001000
1.248346	8368.364992	39.101000
1.248342	8364.941759	39.201000
1.248309	8361.487094	39.301000
1.248245	8358.048831	39.401000
1.248204	8354.625073	39.501000
1.248171	8351.205903	39.601000
1.248207	8347.750384	39.701000
1.248188	8344.316197	39.801000
1.248093	8340.985719	39.901000
1.248079	8337.597103	40.001000
1.248056	8334.202360	40.101000
1.248031	8330.829520	40.201000
1.248058	8327.364542	40.301000
1.248087	8323.913133	40.401000
1.248059	8320.497519	40.501000
1.248027	8317.141638	40.601000
1.248073	8313.743856	40.701000
1.248118	8310.295668	40.801000
1.248170	8306.871610	40.901000
1.248207	8303.462568	41.001000
1.248181	8300.048251	41.101000
1.248213	8296.672731	41.201000
1.248139	8293.539591	41.301000
1.248245	8290.615457	41.401000
1.248269	8286.878700	41.501000
1.248211	8283.122701	41.601000
1.248246	8279.738685	41.701000
1.248230	8276.330682	41.801000
1.248241	8272.947287	41.901000
1.248154	8269.615237	42.001000
1.248160	8266.300393	42.101000
1.248147	8262.912099	42.201000
1.248080	8259.571694	42.301000
1.248109	8256.219118	42.401000
1.248049	8252.790962	42.501000
1.248047	8249.425096	42.601000
1.247983	8246.126249	42.701000
1.248000	8242.772036	42.801000
1.248030	8239.371220	42.901000
1.248004	8236.020417	43.001000
1.248059	8232.648127	43.101000
1.248041	8229.277994	43.201000
1.248074	8225.918651	43.301000
1.248039	8222.613040	43.401000
1.248148	8219.223388	43.501000
1.248170	8215.841178	43.601000
1.248165	8212.483562	43.701000
1.248171	8209.165947	43.801000
1.248176	8205.806275	43.901000
1.248181	8202.447344	44.001000
1.248158	8199.167532	44.101000
1.248229	8195.801947	44.201000
1.248163	8192.484789	44.301000
1.248177	8189.129803	44.401000
1.248118	8185.858684	44.501000
1.248136	8182.455825	44.601000
1.248148	8179.128139	44.701000
1.248042	8175.861978	44.801000
1.248139	8172.536118	44.901000
1.248080	8169.236008	45.001000
1.248087	8165.868806	45.101000
1.248060	8162.559274	45.201000
1.248048	8159.256744	45.301000
1.248022	8155.944616	45.401000
1.248005	8152.641061	45.501000
1.248125	8149.331217	45.601000
1.248109	8145.966797	45.701000
1.248163	8142.634221	45.801000
1.248122	8139.316757	45.901000
1.248096	8135.992139	46.001000
1.248078	8132.674878	46.101000
1.248067	8129.376238	46.201000
1.248104	8126.121747	46.301000
1.248151	8122.810347	46.401000
1.248187	8119.663048	46.501000
1.248136	8116.887975	46.601000
1.248220	8113.317170	46.701000
1.248233	8109.549781	46.801000
1.248191	8106.287499	46.901000
1.248195	8103.049474	47.001000
1.248167	8099.787803	47.101000
1.248190	8096.463733	47.201000
1.248130	8093.191569	47.301000
1.248153	8089.911219	47.401000
1.248117	8086.632574	47.501000
1.248055	8083.350841	47.601000
1.247980	8080.192226	47.701000
1.247995	8076.879556	47.801000
1.247975	8073.614371	47.901000
1.247950	8070.350080	48.001000
1.247914	8067.124671	48.101000
1.247931	8063.798668	48.201000
1.247929	8060.530181	48.301000
1.247965	8057.257655	48.401000
1.248057	8053.996792	48.501000
1.248034	8050.718764	48.601000
1.248048	8047.443045	48.701000
1.248014	8044.254437	48.801000
1.248124	8040.875479	48.901000
1.248144	8037.626639	49.001000
1.248116	8034.391870	49.101000
1.248137	8031.166264	49.201000
1.248160	8027.921551	49.301000
1.248186	8024.645952	49.401000
1.248157	8021.403042	49.501000
1.248216	8018.134221	49.601000
1.248115	8014.920283	49.701000
1.248117	8011.698471	49.801000
1.248035	8008.533675	49.901000
1.248083	8005.244222	50.001000
1.248069	8002.028331	50.101000
1.248017	7998.798041	50.201000
1.248006	7995.579493	50.301000
1.247960	7992.339254	50.401000
1.247981	7989.119598	50.501000
1.247896	7985.945508	50.601000
1.247871	7982.709233	50.701000
1.247827	7979.494708	50.801000
1.247853	7976.270759	50.901000
1.247853	7973.027598	51.001000
1.247901	7969.762456	51.101000
1.247899	7966.544548	51.201000
1.247852	7963.374395	51.301000
1.247854	7960.206285	51.401000
1.247899	7956.979449	51.501000
1.247936	7953.733803	51.601000
1.247949	7950.564795	51.701000
1.248010	7947.892623	51.801000
1.247964	7944.624823	51.901000
1.247983	7941.108936	52.001000
1.247936	7937.760491	52.101000
1.248027	7934.497112	52.201000
1.248034	7931.287823	52.301000
1.248017	7928.082727	52.401000
1.247983	7924.892376	52.501000
1.247950	7921.702043	52.601000
1.247945	7918.535506	52.701000
1.247887	7915.384586	52.801000
1.247929	7912.209475	52.901000
1.247845	7909.057524	53.001000
1.247856	7905.883283	53.101000
1.247759	7902.708727	53.201000
1.247822	7899.508132	53.301000
1.247782	7896.327768	53.401000
1.247758	7893.167227	53.501000
1.247717	7890.026705	53.601000
1.247743	7886.827836	53.701000
1.247783	7883.679804	53.801000
1.247764	7880.497712	53.901000
1.247798	7877.303692	54.001000
1.247790	7874.200237	54.101000
1.247812	7870.953827	54.201000
1.247829	7867.791808	54.301000
1.247951	7864.601296	54.401000
1.247951	7861.444809	54.501000
1.247957	7858.292234	54.601000
1.247922	7855.129785	54.701000
1.247982	7851.925226	54.801000
1.247961	7848.785767	54.901000
1.247953	7845.639890	55.001000
1.247925	7842.548191	55.101000
1.247911	7839.498958	55.201000
1.247919	7836.311898	55.301000
1.247888	7832.908971	55.401000
1.247906	7829.448751	55.501000
1.247837	7826.596731	55.601000
1.247819	7823.799628	55.701000
1.247713	7820.592915	55.801000
1.247787	7817.576198	55.901000
1.247817	7814.164918	56.001000
1.247780	7811.350883	56.101000
1.247758	7808.228218	56.201000
1.247806	7804.936224	56.301000
1.247775	7801.813157	56.401000
1.247768	7798.708482	56.501000
1.247712	7795.714446	56.601000
1.247762	7792.481334	56.701000
1.247771	7789.290963	56.801000
1.247801	7786.231266	56.901000
1.247834	7783.694306	57.001000
1.247849	7780.511469	57.101000
1.247851	7776.999539	57.201000
1.247819	7773.746943	57.301000
1.247911	7770.666285	57.401000
1.247954	7767.477141	57.501000
1.247997	7764.287674	57.601000
1.247981	7761.250058	57.701000
1.248014	7758.152477	57.801000
1.247987	7755.001448	57.901000
1.247983	7751.875308	58.001000
1.247889	7748.870051	58.101000
1.247958	7745.791948	58.201000
1.247866	7742.685387	58.301000
1.247894	7739.608398	58.401000
1.247846	7736.522431	58.501000
1.247873	7733.427157	58.601000
1.247852	7730.318139	58.701000
1.247788	7727.215776	58.801000
1.247763	7724.270987	58.901000
1.247756	7721.196281	59.001000
1.247799	7718.103437	59.101000
1.247775	7714.939635	59.201000
1.247756	7711.899131	59.301000
1.247779	7708.821577	59.401000
1.247768	7705.780241	59.501000
1.247776	7702.633396	59.601000
1.247829	7699.578528	59.701000
1.247845	7696.533740	59.801000
1.247859	7693.429614	59.901000
1.247799	7690.364751	60.001000
1.247868	7687.283298	60.101000
1.247906	7684.199646	60.201000
1.247921	7681.118066	60.301000
1.247906	7678.052191	60.401000
1.247954	7675.013891	60.501000
1.247942	7672.003370	60.601000
1.247946	7668.897752	60.701000
1.247873	7665.826757	60.801000
1.247922	7662.760278	60.901000
1.247862	7659.743161	61.001000
1.247845	7656.686466	61.101000
1.247776	7653.687217	61.201000
1.247806	7650.659070	61.301000
1.247818	7647.615156	61.401000
1.247755	7644.559178	61.501000
1.247731	7641.550648	61.601000
1.247754	7638.471623	61.701000
1.247718	7635.426083	61.801000
1.247750	7632.382671	61.901000
1.247684	7629.406737	62.001000
1.247748	7626.347436	62.101000
1.247757	7623.650303	62.201000
1.247763	7620.838946	62.301000
1.247806	7617.541313	62.401000
1.247833	7614.136118	62.501000
1.247837	7611.125854	62.601000
1.247812	7608.183997	62.701000
1.247757	7605.122219	62.801000
1.247781	7602.040127	62.901000
1.247789	7599.013161	63.001000
1.247773	7595.971907	63.101000
1.247798	7592.956317	63.201000
1.247765	7589.911863	63.301000
1.247784	7586.894329	63.401000
1.247711	7583.928808	63.501000
1.247708	7580.960738	63.601000
1.247707	7577.951053	63.701000
1.247689	7574.971569	63.801000
1.247662	7571.915966	63.901000
1.247691	7568.896799	64.001000
1.247612	7565.911288	64.101000
1.247608	7562.918441	64.201000
1.247481	7559.950454	64.301000
1.247577	7556.955544	64.401000
1.247537	7553.959973	64.501000
1.247582	7550.955327	64.601000
1.247509	7547.948942	64.701000
1.247523	7544.985058	64.801000
1.247564	7541.979826	64.901000
1.247564	7538.939413	65.001000
1.247577	7535.953117	65.101000
1.247654	7532.968123	65.201000
1.247613	7529.972098	65.301000
1.247640	7526.959106	65.401000
1.247600	7524.005213	65.501000
1.247700	7520.977626	65.601000
1.247700	7517.998179	65.701000
1.247682	7514.998251	65.801000
1.247654	7512.106494	65.901000
1.247675	7509.094641	66.001000
1.247690	7506.125058	66.101000
1.247699	7503.114609	66.201000
1.247593	7500.204977	66.301000
1.247646	7497.200963	66.401000
1.247589	7494.243243	66.501000
1.247593	7491.260869	66.601000
1.247545	7488.328923	66.701000
1.247596	7485.354259	66.801000
1.247537	7482.435932	66.901000
1.247529	7479.482507	67.001000
1.247484	7476.123954	67.101000
1.247529	7473.466375	67.201000
1.247520	7470.674813	67.301000
1.247497	7467.898108	67.401000
1.247471	7465.299902	67.501000
1.247504	7461.877812	67.601000
1.247552	7458.831179	67.701000
1.247568	7455.925359	67.801000
1.247542	7452.798343	67.901000
1.247608	7449.785882	68.001000
1.247554	7447.031071	68.101000
1.247633	7444.053808	68.201000
1.247600	7441.127378	68.301000
1.247661	7438.008791	68.401000
1.247645	7435.223152	68.501000
1.247672	7432.302786	68.601000
1.247664	7429.317059	68.701000
1.247714	7426.327264	68.801000
1.247642	7423.401312	68.901000
1.247661	7420.588682	69.001000
1.247521	7417.723898	69.101000
1.247619	7414.716450	69.201000
1.247605	7411.855713	69.301000
1.247613	7408.917466	69.401000
1.247593	7405.992505	69.501000
1.247589	7403.034885	69.601000
1.247506	7400.155473	69.701000
1.247518	7397.290378	69.801000
1.247501	7394.347486	69.901000
1.247568	7391.384040	70.001000
1.247576	7388.501256	70.101000
1.247561	7385.654165	70.201000
1.247557	7382.675473	70.301000
1.247600	7379.700424	70.401000
1.247618	7376.791782	70.501000
1.247600	7373.929842	70.601000
1.247588	7371.039548	70.701000
1.247601	7368.149358	70.801000
1.247689	7365.220594	70.901000
1.247714	7362.345040	71.001000
1.247709	7359.431977	71.101000
1.247751	7356.535330	71.201000
1.247758	7353.642644	71.301000
1.247764	7350.705602	71.401000
1.247723	7347.864305	71.501000
1.247699	7344.995774	71.601000
1.247704	7342.132003	71.701000
1.247691	7339.251397	71.801000
1.247651	7336.372015	71.901000
1.247626	7333.507064	72.001000
1.247654	7330.615388	72.101000
1.247583	7327.742014	72.201000
1.247591	7324.909122	72.301000
1.247500	7322.059466	72.401000
1.247490	7319.194288	72.501000
1.247509	7316.299205	72.601000
1.247468	7314.037332	72.701000
1.247439	7311.117980	72.801000
1.247503	7307.858536	72.901000
1.247444	7304.840532	73.001000
1.247493	7301.971543	73.101000
1.247493	7299.101163	73.201000
1.247552	7296.251113	73.301000
1.247578	7293.435343	73.401000
1.247603	7290.498596	73.501000
1.247594	7287.670530	73.601000
1.247687	7284.793464	73.701000
1.247669	7281.939581	73.801000
1.247637	7279.108746	73.901000
1.247616	7276.271655	74.001000
1.247641	7273.458347	74.101000
1.247673	7270.591383	74.201000
1.247685	7267.751437	74.301000
1.247591	7264.955332	74.401000
1.247547	7262.142050	74.501000
1.247589	7259.238586	74.601000
1.247536	7256.460793	74.701000
1.247551	7253.566719	74.801000
1.247500	7250.800058	74.901000
1.247525	7247.967193	75.001000
1.247462	7245.175078	75.101000
1.247488	7242.297157	75.201000
1.247453	7239.499543	75.301000
1.247452	7236.671186	75.401000
1.247446	7233.878587	75.501000
1.247435	7231.026683	75.601000
1.247395	7228.242719	75.701000
1.247390	7225.446233	75.801000
1.247380	7222.612254	75.901000
1.247447	7219.765630	76.001000
1.247411	7216.942437	76.101000
1.247433	7214.126911	76.201000
1.247490	7211.277405	76.301000
1.247500	7208.464231	76.401000
1.247485	7205.665706	76.501000
1.247457	7202.986506	76.601000
1.247479	7200.122786	76.701000
1.247507	7197.305529	76.801000
1.247524	7194.464545	76.901000
1.247486	7191.682330	77.001000
1.247475	7188.880693	77.101000
1.247424	7186.072571	77.201000
1.247395	7183.301575	77.301000
1.247329	7180.575288	77.401000
1.247359	7177.791068	77.501000
1.247339	7175.037411	77.601000
1.247273	7172.261355	77.701000
1.247249	7169.437206	77.801000
1.247314	7166.905531	77.901000
1.247316	7164.512310	78.001000
1.247311	7161.385885	78.101000
1.247271	7158.301586	78.201000
1.247293	7155.548455	78.301000
1.247328	7152.773962	78.401000
1.247403	7149.944514	78.501000
1.247414	7147.162425	78.601000
1.247405	7144.458197	78.701000
1.247494	7141.613157	78.801000
1.247437	7138.834853	78.901000
1.247458	7136.059335	79.001000
1.247397	7133.320619	79.101000
1.247397	7130.550940	79.201000
1.247409	7127.790057	79.301000
1.247375	7125.033203	79.401000
1.247360	7122.304707	79.501000
1.247391	7119.545015	79.601000
1.247370	7116.755838	79.701000
1.247319	7114.072451	79.801000
1.247286	7111.288689	79.901000
1.247261	7108.537198	80.001000
1.247308	7105.783654	80.101000
1.247320	7103.025270	80.201000
1.247292	7100.276078	80.301000
1.247235	7097.569329	80.401000
1.247305	7094.772915	80.501000
1.247226	7092.018622	80.601000
1.247305	7089.252892	80.701000
1.247254	7086.561489	80.801000
1.247321	7083.879245	80.901000
1.247324	7081.096245	81.001000
1.247393	7078.321123	81.101000
1.247375	7075.572196	81.201000
1.247383	7072.839088	81.301000
1.247453	7070.054893	81.401000
1.247412	7067.351471	81.501000
1.247445	7064.595848	81.601000
1.247391	7061.922151	81.701000
1.247468	7059.182455	81.801000
1.247447	7056.471077	81.901000
1.247487	7053.701865	82.001000
1.247410	7050.981466	82.101000
1.247433	7048.281694	82.201000
1.247416	7045.542322	82.301000
1.247401	7042.815874	82.401000
1.247327	7040.126257	82.501000
1.247278	7037.459899	82.601000
1.247324	7034.721705	82.701000
1.247266	7032.034072	82.801000
1.247311	7029.292069	82.901000
1.247231	7026.646278	83.001000
1.247223	7023.932961	83.101000
1.247217	7021.867937	83.201000
1.247224	7018.921514	83.301000
1.247257	7015.809983	83.401000
1.247382	7013.005126	83.501000
1.247369	7010.296656	83.601000
1.247379	7007.587771	83.701000
1.247404	7004.864897	83.801000
1.247437	7002.149717	83.901000
1.247479	6999.432550	84.001000
1.247486	6996.791243	84.101000
1.247465	6994.031650	84.201000
1.247429	6991.382115	84.301000
1.247475	6988.705959	84.401000
1.247535	6986.003123	84.501000
1.247502	6983.301359	84.601000
1.247476	6980.630186	84.701000
1.247508	6977.944186	84.801000
1.247487	6975.287520	84.901000
1.247473	6972.593157	85.001000
1.247438	6969.968666	85.101000
1.247329	6967.370638	85.201000
1.247356	6964.637759	85.301000
1.247346	6961.972987	85.401000
1.247345	6959.286272	85.501000
1.247315	6956.617235	85.601000
1.247311	6953.958105	85.701000
1.247311	6951.230337	85.801000
1.247276	6948.584246	85.901000
1.247304	6945.919319	86.001000
1.247263	6943.278292	86.101000
1.247297	6940.632253	86.201000
1.247287	6937.932356	86.301000
1.247286	6935.248768	86.401000
1.247292	6932.616702	86.501000
1.247364	6929.924543	86.601000
1.247409	6927.225097	86.701000
1.247348	6924.599866	86.801000
1.247393	6921.911361	86.901000
1.247377	6919.283553	87.001000
1.247437	6916.613864	87.101000
1.247461	6913.959050	87.201000
1.247454	6911.328230	87.301000
1.247399	6908.683982	87.401000
1.247428	6906.056908	87.501000
1.247421	6903.374022	87.601000
1.247387	6900.745745	87.701000
1.247353	6898.105899	87.801000
1.247308	6895.518184	87.901000
1.247308	6892.896893	88.001000
1.247273	6890.251496	88.101000
1.247321	6887.582487	88.201000
1.247213	6884.981590	88.301000
1.247241	6882.974081	88.401000
1.247245	6880.194997	88.501000
1.247206	6877.236211	88.601000
1.247243	6874.393172	88.701000
1.247215	6871.814893	88.801000
1.247292	6869.169587	88.901000
1.247227	6866.536799	89.001000
1.247277	6863.913498	89.101000
1.247269	6861.251882	89.201000
1.247324	6858.613511	89.301000
1.247339	6856.009999	89.401000
1.247374	6853.334592	89.501000
1.247351	6850.713044	89.601000
1.247304	6848.149293	89.701000
1.247332	6845.515938	89.801000
1.247304	6842.897366	89.901000
1.247339	6840.261251	90.001000
1.247273	6837.653082	90.101000
1.247260	6835.038223	90.201000
1.247283	6832.406782	90.301000
1.247250	6829.829802	90.401000
1.247204	6827.269298	90.501000
1.247091	6824.709863	90.601000
1.247144	6822.084280	90.701000
1.247056	6819.494372	90.801000
1.247133	6816.858334	90.901000
1.247067	6814.254779	91.001000
1.247062	6811.672988	91.101000
1.247086	6809.034290	91.201000
1.247032	6806.466971	91.301000
1.247092	6803.834616	91.401000
1.247079	6801.287465	91.501000
1.247115	6798.725317	91.601000
1.247116	6796.067015	91.701000
1.247114	6793.461847	91.801000
1.247154	6790.845502	91.901000
1.247188	6788.267969	92.001000
1.247201	6785.654637	92.101000
1.247182	6783.092837	92.201000
1.247198	6780.492939	92.301000
1.247146	6777.932213	92.401000
1.247205	6775.376161	92.501000
1.247229	6772.840911	92.601000
1.247214	6770.218850	92.701000
1.247193	6767.620762	92.801000
1.247231	6765.045180	92.901000
1.247222	6762.461956	93.001000
1.247212	6759.869290	93.101000
1.247191	6757.318306	93.201000
1.247075	6754.815946	93.301000
1.247078	6752.253865	93.401000
1.247099	6749.684507	93.501000
1.247077	6747.544572	93.601000
1.247057	6745.185216	93.701000
1.247022	6742.241751	93.801000
1.247033	6739.432466	93.901000
1.246983	6736.849220	94.001000
1.247031	6734.302079	94.101000
1.246999	6731.766918	94.201000
1.247021	6729.188425	94.301000
1.247038	6726.596806	94.401000
1.247014	6724.099247	94.501000
1.247087	6721.473106	94.601000
1.247089	6718.921502	94.701000
1.247139	6716.381977	94.801000
1.247113	6713.811355	94.901000
1.247163	6711.252868	95.001000
1.247201	6708.665729	95.101000
1.247151	6706.186764	95.201000
1.247252	6703.621273	95.301000
1.247176	6701.098639	95.401000
1.247210	6698.514492	95.501000
1.247163	6695.985405	95.601000
1.247195	6693.483310	95.701000
1.247162	6690.970850	95.801000
1.247123	6688.413340	95.901000
1.247058	6685.849541	96.001000
1.246994	6683.377422	96.101000
1.247052	6680.882799	96.201000
1.247006	6678.337653	96.301000
1.247043	6675.795391	96.401000
1.246977	6673.289657	96.501000
1.246932	6670.788726	96.601000
1.246983	6668.218355	96.701000
1.247006	6665.667150	96.801000
1.247041	6663.194827	96.901000
1.247042	6660.616724	97.001000
1.247089	6658.129569	97.101000
1.247112	6655.605607	97.201000
1.247185	6653.041505	97.301000
1.247219	6650.517679	97.401000
1.247157	6648.023444	97.501000
1.247189	6645.500157	97.601000
1.247207	6642.972537	97.701000
1.247186	6640.482035	97.801000
1.247208	6638.001177	97.901000
1.247225	6636.182204	98.001000
1.247286	6633.259998	98.101000
1.247219	6630.413222	98.202000
1.247254	6627.892115	98.301000
1.247204	6625.416043	98.401000
1.247157	6622.939064	98.501000
1.247177	6620.415465	98.601000
1.247127	6617.923389	98.701000
1.247091	6615.538404	98.801000
1.247095	6613.634496	98.901000
1.247083	6610.938520	99.001000
1.247107	6608.025757	99.101000
1.247084	6605.574873	99.202000
1.247076	6603.000837	99.301000
1.247069	6600.500026	99.401000
1.247131	6597.993623	99.501000
1.247169	6595.453707	99.601000
1.247179	6592.963140	99.701000
1.247210	6590.495511	99.801000
1.247105	6588.085852	99.901000
1.247212	6585.600610	100.001000
1.247262	6583.143090	100.101000
1.247235	6580.603538	100.201000
1.247259	6578.153020	100.301000
1.247242	6575.642603	100.401000
1.247250	6573.195817	100.501000
1.247196	6570.779359	100.601000
1.247235	6568.081685	100.701000
1.247145	6565.637207	100.801000
1.247085	6563.366158	100.901000
1.247054	6560.965746	101.001000
1.247029	6558.469555	101.101000
1.247026	6555.909843	101.201000
1.246994	6553.556059	101.301000
1.247019	6551.137128	101.401000
1.246984	6548.596272	101.501000
1.246996	6546.058943	101.601000
1.246997	6543.660501	101.701000
1.246969	6541.284843	101.801000
1.247064	6538.781848	101.901000
1.247103	6536.239375	102.001000
1.247090	6533.839689	102.101000
1.247156	6531.442416	102.201000
1.247192	6528.931091	102.301000
1.247236	6526.400282	102.401000
1.247202	6523.975248	102.501000
1.247232	6521.581811	102.601000
1.247241	6519.095785	102.701000
1.247194	6516.651303	102.801000
1.247264	6514.232057	102.901000
1.247173	6511.830157	103.001000
1.247190	6509.365510	103.101000
1.247153	6506.874501	103.201000
1.247133	6504.511125	103.301000
1.247124	6502.073665	103.401000
1.247108	6499.634614	103.501000
1.247043	6497.194907	103.601000
1.247002	6494.791562	103.701000
1.247047	6492.407703	103.801000
1.247033	6489.979761	103.901000
1.247026	6487.510604	104.001000
1.247045	6485.705502	104.101000
1.247011	6483.225732	104.201000
1.247044	6480.374750	104.301000
1.247092	6477.791784	104.401000
1.247071	6475.348363	104.501000
1.247092	6472.931276	104.601000
1.247088	6470.518010	104.701000
1.247083	6468.095006	104.801000
1.247064	6465.681427	104.901000
1.247096	6463.244078	105.001000
1.247107	6460.817006	105.101000
1.247003	6458.442988	105.201000
1.247026	6456.022200	105.301000
1.247098	6453.628708	105.401000
1.247041	6451.192445	105.501000
1.247026	6448.765641	105.601000
1.246973	6446.409137	105.701000
1.247010	6444.039618	105.801000
1.246965	6441.623945	105.901000
1.246981	6439.204475	106.001000
