-7.000000E+01,-8.908941E-06,+9.910000E+37,+2.479823E+03,+2.150800E+04,
-6.900000E+01,-8.701681E-06,+9.910000E+37,+2.480908E+03,+2.150800E+04,
-6.800000E+01,-8.568789E-06,+9.910000E+37,+2.481965E+03,+2.150800E+04,
-6.700000E+01,-8.456273E-06,+9.910000E+37,+2.483025E+03,+2.150800E+04,
-6.600000E+01,-8.352966E-06,+9.910000E+37,+2.484081E+03,+2.150800E+04,
-6.500000E+01,-8.253102E-06,+9.910000E+37,+2.485141E+03,+2.150800E+04,
-6.400000E+01,-8.156034E-06,+9.910000E+37,+2.486201E+03,+2.150800E+04,
-6.300000E+01,-8.060036E-06,+9.910000E+37,+2.487263E+03,+2.150800E+04,
-6.200000E+01,-7.963793E-06,+9.910000E+37,+2.488320E+03,+2.150800E+04,
-6.100000E+01,-7.868128E-06,+9.910000E+37,+2.489381E+03,+2.150800E+04,
-6.000000E+01,-7.771791E-06,+9.910000E+37,+2.490466E+03,+2.150800E+04,
-5.900000E+01,-7.674691E-06,+9.910000E+37,+2.491527E+03,+2.150800E+04,
-5.800000E+01,-7.577453E-06,+9.910000E+37,+2.492586E+03,+2.150800E+04,
-5.700000E+01,-7.479525E-06,+9.910000E+37,+2.493646E+03,+2.150800E+04,
-5.600000E+01,-7.380648E-06,+9.910000E+37,+2.494729E+03,+2.150800E+04,
-5.500000E+01,-7.280893E-06,+9.910000E+37,+2.495786E+03,+2.150800E+04,
-5.400000E+01,-7.180020E-06,+9.910000E+37,+2.496869E+03,+2.150800E+04,
-5.300000E+01,-7.078418E-06,+9.910000E+37,+2.497932E+03,+2.150800E+04,
-5.200000E+01,-6.975235E-06,+9.910000E+37,+2.498993E+03,+2.150800E+04,
-5.100000E+01,-6.872432E-06,+9.910000E+37,+2.500056E+03,+2.150800E+04,
-5.000000E+01,-6.767661E-06,+9.910000E+37,+2.501117E+03,+2.150800E+04,
-4.900000E+01,-6.662085E-06,+9.910000E+37,+2.502177E+03,+2.150800E+04,
-4.800000E+01,-6.554988E-06,+9.910000E+37,+2.503237E+03,+2.150800E+04,
-4.700000E+01,-6.447730E-06,+9.910000E+37,+2.504297E+03,+2.150800E+04,
-4.600000E+01,-6.338190E-06,+9.910000E+37,+2.505354E+03,+2.150800E+04,
-4.500000E+01,-6.227584E-06,+9.910000E+37,+2.506414E+03,+2.150800E+04,
-4.400000E+01,-6.116233E-06,+9.910000E+37,+2.507501E+03,+2.150800E+04,
-4.300000E+01,-6.002968E-06,+9.910000E+37,+2.508563E+03,+2.150800E+04,
-4.200000E+01,-5.887576E-06,+9.910000E+37,+2.509624E+03,+2.150800E+04,
-4.100000E+01,-5.771288E-06,+9.910000E+37,+2.510702E+03,+2.150800E+04,
-4.000000E+01,-5.653248E-06,+9.910000E+37,+2.511763E+03,+2.150800E+04,
-3.900000E+01,-5.533890E-06,+9.910000E+37,+2.512822E+03,+2.150800E+04,
-3.800000E+01,-5.412595E-06,+9.910000E+37,+2.513884E+03,+2.150800E+04,
-3.700000E+01,-5.289127E-06,+9.910000E+37,+2.514944E+03,+2.150800E+04,
-3.600000E+01,-5.163467E-06,+9.910000E+37,+2.516000E+03,+2.150800E+04,
-3.500000E+01,-5.035412E-06,+9.910000E+37,+2.517082E+03,+2.150800E+04,
-3.400000E+01,-4.905050E-06,+9.910000E+37,+2.518139E+03,+2.150800E+04,
-3.300000E+01,-4.772201E-06,+9.910000E+37,+2.519197E+03,+2.150800E+04,
-3.200000E+01,-4.637133E-06,+9.910000E+37,+2.520257E+03,+2.150800E+04,
-3.100000E+01,-4.498541E-06,+9.910000E+37,+2.521335E+03,+2.150800E+04,
-3.000000E+01,-4.356972E-06,+9.910000E+37,+2.522394E+03,+2.150800E+04,
-2.900000E+01,-4.211485E-06,+9.910000E+37,+2.523480E+03,+2.150800E+04,
-2.800000E+01,-4.062808E-06,+9.910000E+37,+2.524541E+03,+2.150800E+04,
-2.700000E+01,-3.909481E-06,+9.910000E+37,+2.525600E+03,+2.150800E+04,
-2.600000E+01,-3.751467E-06,+9.910000E+37,+2.526677E+03,+2.150800E+04,
-2.500000E+01,-3.587077E-06,+9.910000E+37,+2.527737E+03,+2.150800E+04,
-2.400000E+01,-3.416391E-06,+9.910000E+37,+2.528796E+03,+2.150800E+04,
-2.300000E+01,-3.237704E-06,+9.910000E+37,+2.529855E+03,+2.150800E+04,
-2.200000E+01,-3.049476E-06,+9.910000E+37,+2.530917E+03,+2.150800E+04,
-2.100000E+01,-2.850038E-06,+9.910000E+37,+2.531976E+03,+2.150800E+04,
-2.000000E+01,-2.637018E-06,+9.910000E+37,+2.533035E+03,+2.150800E+04,
-1.900000E+01,-2.408796E-06,+9.910000E+37,+2.534095E+03,+2.150800E+04,
-1.800000E+01,-2.161839E-06,+9.910000E+37,+2.535156E+03,+2.150800E+04,
-1.700000E+01,-1.892960E-06,+9.910000E+37,+2.536215E+03,+2.150800E+04,
-1.600000E+01,-1.598248E-06,+9.910000E+37,+2.537300E+03,+2.150800E+04,
-1.500000E+01,-1.276537E-06,+9.910000E+37,+2.538357E+03,+2.150800E+04,
-1.400000E+01,-9.252144E-07,+9.910000E+37,+2.539436E+03,+2.150800E+04,
-1.300000E+01,-5.462659E-07,+9.910000E+37,+2.540496E+03,+2.150800E+04,
-1.200000E+01,-1.532773E-07,+9.91000
































current through plasma (-mA) <tab> voltage across plasma (-V) <tab> time (sec)
1.225578	6159.932838	0.001000
1.227230	6156.406743	0.101000
1.227065	6154.334744	0.201000
1.227107	6152.150179	0.301000
1.227124	6149.973730	0.401000
1.227129	6148.035303	0.501000
1.227119	6146.140453	0.601000
1.227107	6143.652999	0.701000
1.227062	6141.098281	0.801000
1.227038	6139.069531	0.901000
1.226959	6136.690426	1.001000
1.226964	6134.390997	1.101000
1.226924	6132.188595	1.201000
1.226967	6130.030293	1.301000
1.227064	6127.894471	1.401000
1.227041	6125.456370	1.501000
1.227020	6123.231030	1.601000
1.226998	6120.984059	1.701000
1.226952	6118.742731	1.801000
1.226944	6116.534576	1.901000
1.226936	6114.305048	2.001000
1.226935	6112.083040	2.101000
1.226922	6109.839726	2.201000
1.226954	6107.586948	2.301000
1.226995	6105.383349	2.401000
1.226970	6103.127207	2.501000
1.226957	6100.888613	2.601000
1.227066	6098.618701	2.701000
1.226979	6096.456753	2.801000
1.226998	6094.230830	2.901000
1.227048	6092.017238	3.001000
1.227006	6089.821642	3.101000
1.226981	6087.605073	3.201000
1.226963	6085.390343	3.301000
1.226982	6083.206923	3.401000
1.227044	6080.981197	3.501000
1.227023	6078.777572	3.601000
1.227027	6076.546170	3.701000
1.227088	6074.325136	3.801000
1.226972	6072.145981	3.901000
1.226977	6069.905879	4.001000
1.226978	6067.698645	4.101000
1.226980	6065.490905	4.201000
1.226953	6063.281855	4.301000
1.226930	6061.055052	4.401000
1.226971	6058.895053	4.501000
1.227038	6056.640976	4.601000
1.227020	6054.468735	4.701000
1.227061	6052.237002	4.801000
1.227033	6050.052159	4.901000
1.227032	6047.870095	5.001000
1.227087	6045.662218	5.101000
1.227066	6043.503848	5.201000
1.227027	6041.320016	5.301000
1.227050	6039.124850	5.401000
1.227055	6036.967239	5.501000
1.227052	6034.806856	5.601000
1.227059	6032.589724	5.701000
1.227067	6030.870165	5.801000
1.227056	6028.755392	5.901000
1.226993	6026.212000	6.001000
1.226976	6023.853483	6.101000
1.227018	6021.638257	6.201000
1.226888	6019.539768	6.301000
1.226834	6017.354672	6.401000
1.226855	6015.163920	6.501000
1.226801	6013.063514	6.601000
1.226837	6010.836546	6.701000
1.226742	6008.712609	6.801000
1.226732	6006.580121	6.901000
1.226725	6004.403024	7.001000
1.226713	6002.230441	7.101000
1.226752	6000.051928	7.201000
1.226803	5997.860553	7.301000
1.226724	5995.737802	7.401000
1.226709	5993.544457	7.501000
1.226746	5991.367333	7.601000
1.226731	5989.251618	7.701000
1.226775	5987.030858	7.801000
1.226838	5984.865148	7.901000
1.226887	5982.696439	8.001000
1.226881	5980.538253	8.101000
1.226844	5978.373578	8.201000
1.226825	5976.222902	8.301000
1.226883	5974.078189	8.401000
1.226799	5971.973048	8.501000
1.226753	5969.826047	8.601000
1.226789	5967.681095	8.701000
1.226721	5965.590835	8.801000
1.226766	5963.370986	8.901000
1.226817	5961.204167	9.001000
1.226784	5959.069118	9.101000
1.226749	5956.931732	9.201000
1.226740	5954.773001	9.301000
1.226725	5952.615478	9.401000
1.226758	5950.487036	9.501000
1.226661	5948.412203	9.601000
1.226636	5946.265068	9.701000
1.226635	5944.135583	9.801000
1.226657	5941.977727	9.901000
1.226707	5939.813334	10.001000
1.226778	5937.687511	10.101000
1.226775	5935.538197	10.201000
1.226793	5933.404033	10.301000
1.226837	5931.249152	10.401000
1.226807	5929.125461	10.501000
1.226814	5927.017499	10.601000
1.226773	5924.922976	10.701000
1.226743	5922.805305	10.801000
1.226738	5920.751617	10.901000
1.226726	5918.695945	11.001000
1.226743	5917.150491	11.101000
1.226834	5914.801844	11.201000
1.226757	5912.351516	11.301000
1.226752	5910.129516	11.401000
1.226737	5907.994362	11.501000
1.226705	5905.880199	11.601000
1.226723	5903.769420	11.701000
1.226685	5901.691621	11.801000
1.226634	5899.595072	11.901000
1.226617	5897.554866	12.001000
1.226613	5895.387822	12.101000
1.226639	5893.248698	12.201000
1.226742	5891.128747	12.301000
1.226689	5889.051971	12.401000
1.226738	5886.907164	12.501000
1.226772	5884.787495	12.601000
1.226782	5882.681967	12.701000
1.226816	5880.608277	12.801000
1.226872	5878.455978	12.901000
1.226903	5876.325892	13.001000
1.226827	5874.252252	13.101000
1.226845	5872.116209	13.201000
1.226858	5869.994197	13.301000
1.226915	5867.908733	13.401000
1.226899	5865.863945	13.501000
1.226881	5863.736074	13.601000
1.226922	5861.616119	13.701000
1.226852	5859.561997	13.801000
1.226855	5857.459453	13.901000
1.226887	5855.383396	14.001000
1.226765	5853.414072	14.101000
1.226706	5851.289636	14.201000
1.226684	5849.196613	14.301000
1.226737	5847.079806	14.401000
1.226784	5845.006730	14.501000
1.226814	5842.913367	14.601000
1.226800	5840.853087	14.701000
1.226877	5838.718675	14.801000
1.226910	5836.630587	14.901000
1.226877	5834.560856	15.001000
1.226957	5832.462955	15.101000
1.226878	5830.514451	15.201000
1.226861	5828.366906	15.301000
1.226886	5826.259550	15.401000
1.226845	5824.225201	15.501000
1.226904	5822.121031	15.601000
1.226976	5820.039324	15.701000
1.226916	5817.983328	15.801000
1.226858	5815.926238	15.901000
1.226911	5813.831799	16.001000
1.226871	5811.762240	16.101000
1.226784	5809.731761	16.201000
1.226809	5808.116244	16.301000
1.226708	5806.261774	16.401000
1.226685	5803.873558	16.501000
1.226662	5801.541210	16.601000
1.226675	5799.494903	16.701000
1.226740	5797.394901	16.801000
1.226749	5795.366727	16.901000
1.226721	5793.310622	17.001000
1.226752	5791.256624	17.101000
1.226782	5789.174371	17.201000
1.226786	5787.153743	17.301000
1.226798	5785.077180	17.401000
1.226743	5783.044192	17.501000
1.226763	5780.987947	17.601000
1.226829	5778.886473	17.701000
1.226824	5776.851141	17.801000
1.226861	5774.777122	17.901000
1.226950	5772.722807	18.001000
1.226933	5770.683507	18.101000
1.226943	5768.627532	18.201000
1.226954	5766.560065	18.301000
1.226938	5764.552730	18.401000
1.226896	5762.503533	18.501000
1.226931	5760.471256	18.601000
1.226806	5758.489118	18.701000
1.226781	5756.432309	18.801000
1.226786	5754.406182	18.901000
1.226741	5752.381565	19.001000
1.226789	5750.315476	19.101000
1.226804	5748.298324	19.201000
1.226813	5746.281083	19.301000
1.226799	5744.215558	19.401000
1.226784	5742.236126	19.501000
1.226810	5740.140932	19.601000
1.226818	5738.115309	19.701000
1.226818	5736.089091	19.801000
1.226729	5734.070544	19.901000
1.226684	5732.059622	20.001000
1.226678	5730.039360	20.101000
1.226727	5727.963922	20.201000
1.226717	5725.923765	20.301000
1.226681	5723.937556	20.401000
1.226705	5721.947124	20.501000
1.226762	5719.877117	20.601000
1.226694	5717.826302	20.701000
1.226670	5715.838429	20.801000
1.226730	5713.771959	20.901000
1.226664	5711.822188	21.001000
1.226569	5709.817722	21.101000
1.226586	5707.827463	21.201000
1.226564	5705.820692	21.301000
1.226592	5703.785324	21.401000
1.226688	5701.853016	21.501000
1.226641	5700.524528	21.601000
1.226608	5698.251406	21.701000
1.226648	5695.844061	21.801000
1.226606	5693.764241	21.901000
1.226619	5691.768362	22.001000
1.226734	5689.756161	22.101000
1.226653	5687.777067	22.201000
1.226621	5685.779840	22.301000
1.226682	5683.760143	22.401000
1.226708	5681.733109	22.501000
1.226731	5679.717632	22.601000
1.226854	5677.775166	22.701000
1.226793	5675.749188	22.801000
1.226769	5673.731908	22.901000
1.226872	5671.698782	23.001000
1.226811	5669.724397	23.101000
1.226828	5667.692021	23.201000
1.226864	5665.722603	23.301000
1.226789	5663.782336	23.401000
1.226767	5661.797331	23.501000
1.226775	5659.830154	23.601000
1.226779	5657.828254	23.701000
1.226768	5655.866089	23.801000
1.226828	5653.861485	23.901000
1.226750	5651.920063	24.001000
1.226756	5649.933316	24.101000
1.226820	5647.935317	24.201000
1.226749	5645.998439	24.301000
1.226706	5644.059386	24.401000
1.226733	5642.077721	24.501000
1.226635	5640.160840	24.601000
1.226627	5638.185016	24.701000
1.226656	5636.213924	24.801000
1.226660	5634.212351	24.901000
1.226731	5632.194705	25.001000
1.226782	5630.226126	25.101000
1.226760	5628.236641	25.201000
1.226781	5626.256495	25.301000
1.226851	5624.256694	25.401000
1.226821	5622.259930	25.501000
1.226786	5620.281532	25.601000
1.226814	5618.336622	25.701000
1.226750	5616.403842	25.801000
1.226751	5614.488554	25.901000
1.226770	5612.450242	26.001000
1.226735	5610.526575	26.101000
1.226742	5608.527683	26.201000
1.226828	5606.582034	26.301000
1.226779	5604.647371	26.401000
1.226733	5602.694932	26.501000
1.226763	5600.726370	26.601000
1.226707	5598.773015	26.701000
1.226689	5597.139433	26.801000
1.226708	5595.614298	26.901000
1.226654	5594.078912	27.001000
1.226615	5591.139388	27.101000
1.226648	5589.024086	27.201000
1.226574	5587.161568	27.301000
1.226669	5585.126261	27.401000
1.226765	5583.145279	27.501000
1.226744	5581.197333	27.601000
1.226751	5579.243663	27.701000
1.226766	5577.272430	27.801000
1.226787	5575.318507	27.901000
1.226807	5573.409683	28.001000
1.226866	5571.467906	28.101000
1.226764	5569.544008	28.201000
1.226699	5567.604684	28.301000
1.226750	5565.642531	28.401000
1.226736	5563.728648	28.501000
1.226726	5561.786260	28.601000
1.226805	5559.818462	28.701000
1.226754	5557.982164	28.801000
1.226797	5555.975973	28.901000
1.226793	5554.037674	29.001000
1.226756	5552.195061	29.101000
1.226759	5550.199234	29.201000
1.226748	5548.280494	29.301000
1.226712	5546.383857	29.401000
1.226648	5544.455719	29.501000
1.226606	5542.556763	29.601000
1.226630	5540.625094	29.701000
1.226661	5538.671360	29.801000
1.226680	5536.753325	29.901000
1.226707	5534.841470	30.001000
1.226765	5532.935181	30.101000
1.226788	5531.029955	30.201000
1.226784	5529.045431	30.301000
1.226781	5527.122301	30.401000
1.226798	5525.190857	30.501000
1.226844	5523.252786	30.601000
1.226779	5521.362317	30.701000
1.226725	5519.458248	30.801000
1.226737	5517.542153	30.901000
1.226741	5515.614999	31.001000
1.226733	5513.710653	31.101000
1.226768	5511.816457	31.201000
1.226714	5509.951280	31.301000
1.226719	5508.002545	31.401000
1.226756	5506.069157	31.501000
1.226685	5504.184845	31.601000
1.226683	5502.290938	31.701000
1.226743	5500.372660	31.801000
1.226722	5498.459947	31.901000
1.226649	5496.556907	32.001000
1.226648	5495.274239	32.101000
1.226665	5493.265456	32.201000
1.226691	5491.012965	32.301000
1.226741	5488.932126	32.401000
1.226735	5487.034585	32.501000
1.226741	5485.119163	32.601000
1.226838	5483.183922	32.701000
1.226824	5481.305353	32.801000
1.226783	5479.419461	32.901000
1.226844	5477.511158	33.001000
1.226830	5475.651327	33.101000
1.226807	5473.749357	33.201000
1.226748	5471.877413	33.301000
1.226727	5470.048407	33.402000
1.226788	5468.089911	33.501000
1.226811	5466.205364	33.601000
1.226844	5464.344241	33.701000
1.226788	5462.491526	33.801000
1.226770	5460.594138	33.901000
1.226841	5458.679843	34.001000
1.226752	5456.875908	34.101000
1.226706	5454.960170	34.201000
1.226765	5453.064225	34.301000
1.226651	5451.250026	34.401000
1.226632	5449.401607	34.501000
1.226645	5447.444846	34.601000
1.226598	5445.597483	34.701000
1.226607	5443.717804	34.801000
1.226673	5441.808995	34.901000
1.226711	5439.941391	35.001000
1.226722	5438.088903	35.101000
1.226721	5436.213694	35.201000
1.226750	5434.309554	35.301000
1.226766	5432.414676	35.401000
1.226801	5430.604218	35.501000
1.226861	5428.709241	35.601000
1.226804	5426.876584	35.701000
1.226784	5425.002823	35.801000
1.226814	5423.111679	35.901000
1.226770	5421.285963	36.001000
1.226822	5419.414488	36.101000
1.226929	5417.532246	36.201000
1.226876	5415.693207	36.301000
1.226835	5413.831073	36.401000
1.226822	5411.994999	36.501000
1.226798	5410.209120	36.601000
1.226783	5408.269537	36.701000
1.226731	5406.449947	36.801000
1.226672	5404.621317	36.901000
1.226638	5402.793075	37.001000
1.226653	5400.949201	37.101000
1.226668	5399.069254	37.201000
1.226631	5397.635155	37.301000
1.226680	5395.968122	37.401000
1.226761	5393.803033	37.501000
1.226754	5391.690311	37.601000
1.226796	5389.854433	37.701000
1.226825	5387.939143	37.801000
1.226805	5386.090209	37.901000
1.226808	5384.245148	38.001000
1.226833	5382.420535	38.101000
1.226769	5380.612229	38.201000
1.226744	5378.803855	38.301000
1.226721	5376.933061	38.401000
1.226706	5375.105503	38.501000
1.226656	5373.283412	38.601000
1.226634	5371.486218	38.701000
1.226721	5369.632634	38.801000
1.226665	5367.805136	38.901000
1.226642	5365.997349	39.001000
1.226606	5364.174768	39.101000
1.226591	5362.350766	39.201000
1.226593	5360.540006	39.301000
1.226626	5358.716831	39.401000
1.226556	5356.930870	39.501000
1.226507	5355.117560	39.601000
1.226463	5353.323557	39.701000
1.226507	5351.536357	39.801000
1.226512	5349.658988	39.901000
1.226537	5347.825912	40.001000
1.226533	5346.002748	40.101000
1.226527	5344.204799	40.201000
1.226556	5342.386394	40.301000
1.226585	5340.537472	40.401000
1.226584	5338.724779	40.501000
1.226598	5336.894054	40.601000
1.226658	5335.086332	40.701000
1.226599	5333.310549	40.801000
1.226587	5331.546998	40.901000
1.226550	5329.695630	41.001000
1.226576	5327.896960	41.101000
1.226561	5326.089778	41.201000
1.226530	5324.304339	41.301000
1.226600	5322.488273	41.401000
1.226553	5320.715753	41.501000
1.226578	5318.895499	41.601000
1.226605	5317.072249	41.701000
1.226527	5315.307633	41.801000
1.226504	5313.545220	41.901000
1.226524	5311.758541	42.001000
1.226533	5309.948944	42.101000
1.226464	5308.178930	42.201000
1.226418	5306.400650	42.301000
1.226450	5304.600401	42.401000
1.226459	5303.123860	42.501000
1.226473	5301.585952	42.601000
1.226548	5299.562740	42.701000
1.226542	5297.430337	42.801000
1.226526	5295.629870	42.901000
1.226589	5293.847888	43.001000
1.226648	5292.004558	43.101000
1.226597	5290.223383	43.201000
1.226615	5288.449911	43.301000
1.226609	5286.645194	43.401000
1.226548	5284.912965	43.501000
1.226543	5283.129524	43.601000
1.226564	5281.342573	43.701000
1.226493	5279.582632	43.802000
1.226480	5277.819063	43.901000
1.226529	5276.024226	44.001000
1.226521	5274.338189	44.101000
1.226492	5272.497420	44.201000
1.226438	5270.735411	44.301000
1.226440	5268.951075	44.401000
1.226407	5267.203259	44.501000
1.226378	5265.421102	44.601000
1.226434	5263.653478	44.701000
1.226374	5261.903546	44.801000
1.226343	5260.148917	44.901000
1.226329	5258.406920	45.001000
1.226343	5256.639304	45.101000
1.226436	5254.886912	45.201000
1.226453	5253.076774	45.301000
1.226535	5251.297808	45.401000
1.226458	5249.589857	45.501000
1.226459	5247.802184	45.601000
1.226556	5246.004215	45.701000
1.226505	5244.251154	45.801000
1.226497	5242.486772	45.901000
1.226505	5240.744230	46.001000
1.226469	5239.020025	46.101000
1.226428	5237.337725	46.201000
1.226425	5235.589303	46.301000
1.226410	5233.830445	46.401000
1.226412	5232.088404	46.501000
1.226432	5230.314353	46.601000
1.226468	5228.580860	46.701000
1.226429	5226.867213	46.801000
1.226393	5225.127217	46.901000
1.226418	5223.345785	47.001000
1.226477	5221.676064	47.101000
1.226373	5219.878737	47.201000
1.226351	5218.171096	47.301000
1.226439	5216.357193	47.401000
1.226375	5214.638138	47.501000
1.226409	5212.879677	47.601000
1.226388	5211.137243	47.701000
1.226424	5210.039809	47.801000
1.226456	5208.123134	47.901000
1.226498	5205.979975	48.001000
1.226588	5204.145009	48.101000
1.226524	5202.449419	48.201000
1.226576	5200.726530	48.301000
1.226628	5199.023778	48.401000
1.226637	5197.219536	48.501000
1.226630	5195.511813	48.601000
1.226642	5193.771872	48.701000
1.226670	5192.049387	48.801000
1.226545	5190.380357	48.901000
1.226541	5188.646277	49.001000
1.226517	5186.983704	49.101000
1.226514	5185.218047	49.201000
1.226495	5183.489422	49.301000
1.226509	5181.780558	49.401000
1.226507	5180.122245	49.501000
1.226488	5178.395724	49.601000
1.226507	5176.660209	49.701000
1.226536	5174.914837	49.801000
1.226508	5173.209839	49.901000
1.226526	5171.487114	50.001000
1.226567	5169.775080	50.101000
1.226617	5168.045459	50.201000
1.226504	5166.399104	50.301000
1.226465	5164.663444	50.401000
1.226561	5162.958752	50.501000
1.226536	5161.260672	50.601000
1.226555	5159.525815	50.701000
1.226636	5157.774899	50.801000
1.226660	5156.090877	50.901000
1.226658	5154.406868	51.001000
1.226653	5152.701317	51.101000
1.226675	5150.992408	51.201000
1.226654	5149.284331	51.301000
1.226672	5147.559779	51.401000
1.226651	5145.903615	51.501000
1.226637	5144.276254	51.601000
1.226529	5142.575311	51.701000
1.226506	5140.886898	51.801000
1.226566	5139.169405	51.901000
1.226515	5137.511863	52.001000
1.226487	5135.821850	52.101000
1.226557	5134.098020	52.201000
1.226575	5132.402391	52.301000
1.226583	5130.707523	52.401000
1.226560	5129.019085	52.501000
1.226566	5127.340230	52.601000
1.226553	5125.668178	52.701000
1.226599	5123.914915	52.801000
1.226639	5122.233664	52.901000
1.226665	5120.919731	53.001000
1.226666	5119.473437	53.101000
1.226627	5117.437986	53.201000
1.226670	5115.467331	53.301000
1.226619	5113.788719	53.401000
1.226640	5112.080486	53.501000
1.226702	5110.378929	53.601000
1.226717	5108.758994	53.701000
1.226698	5107.055997	53.801000
1.226661	5105.368608	53.901000
1.226725	5103.691778	54.001000
1.226694	5102.038548	54.101000
1.226684	5100.352995	54.201000
1.226724	5098.726978	54.301000
1.226783	5097.053307	54.401000
1.226711	5095.439839	54.501000
1.226695	5093.764118	54.601000
1.226706	5092.093161	54.701000
1.226655	5090.520043	54.801000
1.226691	5088.781463	54.901000
1.226727	5087.091668	55.001000
1.226814	5085.422686	55.101000
1.226716	5083.781084	55.201000
1.226710	5082.114567	55.301000
1.226754	5080.450569	55.401000
1.226771	5078.796159	55.501000
1.226815	5077.112494	55.601000
1.226784	5075.459648	55.701000
1.226856	5073.824537	55.801000
1.226788	5072.223012	55.901000
1.226794	5070.521107	56.001000
1.226765	5068.898981	56.101000
1.226800	5067.208741	56.201000
1.226832	5065.549122	56.301000
1.226833	5063.899138	56.401000
1.226871	5062.258892	56.501000
1.226841	5060.655807	56.601000
1.226832	5058.999094	56.701000
1.226795	5057.342677	56.801000
1.226842	5055.716130	56.901000
1.226740	5054.073701	57.001000
1.226708	5052.398379	57.101000
1.226784	5050.740595	57.201000
1.226704	5049.138214	57.301000
1.226678	5047.523297	57.401000
1.226613	5045.904159	57.501000
1.226638	5044.251294	57.601000
1.226623	5042.611847	57.701000
1.226691	5040.946428	57.801000
1.226695	5039.320918	57.901000
1.226741	5037.745194	58.001000
1.226687	5036.101301	58.101000
1.226671	5034.780863	58.201000
1.226748	5033.348458	58.301000
1.226775	5031.363752	58.401000
1.226734	5029.468066	58.501000
1.226755	5027.830115	58.601000
1.226810	5026.204446	58.701000
1.226789	5024.599681	58.801000
1.226779	5022.975525	58.901000
1.226745	5021.381038	59.001000
1.226704	5019.799780	59.101000
1.226732	5018.111775	59.201000
1.226724	5016.483634	59.301000
1.226800	5014.850049	59.401000
1.226733	5013.290470	59.501000
1.226765	5011.659877	59.601000
1.226777	5010.025002	59.701000
1.226793	5008.395723	59.801000
1.226727	5006.826236	59.901000
1.226729	5005.213076	60.001000
1.226741	5003.659029	60.101000
1.226767	5002.049461	60.201000
1.226675	5000.435963	60.301000
1.226642	4998.813194	60.401000
1.226650	4997.190649	60.501000
1.226628	4995.579179	60.601000
1.226656	4993.956632	60.701000
1.226655	4992.367599	60.801000
1.226790	4990.743477	60.901000
1.226738	4989.159719	61.001000
1.226775	4987.549720	61.101000
1.226842	4985.963842	61.201000
1.226840	4984.322206	61.301000
1.226837	4982.719121	61.401000
1.226850	4981.103879	61.501000
1.226910	4979.484067	61.601000
1.226820	4977.925494	61.701000
1.226760	4976.355741	61.801000
1.226698	4974.769268	61.901000
1.226755	4973.143613	62.001000
1.226719	4971.607260	62.101000
1.226714	4969.979318	62.201000
1.226686	4968.424475	62.301000
1.226630	4966.773934	62.401000
1.226556	4965.229053	62.501000
1.226564	4963.622388	62.601000
1.226546	4962.050094	62.701000
1.226506	4960.460511	62.801000
1.226509	4958.865854	62.901000
1.226490	4957.283721	63.001000
1.226548	4955.707200	63.101000
1.226529	4954.138724	63.201000
1.226483	4952.585841	63.301000
1.226467	4951.147589	63.401000
1.226534	4950.058977	63.501000
1.226546	4948.224500	63.601000
1.226499	4946.254860	63.701000
1.226570	4944.611375	63.801000
1.226616	4943.014521	63.901000
1.226586	4941.467724	64.001000
1.226612	4939.891315	64.101000
1.226628	4938.301558	64.201000
1.226622	4936.720951	64.301000
1.226641	4935.157227	64.401000
1.226630	4933.583011	64.501000
1.226664	4931.989043	64.601000
1.226616	4930.431822	64.701000
1.226553	4928.873412	64.801000
1.226508	4927.307243	64.901000
1.226573	4925.711809	65.001000
1.226498	4924.184493	65.101000
1.226488	4922.623763	65.201000
1.226557	4921.029757	65.301000
1.226628	4919.473831	65.401000
1.226548	4917.982896	65.501000
1.226510	4916.349646	65.601000
1.226531	4914.788062	65.701000
1.226543	4913.198440	65.801000
1.226521	4911.624252	65.901000
1.226492	4910.067832	66.001000
1.226507	4908.541729	66.101000
1.226446	4906.986313	66.201000
1.226469	4905.433718	66.301000
1.226455	4903.867041	66.401000
1.226477	4902.296874	66.501000
1.226449	4900.785933	66.601000
1.226512	4899.161035	66.701000
1.226588	4897.587562	66.801000
1.226711	4896.007005	66.901000
1.226651	4894.480989	67.001000
1.226655	4892.915943	67.101000
1.226656	4891.387299	67.201000
1.226695	4889.829875	67.301000
1.226677	4888.275064	67.401000
1.226643	4886.718755	67.501000
1.226633	4885.244365	67.601000
1.226599	4883.706980	67.701000
1.226560	4882.158143	67.801000
1.226532	4880.620916	67.901000
1.226542	4879.088037	68.001000
1.226466	4877.593564	68.101000
1.226518	4876.008444	68.201000
1.226496	4874.462471	68.301000
1.226559	4872.914198	68.401000
1.226540	4871.389767	68.501000
1.226545	4869.851004	68.601000
1.226563	4868.691418	68.701000
1.226617	4867.360480	68.801000
1.226660	4865.515064	68.901000
1.226658	4863.658355	69.001000
1.226635	4862.125340	69.101000
1.226695	4860.575666	69.201000
1.226608	4859.101502	69.301000
1.226649	4857.538563	69.401000
1.226612	4856.025833	69.501000
1.226622	4854.476880	69.601000
1.226612	4852.937093	69.701000
1.226650	4851.435546	69.801000
1.226669	4849.865254	69.901000
1.226740	4848.342385	70.001000
1.226649	4846.870433	70.101000
1.226648	4845.316435	70.201000
1.226660	4843.786536	70.301000
1.226679	4842.243152	70.401000
1.226627	4840.752934	70.501000
1.226600	4839.223152	70.601000
1.226651	4837.717030	70.701000
1.226622	4836.227154	70.801000
1.226581	4834.740947	70.901000
1.226564	4833.166872	71.001000
1.226542	4831.667198	71.101000
1.226538	4830.133879	71.201000
1.226566	4828.614549	71.301000
1.226578	4827.084081	71.401000
1.226627	4825.563672	71.501000
1.226624	4824.069856	71.601000
1.226677	4822.545676	71.701000
1.226677	4821.014555	71.801000
1.226760	4819.500750	71.901000
1.226721	4817.971110	72.001000
1.226744	4816.447286	72.101000
1.226724	4814.929254	72.201000
1.226807	4813.390091	72.301000
1.226742	4811.917463	72.401000
1.226717	4810.416958	72.501000
1.226672	4808.933778	72.601000
1.226715	4807.396645	72.701000
1.226707	4805.893307	72.801000
1.226712	4804.387426	72.901000
1.226677	4802.948148	73.001000
1.226748	4801.382003	73.101000
1.226669	4799.913894	73.201000
1.226685	4798.404071	73.301000
1.226678	4796.886437	73.401000
1.226664	4795.376938	73.501000
1.226598	4793.907362	73.601000
1.226608	4792.407546	73.701000
1.226590	4790.921089	73.801000
1.226666	4789.399917	73.901000
1.226582	4788.532380	74.001000
1.226524	4787.074250	74.101000
1.226506	4785.184836	74.201000
1.226602	4783.487324	74.301000
1.226586	4782.002665	74.401000
1.226610	4780.502684	74.501000
1.226658	4778.980727	74.601000
1.226713	4777.478974	74.701000
1.226661	4776.005881	74.801000
1.226759	4774.478059	74.901000
1.226746	4772.990313	75.001000
1.226741	4771.528755	75.101000
1.226731	4770.027310	75.201000
1.226747	4768.514030	75.301000
1.226740	4767.040518	75.401000
1.226758	4765.560950	75.501000
1.226627	4764.139790	75.601000
1.226601	4762.650910	75.701000
1.226579	4761.173896	75.801000
1.226645	4759.686182	75.901000
1.226562	4758.267366	76.001000
1.226594	4756.772863	76.101000
1.226598	4755.313173	76.201000
1.226641	4753.769706	76.301000
1.226561	4752.323231	76.401000
1.226601	4750.830778	76.501000
1.226590	4749.367400	76.601000
1.226570	4747.889770	76.701000
1.226565	4746.416830	76.801000
1.226586	4744.936660	76.901000
1.226574	4743.480151	77.001000
1.226642	4741.984817	77.101000
1.226618	4740.534432	77.201000
1.226639	4739.058720	77.301000
1.226634	4737.536088	77.401000
1.226712	4736.034179	77.501000
1.226669	4734.588756	77.601000
1.226716	4733.090278	77.701000
1.226735	4731.613148	77.801000
1.226845	4730.136693	77.901000
1.226769	4728.716820	78.001000
1.226777	4727.236297	78.101000
1.226769	4725.788312	78.201000
1.226804	4724.349653	78.301000
1.226772	4722.877503	78.401000
1.226750	4721.386065	78.501000
1.226684	4719.965808	78.601000
1.226747	4718.503210	78.701000
1.226649	4717.111372	78.801000
1.226629	4715.663271	78.901000
1.226597	4714.212235	79.001000
1.226621	4712.744898	79.101000
1.226589	4711.692827	79.201000
1.226592	4710.497633	79.301000
1.226621	4708.763976	79.401000
1.226701	4706.954939	79.501000
1.226688	4705.523901	79.601000
1.226695	4704.063229	79.701000
1.226690	4702.607156	79.801000
1.226764	4701.145635	79.901000
1.226752	4699.700463	80.001000
1.226772	4698.248037	80.101000
1.226755	4696.787349	80.201000
1.226816	4695.355262	80.301000
1.226791	4693.930991	80.401000
1.226744	4692.573554	80.501000
1.226732	4691.075751	80.601000
1.226748	4689.622785	80.701000
1.226740	4688.175277	80.801000
1.226756	4686.727914	80.901000
1.226802	4685.261816	81.001000
1.226775	4683.862071	81.101000
1.226777	4682.435780	81.201000
1.226720	4681.038910	81.301000
1.226725	4679.573034	81.401000
1.226728	4678.125692	81.501000
1.226762	4676.739982	81.601000
1.226647	4675.290950	81.701000
1.226629	4673.871937	81.801000
1.226619	4672.448729	81.901000
1.226646	4671.004351	82.001000
1.226567	4669.624609	82.101000
1.226564	4668.202756	82.202000
1.226529	4666.873753	82.301000
1.226560	4665.464518	82.401000
1.226553	4663.993625	82.501000
1.226620	4662.602336	82.601000
1.226603	4661.132330	82.701000
1.226661	4659.897355	82.801000
1.226680	4658.264921	82.901000
1.226704	4656.825650	83.001000
1.226707	4655.391079	83.101000
1.226805	4653.929414	83.201000
1.226809	4652.510491	83.301000
1.226781	4651.098171	83.401000
1.226763	4649.674505	83.501000
1.226837	4648.237477	83.601000
1.226827	4646.887724	83.701000
1.226750	4645.447628	83.801000
1.226746	4644.017267	83.901000
1.226704	4642.623305	84.001000
1.226726	4641.192895	84.101000
1.226672	4639.809973	84.201000
1.226721	4638.390394	84.301000
1.226692	4637.070887	84.401000
1.226713	4636.238558	84.501000
1.226689	4634.636502	84.601000
1.226699	4632.840581	84.701000
1.226689	4631.428318	84.801000
1.226680	4629.960508	84.901000
1.226630	4628.553156	85.001000
1.226624	4627.170243	85.101000
1.226639	4625.759163	85.201000
1.226704	4624.351072	85.301000
1.226706	4622.955358	85.401000
1.226647	4621.604205	85.501000
1.226624	4620.174609	85.601000
1.226627	4618.778254	85.701000
1.226675	4617.397057	85.801000
1.226682	4615.989788	85.901000
1.226710	4614.539199	86.001000
1.226718	4613.140127	86.101000
1.226830	4611.733564	86.201000
1.226777	4610.363740	86.301000
1.226787	4608.976225	86.401000
1.226777	4607.596539	86.501000
1.226843	4606.163036	86.601000
1.226807	4604.779235	86.701000
1.226803	4603.406986	86.801000
1.226776	4602.076678	86.901000
1.226813	4600.638958	87.001000
1.226829	4599.801403	87.101000
1.226735	4598.502841	87.201000
1.226645	4596.571257	87.301000
1.226655	4595.160364	87.401000
1.226673	4593.790327	87.501000
1.226617	4592.431080	87.601000
1.226618	4591.036658	87.701000
1.226633	4589.638602	87.801000
1.226674	4588.231408	87.901000
1.226597	4586.930919	88.001000
1.226683	4585.479896	88.101000
1.226649	4584.098285	88.201000
1.226689	4582.702147	88.301000
1.226688	4581.303287	88.401000
1.226716	4579.921612	88.501000
1.226695	4578.540905	88.601000
1.226722	4577.188614	88.701000
1.226731	4575.814397	88.801000
1.226655	4574.481943	88.901000
1.226653	4573.140226	89.001000
1.226654	4571.749358	89.101000
1.226733	4570.316496	89.201000
1.226673	4568.990568	89.301000
1.226679	4567.603161	89.401000
1.226675	4566.220750	89.501000
1.226772	4564.833923	89.601000
1.226765	4563.862836	89.701000
1.226708	4562.732547	89.801000
1.226728	4561.086372	89.901000
1.226701	4559.429383	90.001000
1.226676	4558.137227	90.101000
1.226633	4556.695387	90.201000
1.226664	4555.341092	90.301000
1.226626	4553.995839	90.401000
1.226693	4552.600032	90.501000
1.226556	4551.313215	90.601000
1.226499	4549.969906	90.701000
1.226474	4548.596667	90.801000
1.226561	4547.199537	90.901000
1.226569	4545.844370	91.001000
1.226586	4544.512372	91.101000
1.226584	4543.158115	91.201000
1.226686	4541.732638	91.301000
1.226730	4540.380333	91.401000
1.226684	4539.043485	91.501000
1.226733	4537.651978	91.601000
1.226706	4536.363707	91.701000
1.226789	4534.964327	91.801000
1.226748	4533.622201	91.901000
1.226749	4532.268401	92.001000
1.226721	4530.931668	92.101000
1.226743	4529.634673	92.201000
1.226664	4528.276259	92.301000
1.226578	4526.973728	92.401000
1.226584	4525.632458	92.501000
1.226591	4524.296039	92.601000
1.226618	4522.933074	92.701000
1.226566	4521.634196	92.801000
1.226609	4520.282476	92.901000
1.226596	4518.924389	93.001000
1.226672	4517.587531	93.101000
1.226674	4516.265037	93.201000
1.226687	4514.977429	93.301000
1.226676	4513.568813	93.401000
1.226655	4512.246392	93.501000
1.226698	4510.895679	93.601000
1.226703	4509.548916	93.701000
1.226749	4508.186382	93.801000
1.226685	4506.881968	93.901000
1.226745	4505.547944	94.001000
1.226713	4504.235508	94.101000
1.226723	4502.918878	94.201000
1.226698	4501.617493	94.301000
1.226666	4500.297006	94.401000
1.226669	4498.935023	94.501000
1.226663	4497.600543	94.601000
1.226729	4496.261962	94.701000
1.226683	4494.953126	94.801000
1.226737	4493.622901	94.901000
1.226697	4492.944041	95.001000
1.226660	4491.541070	95.101000
1.226599	4489.821182	95.201000
1.226639	4488.351310	95.301000
1.226648	4487.071601	95.401000
1.226580	4485.753326	95.501000
1.226543	4484.405613	95.601000
1.226543	4483.085044	95.701000
1.226598	4481.758892	95.801000
1.226549	4480.463807	95.901000
1.226531	4479.161215	96.001000
