-7.000000E+01,-1.480413E-09,+9.910000E+37,+1.642140E+03,+2.150800E+04,
-6.950000E+01,-7.499928E-10,+9.910000E+37,+1.643219E+03,+2.150800E+04,
-6.900000E+01,-5.961541E-10,+9.910000E+37,+1.644278E+03,+2.150800E+04,
-6.850000E+01,-4.998718E-10,+9.910000E+37,+1.645338E+03,+2.150800E+04,
-6.800000E+01,-4.589256E-10,+9.910000E+37,+1.646398E+03,+2.150800E+04,
-6.750000E+01,-5.708589E-10,+9.910000E+37,+1.647458E+03,+2.150800E+04,
-6.700000E+01,-4.217154E-10,+9.910000E+37,+1.648517E+03,+2.150800E+04,
-6.650000E+01,+5.618426E-10,+9.910000E+37,+1.649577E+03,+2.150800E+04,
-6.600000E+01,-3.106906E-10,+9.910000E+37,+1.650636E+03,+2.150800E+04,
-6.550000E+01,-3.048847E-10,+9.910000E+37,+1.651695E+03,+2.150800E+04,
-6.500000E+01,-2.272331E-10,+9.910000E+37,+1.652753E+03,+2.150800E+04,
-6.450000E+01,-2.370782E-10,+9.910000E+37,+1.653812E+03,+2.150800E+04,
-6.400000E+01,+1.230934E-10,+9.910000E+37,+1.654873E+03,+2.150800E+04,
-6.350000E+01,-2.462167E-10,+9.910000E+37,+1.655934E+03,+2.150800E+04,
-6.300000E+01,+1.050923E-09,+9.910000E+37,+1.657018E+03,+2.150800E+04,
-6.250000E+01,-2.440960E-10,+9.910000E+37,+1.658079E+03,+2.150800E+04,
-6.200000E+01,-2.262230E-10,+9.910000E+37,+1.659140E+03,+2.150800E+04,
-6.150000E+01,-2.364218E-10,+9.910000E+37,+1.660201E+03,+2.150800E+04,
-6.100000E+01,-8.788405E-11,+9.910000E+37,+1.661263E+03,+2.150800E+04,
-6.050000E+01,-1.512119E-09,+9.910000E+37,+1.662320E+03,+2.150800E+04,
-6.000000E+01,-1.569021E-10,+9.910000E+37,+1.663378E+03,+2.150800E+04,
-5.950000E+01,-1.730080E-10,+9.910000E+37,+1.664435E+03,+2.150800E+04,
-5.900000E+01,-6.804208E-11,+9.910000E+37,+1.665494E+03,+2.150800E+04,
-5.850000E+01,-8.116911E-11,+9.910000E+37,+1.666554E+03,+2.150800E+04,
-5.800000E+01,+1.701942E-10,+9.910000E+37,+1.667613E+03,+2.150800E+04,
-5.750000E+01,-1.487734E-10,+9.910000E+37,+1.668674E+03,+2.150800E+04,
-5.700000E+01,+8.433366E-10,+9.910000E+37,+1.669761E+03,+2.150800E+04,
-5.650000E+01,-1.684640E-10,+9.910000E+37,+1.670821E+03,+2.150800E+04,
-5.600000E+01,-1.179753E-10,+9.910000E+37,+1.671904E+03,+2.150800E+04,
-5.550000E+01,-1.466024E-10,+9.910000E+37,+1.672967E+03,+2.150800E+04,
-5.500000E+01,-6.294269E-11,+9.910000E+37,+1.674027E+03,+2.150800E+04,
-5.450000E+01,-1.156025E-10,+9.910000E+37,+1.675089E+03,+2.150800E+04,
-5.400000E+01,-2.366238E-10,+9.910000E+37,+1.676149E+03,+2.150800E+04,
-5.350000E+01,-9.323588E-11,+9.910000E+37,+1.677225E+03,+2.150800E+04,
-5.300000E+01,-1.421594E-10,+9.910000E+37,+1.678283E+03,+2.150800E+04,
-5.250000E+01,-5.648011E-11,+9.910000E+37,+1.679344E+03,+2.150800E+04,
-5.200000E+01,-1.956270E-10,+9.910000E+37,+1.680401E+03,+2.150800E+04,
-5.150000E+01,-5.592473E-11,+9.910000E+37,+1.681462E+03,+2.150800E+04,
-5.100000E+01,-1.611431E-10,+9.910000E+37,+1.682520E+03,+2.150800E+04,
-5.050000E+01,-5.728790E-11,+9.910000E+37,+1.683578E+03,+2.150800E+04,
-5.000000E+01,-5.900455E-11,+9.910000E+37,+1.684639E+03,+2.150800E+04,
-4.950000E+01,-8.303715E-11,+9.910000E+37,+1.685715E+03,+2.150800E+04,
-4.900000E+01,-1.723515E-10,+9.910000E+37,+1.686773E+03,+2.150800E+04,
-4.850000E+01,-4.249478E-11,+9.910000E+37,+1.687831E+03,+2.150800E+04,
-4.800000E+01,-3.512341E-11,+9.910000E+37,+1.688892E+03,+2.150800E+04,
-4.750000E+01,+1.124679E-09,+9.910000E+37,+1.689952E+03,+2.150800E+04,
-4.700000E+01,-7.521139E-11,+9.910000E+37,+1.691014E+03,+2.150800E+04,
-4.650000E+01,-1.620014E-10,+9.910000E+37,+1.692074E+03,+2.150800E+04,
-4.600000E+01,-3.118532E-11,+9.910000E+37,+1.693135E+03,+2.150800E+04,
-4.550000E+01,-4.840192E-11,+9.910000E+37,+1.694217E+03,+2.150800E+04,
-4.500000E+01,-6.662836E-11,+9.910000E+37,+1.695278E+03,+2.150800E+04,
-4.450000E+01,-4.486773E-11,+9.910000E+37,+1.696336E+03,+2.150800E+04,
-4.400000E+01,-3.103875E-10,+9.910000E+37,+1.697396E+03,+2.150800E+04,
-4.350000E+01,-2.795402E-11,+9.910000E+37,+1.698457E+03,+2.150800E+04,
-4.300000E+01,-6.980910E-11,+9.910000E+37,+1.699517E+03,+2.150800E+04,
-4.250000E+01,+4.054111E-12,+9.910000E+37,+1.700575E+03,+2.150800E+04,
-4.200000E+01,-3.441657E-11,+9.910000E+37,+1.701670E+03,+2.150800E+04,
-4.150000E+01,-2.300614E-11,+9.910000E+37,+1.702729E+03,+2.150800E+04,
-4.100000E+01,-1.617489E-10,+9.91000


























































































































current through plasma (-mA) <tab> voltage across plasma (-V) <tab> time (sec)
1.219307	10902.975546	0.001000
1.233120	10895.390413	0.101000
1.233094	10891.323555	0.201000
1.232926	10887.096751	0.301000
1.232931	10882.713276	0.401000
1.232847	10878.294449	0.501000
1.232706	10873.759468	0.601000
1.232827	10869.188390	0.701000
1.232889	10864.673613	0.801000
1.232865	10860.057986	0.901000
1.232789	10855.215177	1.001000
1.232688	10850.612647	1.101000
1.232894	10845.906602	1.201000
1.233065	10841.208122	1.301000
1.233192	10836.431244	1.401000
1.233012	10831.707340	1.501000
1.232761	10826.949029	1.601000
1.232748	10822.170048	1.701000
1.232680	10817.603201	1.801000
1.232953	10813.299326	1.901000
1.233013	10808.220063	2.001000
1.233111	10803.059366	2.102000
1.233241	10798.268609	2.201000
1.233105	10793.496964	2.301000
1.233095	10788.651129	2.401000
1.232981	10783.907619	2.501000
1.232868	10779.196319	2.601000
1.232967	10774.395002	2.701000
1.232956	10769.612310	2.801000
1.232941	10764.796854	2.901000
1.232971	10760.041133	3.001000
1.232919	10755.335213	3.101000
1.232831	10750.539536	3.201000
1.232927	10745.754731	3.301000
1.233037	10740.929466	3.401000
1.232987	10736.158461	3.501000
1.232944	10731.461354	3.601000
1.232822	10726.630963	3.701000
1.232777	10721.832824	3.801000
1.232870	10716.969324	3.901000
1.232731	10712.210586	4.001000
1.232730	10707.432130	4.101000
1.232713	10702.640021	4.201000
1.232811	10697.875261	4.301000
1.232943	10693.049037	4.401000
1.232987	10688.310309	4.501000
1.232987	10683.572712	4.601000
1.232867	10678.819333	4.701000
1.232780	10674.006849	4.801000
1.232780	10669.238409	4.901000
1.232659	10664.492520	5.001000
1.232716	10659.770210	5.101000
1.232782	10655.008814	5.201000
1.232847	10650.284318	5.301000
1.232738	10645.524654	5.401000
1.232652	10640.801774	5.501000
1.232626	10636.060962	5.601000
1.232651	10631.322751	5.701000
1.232745	10626.598632	5.801000
1.232691	10621.808742	5.901000
1.232422	10617.065518	6.001000
1.232168	10612.342945	6.101000
1.232197	10607.553613	6.201000
1.232353	10602.838793	6.301000
1.232445	10598.094326	6.401000
1.232385	10593.385381	6.501000
1.232332	10588.658583	6.601000
1.232340	10583.899362	6.701000
1.232276	10579.240849	6.801000
1.232398	10574.441681	6.901000
1.232301	10569.891965	7.001000
1.232302	10565.709873	7.101000
1.232245	10560.859600	7.201000
1.232388	10555.692674	7.301000
1.232355	10550.964120	7.401000
1.232290	10546.337954	7.501000
1.232281	10541.669961	7.601000
1.232118	10536.956321	7.701000
1.232067	10532.265541	7.801000
1.232128	10527.598331	7.901000
1.231994	10522.885026	8.001000
1.232059	10518.225847	8.101000
1.232080	10513.543469	8.201000
1.232053	10508.829552	8.301000
1.232077	10504.103504	8.401000
1.232056	10499.470762	8.501000
1.231892	10494.862375	8.601000
1.231895	10490.179298	8.701000
1.232099	10485.504263	8.801000
1.232241	10480.857494	8.901000
1.232265	10476.201912	9.001000
1.232134	10471.596515	9.101000
1.232089	10466.920353	9.201000
1.232238	10462.284049	9.301000
1.232412	10457.636494	9.401000
1.232491	10452.996984	9.501000
1.232410	10448.435427	9.601000
1.232373	10443.801004	9.701000
1.232246	10439.211136	9.801000
1.232270	10434.561848	9.901000
1.232324	10430.004435	10.001000
1.232450	10425.356353	10.101000
1.232544	10420.712440	10.201000
1.232588	10416.110360	10.301000
1.232702	10411.486766	10.401000
1.232583	10406.871901	10.501000
1.232494	10402.274561	10.601000
1.232607	10397.696113	10.701000
1.232827	10393.098214	10.801000
1.232949	10388.495284	10.901000
1.233016	10383.876262	11.001000
1.232880	10379.343175	11.101000
1.232886	10374.724268	11.201000
1.232870	10370.102013	11.301000
1.232940	10365.534185	11.401000
1.232909	10360.925747	11.501000
1.232819	10356.399311	11.601000
1.232725	10351.847901	11.701000
1.232678	10347.273243	11.801000
1.232594	10342.724114	11.901000
1.232575	10338.151556	12.001000
1.232647	10333.674149	12.101000
1.232635	10329.142850	12.201000
1.232701	10325.244879	12.301000
1.232667	10320.475381	12.401000
1.232737	10315.581859	12.501000
1.232828	10310.897923	12.601000
1.232748	10306.423909	12.701000
1.232647	10301.848080	12.801000
1.232580	10297.286796	12.901000
1.232753	10292.771302	13.001000
1.232852	10288.234147	13.101000
1.232739	10283.763628	13.201000
1.232624	10279.185671	13.301000
1.232415	10274.603566	13.401000
1.232203	10270.103089	13.501000
1.232344	10265.614638	13.601000
1.232409	10261.122771	13.701000
1.232431	10256.633852	13.801000
1.232433	10252.101602	13.901000
1.232323	10247.630410	14.001000
1.232400	10243.106556	14.101000
1.232345	10238.667318	14.201000
1.232253	10234.310366	14.301000
1.232237	10229.737196	14.401000
1.232195	10225.270854	14.501000
1.232119	10220.778748	14.601000
1.231993	10216.296040	14.701000
1.231938	10211.872232	14.801000
1.232093	10207.376980	14.901000
1.232160	10202.936172	15.001000
1.232155	10198.484987	15.101000
1.232090	10193.995696	15.201000
1.232143	10189.567992	15.301000
1.232240	10185.112059	15.401000
1.232265	10180.604473	15.501000
1.232333	10176.159698	15.601000
1.232286	10171.709997	15.701000
1.232203	10167.318880	15.801000
1.232164	10162.889355	15.901000
1.232141	10158.431002	16.001000
1.232113	10153.957985	16.101000
1.232062	10149.520115	16.201000
1.232083	10145.080485	16.301000
1.231983	10140.744466	16.401000
1.232001	10136.296283	16.501000
1.232035	10131.869694	16.601000
1.232294	10127.516244	16.701000
1.232531	10123.117379	16.801000
1.232655	10118.778831	16.901000
1.233030	10114.417148	17.001000
1.233308	10110.046372	17.101000
1.233789	10105.710309	17.201000
1.234212	10101.337373	17.301000
1.234546	10096.970757	17.401000
1.234753	10093.118845	17.501000
1.235014	10088.853752	17.601000
1.235064	10084.192566	17.701000
1.235159	10079.511195	17.801000
1.235250	10075.098850	17.901000
1.235203	10070.744654	18.001000
1.235279	10066.393027	18.101000
1.235335	10061.995813	18.201000
1.235377	10057.646919	18.301000
1.235525	10053.254633	18.401000
1.235471	10048.934965	18.501000
1.235466	10044.578283	18.601000
1.235491	10040.209869	18.701000
1.235453	10035.877654	18.801000
1.235529	10031.528589	18.901000
1.235578	10027.212482	19.001000
1.235498	10022.928311	19.101000
1.235428	10018.609272	19.201000
1.235392	10014.261552	19.301000
1.235355	10009.962399	19.401000
1.235438	10005.613362	19.501000
1.235317	10001.358278	19.601000
1.235250	9997.044935	19.701000
1.235262	9992.722827	19.801000
1.235283	9988.382248	19.901000
1.235332	9984.093061	20.001000
1.235408	9979.780360	20.101000
1.235334	9975.507854	20.201000
1.235373	9971.197722	20.301000
1.235418	9966.852596	20.401000
1.235352	9962.572367	20.501000
1.235438	9958.253968	20.601000
1.235393	9954.034760	20.701000
1.235356	9949.706000	20.801000
1.235420	9945.398950	20.901000
1.235421	9941.114739	21.001000
1.235423	9936.872374	21.101000
1.235429	9932.560641	21.201000
1.235307	9928.351822	21.301000
1.235291	9924.098243	21.401000
1.235239	9919.831733	21.501000
1.235145	9915.601376	21.601000
1.235189	9911.370343	21.701000
1.235129	9907.157025	21.801000
1.235061	9902.923882	21.901000
1.235075	9898.653448	22.001000
1.235046	9894.434491	22.101000
1.235111	9890.170436	22.201000
1.235103	9885.944981	22.301000
1.235092	9881.703213	22.401000
1.235090	9877.459319	22.501000
1.235118	9873.205137	22.601000
1.235100	9869.052606	22.701000
1.235221	9865.372865	22.801000
1.235262	9861.032056	22.901000
1.235168	9856.475388	23.001000
1.235240	9852.144565	23.101000
1.235189	9847.924916	23.201000
1.235171	9843.731455	23.301000
1.235281	9839.488321	23.401000
1.235247	9835.317857	23.501000
1.235194	9831.132137	23.601000
1.235172	9826.947801	23.701000
1.235146	9822.770873	23.801000
1.235116	9818.635977	23.901000
1.235096	9814.379946	24.001000
1.235033	9810.268676	24.101000
1.234931	9806.093816	24.201000
1.234945	9801.892583	24.301000
1.234891	9797.744022	24.401000
1.235046	9794.029960	24.501000
1.235071	9790.021321	24.601000
1.234998	9785.269235	24.701000
1.235086	9781.072199	24.801000
1.235072	9776.938930	24.901000
1.235107	9772.785838	25.001000
1.235162	9768.582104	25.101000
1.235155	9764.438782	25.201000
1.235205	9760.283628	25.301000
1.235265	9756.087456	25.401000
1.235251	9751.940068	25.501000
1.235302	9747.763538	25.601000
1.235318	9743.645733	25.701000
1.235272	9739.534656	25.801000
1.235212	9735.412969	25.901000
1.235150	9731.334344	26.001000
1.235120	9727.240271	26.101000
1.235149	9723.053436	26.201000
1.235108	9718.933351	26.301000
1.234978	9714.860824	26.401000
1.234977	9710.727431	26.501000
1.234925	9706.597598	26.601000
1.234872	9702.516517	26.701000
1.235030	9698.375270	26.801000
1.235072	9694.274274	26.901000
1.235038	9690.228803	27.001000
1.235161	9686.144804	27.101000
1.235134	9681.969641	27.201000
1.235133	9677.870516	27.301000
1.235230	9673.735699	27.401000
1.235203	9669.647346	27.501000
1.235267	9665.496555	27.601000
1.235240	9661.420318	27.701000
1.235323	9657.293360	27.801000
1.235309	9653.221868	27.901000
1.235381	9649.655770	28.001000
1.235338	9645.680671	28.101000
1.235271	9641.310154	28.201000
1.235231	9636.999589	28.301000
1.235224	9632.921350	28.401000
1.235244	9628.867807	28.501000
1.235287	9624.800376	28.601000
1.235223	9620.790941	28.701000
1.235141	9616.769407	28.801000
1.235141	9612.704213	28.901000
1.235129	9608.684954	29.001000
1.235234	9604.611712	29.101000
1.235227	9600.582100	29.201000
1.235195	9596.560676	29.301000
1.235113	9592.538848	29.401000
1.235143	9588.458596	29.501000
1.235039	9584.410161	29.601000
1.235170	9580.334542	29.701000
1.235159	9576.295648	29.801000
1.235095	9572.311211	29.901000
1.235137	9568.284581	30.001000
1.235160	9564.252817	30.101000
1.235156	9560.203214	30.201000
1.235253	9556.220318	30.301000
1.235204	9552.183692	30.401000
1.235035	9548.224284	30.501000
1.235066	9544.223162	30.601000
1.234997	9540.229008	30.701000
1.234916	9536.259403	30.801000
1.235019	9532.220927	30.901000
1.234949	9528.238890	31.001000
1.234840	9524.332428	31.101000
1.234855	9520.308064	31.201000
1.234843	9516.286026	31.301000
1.234863	9512.356946	31.401000
1.234837	9508.326914	31.501000
1.234780	9504.348232	31.601000
1.234758	9500.404546	31.701000
1.234782	9496.391761	31.801000
1.234796	9492.382987	31.901000
1.234797	9488.397743	32.001000
1.234898	9484.423622	32.101000
1.234858	9480.451508	32.201000
1.234830	9476.536724	32.301000
1.234844	9472.541558	32.401000
1.234834	9468.604527	32.501000
1.234886	9464.619997	32.601000
1.234948	9460.660756	32.701000
1.234895	9456.719610	32.801000
1.234825	9452.815825	32.901000
1.234825	9448.859990	33.001000
1.234825	9444.901815	33.101000
1.234766	9441.129373	33.201000
1.234813	9437.741266	33.301000
1.234763	9433.455472	33.401000
1.234662	9429.237486	33.501000
1.234680	9425.280751	33.601000
1.234644	9421.316383	33.701000
1.234672	9417.394985	33.801000
1.234721	9413.439714	33.901000
1.234731	9409.491126	34.001000
1.234664	9405.624775	34.101000
1.234693	9401.679969	34.201000
1.234646	9397.768071	34.301000
1.234691	9393.846567	34.401000
1.234801	9389.894515	34.501000
1.234849	9386.036161	34.601000
1.234841	9382.099209	34.701000
1.234879	9378.192518	34.801000
1.234811	9374.297762	34.901000
1.234767	9370.395769	35.001000
1.234848	9366.481335	35.101000
1.234819	9362.590219	35.201000
1.234724	9358.768896	35.301000
1.234778	9354.906144	35.401000
1.234704	9350.997239	35.501000
1.234628	9347.152929	35.601000
1.234729	9343.262201	35.701000
1.234701	9339.344007	35.801000
1.234537	9335.568934	35.901000
1.234589	9331.696166	36.001000
1.234533	9327.835283	36.101000
1.234528	9323.934841	36.201000
1.234613	9320.034822	36.301000
1.234634	9316.156587	36.401000
1.234524	9312.332205	36.501000
1.234569	9308.445800	36.601000
1.234561	9304.585937	36.701000
1.234599	9300.730168	36.801000
1.234629	9296.844172	36.901000
1.234672	9292.961132	37.001000
1.234618	9289.157585	37.101000
1.234670	9285.281521	37.201000
1.234669	9281.433527	37.301000
1.234732	9277.567114	37.401000
1.234718	9273.755499	37.501000
1.234737	9269.916305	37.601000
1.234644	9266.122495	37.701000
1.234618	9262.354735	37.801000
1.234582	9258.511580	37.901000
1.234620	9254.648015	38.001000
1.234635	9250.861794	38.101000
1.234648	9247.059394	38.201000
1.234566	9243.254456	38.301000
1.234467	9239.449374	38.401000
1.234459	9236.229327	38.501000
1.234421	9232.295134	38.601000
1.234416	9228.090791	38.701000
1.234485	9224.155528	38.801000
1.234520	9220.399160	38.901000
1.234516	9216.542675	39.001000
1.234636	9212.732889	39.102000
1.234716	9208.905842	39.201000
1.234675	9205.163471	39.301000
1.234831	9201.305222	39.401000
1.234765	9197.505650	39.501000
1.234637	9193.739667	39.601000
1.234539	9189.980089	39.701000
1.234493	9186.189625	39.801000
1.234429	9182.459575	39.901000
1.234465	9178.641766	40.001000
1.234457	9174.855937	40.101000
1.234342	9171.125318	40.201000
1.234286	9167.404384	40.301000
1.234227	9163.625423	40.401000
1.234223	9159.890630	40.501000
1.234255	9156.076085	40.601000
1.234328	9152.294619	40.701000
1.234319	9148.545470	40.801000
1.234253	9144.861187	40.901000
1.234282	9141.126175	41.001000
1.234300	9137.264449	41.101000
1.234316	9133.507488	41.201000
1.234357	9129.732784	41.301000
1.234307	9125.999226	41.401000
1.234195	9122.318822	41.501000
1.234273	9118.553422	41.601000
1.234288	9114.798300	41.701000
1.234366	9111.029352	41.801000
1.234426	9107.303618	41.901000
1.234483	9103.590095	42.001000
1.234347	9099.978370	42.101000
1.234300	9096.207889	42.201000
1.234248	9092.499071	42.301000
1.234243	9088.776891	42.401000
1.234248	9085.056201	42.501000
1.234265	9081.330584	42.601000
1.234234	9077.633442	42.701000
1.234164	9073.949114	42.801000
1.234204	9070.230688	42.901000
1.234257	9066.511517	43.001000
1.234261	9062.844673	43.101000
1.234482	9059.044924	43.201000
1.234488	9055.304267	43.301000
1.234388	9051.646556	43.401000
1.234448	9047.919740	43.501000
1.234441	9044.226861	43.601000
1.234432	9040.869556	43.701000
1.234510	9037.418124	43.801000
1.234570	9033.430872	43.901000
1.234563	9029.430952	44.002000
1.234537	9025.770611	44.101000
1.234470	9022.173006	44.201000
1.234449	9018.434950	44.301000
1.234454	9014.733965	44.401000
1.234468	9011.058829	44.501000
1.234375	9007.418366	44.601000
1.234248	9003.780674	44.701000
1.234267	9000.106162	44.801000
1.234214	8996.426719	44.901000
1.234228	8992.787515	45.001000
1.234324	8989.106130	45.101000
1.234357	8985.412875	45.201000
1.234314	8981.848426	45.301000
1.234304	8978.147868	45.401000
1.234248	8974.478010	45.501000
1.234304	8970.771122	45.601000
1.234372	8967.139045	45.701000
1.234459	8963.453085	45.801000
1.234438	8959.791298	45.901000
1.234360	8956.187504	46.001000
1.234423	8952.540492	46.101000
1.234421	8948.862686	46.201000
1.234373	8945.280441	46.301000
1.234506	8941.617783	46.401000
1.234494	8937.984583	46.501000
1.234427	8934.368058	46.601000
1.234368	8930.768322	46.701000
1.234328	8927.129275	46.801000
1.234250	8923.511760	46.901000
1.234204	8919.910979	47.001000
1.234235	8916.268419	47.101000
1.234234	8912.635147	47.201000
1.234155	8909.016644	47.301000
1.234209	8905.411673	47.401000
1.234186	8901.753333	47.501000
1.234163	8898.164101	47.601000
1.234290	8894.507434	47.701000
1.234309	8890.896358	47.801000
1.234323	8887.280834	47.901000
1.234313	8883.695528	48.001000
1.234302	8880.096947	48.101000
1.234336	8876.454641	48.201000
1.234353	8872.850010	48.301000
1.234472	8869.219388	48.401000
1.234447	8865.670206	48.501000
1.234322	8862.095263	48.601000
1.234401	8858.514887	48.701000
1.234369	8854.914781	48.801000
1.234364	8851.315512	48.901000
1.234318	8848.348725	49.001000
1.234262	8844.638848	49.101000
1.234134	8840.728280	49.201000
1.234075	8837.092638	49.301000
1.234056	8833.507859	49.401000
1.234062	8829.908685	49.501000
1.234049	8826.363137	49.601000
1.234135	8822.762576	49.701000
1.234184	8819.183900	49.801000
1.234130	8815.634258	49.901000
1.234175	8812.060123	50.001000
1.234164	8808.503021	50.101000
1.234204	8804.914340	50.201000
1.234214	8801.341004	50.301000
1.234332	8797.768028	50.401000
1.234368	8794.192427	50.501000
1.234294	8790.750161	50.601000
1.234354	8787.127519	50.701000
1.234379	8783.555844	50.801000
1.234350	8780.022801	50.901000
1.234394	8776.480202	51.001000
1.234427	8772.921221	51.101000
1.234366	8769.408233	51.201000
1.234251	8765.918111	51.301000
1.234210	8762.408881	51.401000
1.234148	8758.878547	51.501000
1.234021	8755.379123	51.601000
1.234107	8751.862623	51.701000
1.233993	8748.315855	51.801000
1.233875	8744.828431	51.901000
1.233832	8741.323320	52.001000
1.233867	8737.788562	52.101000
1.233861	8734.234338	52.201000
1.233863	8730.717974	52.301000
1.233967	8727.152118	52.401000
1.233943	8723.648074	52.501000
1.233904	8720.163102	52.601000
1.233920	8716.655992	52.701000
1.233931	8713.114782	52.801000
1.233924	8709.590229	52.901000
1.233983	8706.058583	53.001000
1.234025	8702.562464	53.101000
1.234005	8699.061299	53.201000
1.233930	8695.618425	53.301000
1.233974	8692.116211	53.401000
1.233914	8688.610714	53.501000
1.233862	8685.169940	53.601000
1.233915	8681.687540	53.701000
1.233952	8678.237211	53.801000
1.233875	8674.750611	53.901000
1.233794	8671.302443	54.001000
1.233782	8667.810862	54.101000
1.233759	8664.598659	54.201000
1.233735	8661.420515	54.301000
1.233787	8657.663572	54.401000
1.233824	8653.806988	54.501000
1.233770	8650.354212	54.601000
1.233774	8646.918976	54.701000
1.233838	8643.433432	54.801000
1.233887	8639.986197	54.901000
1.233914	8636.445143	55.001000
1.234004	8632.955963	55.101000
1.233980	8629.472642	55.201000
1.233916	8626.069684	55.301000
1.233981	8622.590075	55.401000
1.233902	8619.158186	55.501000
1.233972	8615.661506	55.601000
1.233951	8612.221532	55.701000
1.234015	8608.774084	55.801000
1.233979	8605.342583	55.901000
1.233931	8601.965383	56.001000
1.233934	8598.554703	56.101000
1.233851	8595.091513	56.201000
1.233835	8591.612413	56.301000
1.233856	8588.189632	56.401000
1.233926	8584.730104	56.501000
1.233911	8581.303613	56.601000
1.233825	8577.913008	56.701000
1.233801	8574.502266	56.801000
1.233774	8571.060720	56.901000
1.233753	8567.654020	57.001000
1.233828	8564.169918	57.101000
1.233923	8560.717979	57.201000
1.233931	8557.289515	57.301000
1.233857	8553.905525	57.401000
1.233926	8550.479460	57.501000
1.234008	8547.034013	57.601000
1.234026	8543.632682	57.701000
1.234105	8540.204770	57.801000
1.234146	8536.792678	57.901000
1.234089	8533.378090	58.001000
1.234019	8530.045059	58.101000
1.234039	8526.549166	58.201000
1.234054	8523.126262	58.301000
1.234029	8519.758784	58.401000
1.234064	8516.352913	58.501000
1.234068	8512.949852	58.601000
1.234044	8509.570487	58.701000
1.233926	8506.246603	58.801000
1.233959	8502.828147	58.901000
1.233817	8499.423542	59.001000
1.233842	8496.043420	59.101000
1.233865	8492.656314	59.201000
1.233941	8489.215950	59.301000
1.233925	8485.807907	59.401000
1.233877	8483.159263	59.501000
1.233993	8479.541118	59.601000
1.233992	8475.730401	59.701000
1.234094	8472.275561	59.801000
1.234160	8468.897304	59.901000
1.234183	8465.499066	60.001000
1.234059	8462.170263	60.101000
1.233959	8458.884729	60.201000
1.234057	8455.478641	60.301000
1.234035	8452.080198	60.401000
1.234061	8448.726924	60.501000
1.234055	8445.364670	60.601000
1.234056	8442.018897	60.701000
1.233983	8438.675856	60.801000
1.233884	8435.347228	60.901000
1.233917	8431.989484	61.001000
1.233868	8428.592834	61.101000
1.233838	8425.278080	61.201000
1.233829	8421.982428	61.301000
1.233936	8418.556874	61.401000
1.233929	8415.218319	61.501000
1.233861	8411.863271	61.601000
1.233898	8408.500870	61.701000
1.233879	8405.177345	61.801000
1.233914	8401.806362	61.901000
1.233997	8398.468567	62.001000
1.234103	8395.117258	62.101000
1.234081	8391.790536	62.201000
1.234013	8388.500608	62.301000
1.233974	8385.227051	62.401000
1.233992	8381.813975	62.501000
1.233946	8378.481417	62.601000
1.233909	8375.191388	62.701000
1.233876	8371.845919	62.801000
1.233834	8368.540009	62.901000
1.233734	8365.261690	63.001000
1.233696	8361.950630	63.101000
1.233647	8358.626017	63.201000
1.233582	8355.324709	63.301000
1.233514	8352.074982	63.401000
1.233635	8348.736409	63.501000
1.233578	8345.394497	63.601000
1.233549	8342.110880	63.701000
1.233502	8338.847326	63.801000
1.233533	8335.531959	63.901000
1.233567	8332.205835	64.001000
1.233587	8328.921211	64.101000
1.233743	8325.537915	64.201000
1.233741	8322.245874	64.301000
1.233687	8318.970132	64.401000
1.233650	8315.730119	64.501000
1.233637	8312.391340	64.601000
1.233661	8309.656763	64.701000
1.233641	8306.269649	64.801000
1.233668	8302.589173	64.901000
1.233681	8299.188297	65.001000
1.233611	8295.936801	65.101000
1.233515	8292.712852	65.201000
1.233574	8289.423465	65.301000
1.233489	8286.171737	65.401000
1.233452	8282.915471	65.501000
1.233439	8279.705740	65.601000
1.233442	8276.353558	65.701000
1.233465	8273.076315	65.801000
1.233390	8269.843462	65.901000
1.233451	8266.567550	66.001000
1.233476	8263.275205	66.101000
1.233458	8260.030358	66.201000
1.233494	8256.758776	66.301000
1.233593	8253.449609	66.401000
1.233632	8250.176291	66.501000
1.233605	8246.949184	66.601000
1.233663	8243.722081	66.701000
1.233640	8240.409454	66.801000
1.233655	8237.140506	66.901000
1.233602	8233.932830	67.001000
1.233705	8230.643758	67.101000
1.233610	8227.424015	67.201000
1.233558	8224.186115	67.301000
1.233478	8220.981699	67.401000
1.233460	8217.735486	67.501000
1.233454	8214.486043	67.601000
1.233417	8211.340405	67.701000
1.233458	8208.076296	67.801000
1.233446	8204.816843	67.901000
1.233504	8201.548642	68.001000
1.233363	8198.402593	68.101000
1.233425	8195.152448	68.201000
1.233382	8191.927985	68.301000
1.233417	8188.677954	68.401000
1.233472	8185.447271	68.501000
1.233598	8182.206642	68.601000
1.233653	8178.949916	68.701000
1.233575	8175.817856	68.801000
1.233599	8172.546044	68.901000
1.233588	8169.336936	69.001000
1.233627	8166.078097	69.101000
1.233627	8162.852080	69.201000
1.233712	8159.649185	69.301000
1.233702	8156.444702	69.401000
1.233658	8153.264677	69.501000
1.233639	8150.048161	69.601000
1.233629	8146.835498	69.701000
1.233581	8143.628841	69.801000
1.233545	8140.903919	69.901000
1.233541	8137.784263	70.001000
1.233569	8134.228658	70.101000
1.233552	8130.814807	70.201000
1.233422	8127.681660	70.301000
1.233514	8124.429306	70.401000
1.233459	8121.242180	70.501000
1.233453	8118.038226	70.601000
1.233475	8114.852954	70.701000
1.233580	8111.612034	70.801000
1.233579	8108.447770	70.901000
1.233546	8105.241924	71.001000
1.233523	8102.071410	71.101000
1.233511	8098.889697	71.201000
1.233553	8095.683409	71.301000
1.233515	8092.502437	71.401000
1.233558	8089.292959	71.501000
1.233492	8086.151056	71.601000
1.233497	8082.999957	71.701000
1.233358	8079.873476	71.801000
1.233342	8076.733864	71.901000
1.233318	8073.583904	72.001000
1.233264	8070.394674	72.101000
1.233264	8067.224987	72.201000
1.233377	8064.050007	72.301000
1.233391	8060.883179	72.401000
1.233389	8057.728482	72.501000
1.233411	8054.585448	72.601000
1.233477	8051.394062	72.701000
1.233500	8048.226664	72.801000
1.233452	8045.072085	72.901000
1.233582	8041.899301	73.001000
1.233665	8038.735602	73.101000
1.233676	8035.536089	73.201000
1.233620	8032.420971	73.301000
1.233652	8029.260855	73.401000
1.233662	8026.097741	73.501000
1.233735	8022.945715	73.601000
1.233715	8019.817969	73.701000
1.233786	8016.662454	73.801000
1.233705	8013.552712	73.901000
1.233610	8010.459861	74.001000
1.233615	8007.387621	74.101000
1.233532	8004.227729	74.201000
1.233564	8001.048045	74.301000
1.233530	7997.937408	74.401000
1.233531	7994.814812	74.501000
1.233541	7991.664723	74.601000
1.233530	7988.554071	74.701000
1.233472	7985.460452	74.801000
1.233540	7982.301547	74.901000
1.233498	7979.172778	75.001000
1.233591	7976.448552	75.101000
1.233554	7973.507083	75.201000
1.233631	7969.988938	75.301000
1.233638	7966.628931	75.401000
1.233617	7963.532243	75.501000
1.233586	7960.446123	75.601000
1.233601	7957.326581	75.701000
1.233595	7954.208519	75.801000
1.233620	7951.092372	75.901000
1.233623	7948.001095	76.001000
1.233633	7944.891980	76.101000
1.233603	7941.811253	76.201000
1.233465	7938.767598	76.301000
1.233458	7935.648177	76.401000
1.233396	7932.586791	76.501000
1.233393	7929.455203	76.601000
1.233355	7926.365510	76.701000
1.233441	7923.251014	76.801000
1.233448	7920.132415	76.901000
1.233454	7917.035961	77.001000
1.233388	7913.975394	77.101000
1.233399	7910.894553	77.201000
1.233424	7907.814379	77.301000
1.233431	7904.701763	77.401000
1.233467	7901.613906	77.501000
1.233602	7898.475390	77.601000
1.233555	7895.406559	77.701000
1.233536	7892.339858	77.801000
1.233476	7889.274465	77.901000
1.233487	7886.188252	78.001000
1.233480	7883.133327	78.101000
1.233440	7880.074623	78.201000
1.233467	7877.028416	78.301000
1.233493	7874.013976	78.401000
1.233443	7870.913939	78.501000
1.233374	7867.871802	78.601000
1.233340	7864.805945	78.701000
1.233298	7861.742072	78.801000
1.233310	7858.664469	78.901000
1.233235	7855.653279	79.001000
1.233372	7852.554222	79.101000
1.233439	7849.485571	79.201000
1.233442	7846.409917	79.301000
1.233398	7843.409401	79.401000
1.233449	7840.374703	79.501000
1.233462	7837.238270	79.601000
1.233550	7834.177321	79.701000
1.233551	7831.153559	79.801000
1.233700	7828.049422	79.901000
1.233674	7825.008862	80.001000
1.233590	7821.972060	80.101000
1.233492	7818.991432	80.201000
1.233521	7816.091098	80.301000
1.233425	7813.536466	80.401000
1.233448	7810.317864	80.501000
1.233367	7806.876020	80.601000
1.233399	7803.816054	80.701000
1.233386	7800.779517	80.801000
1.233292	7797.792822	80.901000
1.233224	7794.825425	81.001000
1.233219	7791.771374	81.101000
1.233218	7788.722522	81.201000
1.233269	7785.699554	81.301000
1.233310	7782.648971	81.401000
1.233413	7779.616982	81.501000
1.233411	7776.626738	81.601000
1.233379	7773.586794	81.701000
1.233451	7770.546778	81.801000
1.233474	7767.522550	81.901000
1.233516	7764.469719	82.001000
1.233520	7761.434817	82.101000
1.233546	7758.416376	82.201000
1.233595	7755.417824	82.301000
1.233615	7752.397700	82.401000
1.233529	7749.427992	82.501000
1.233501	7746.455309	82.601000
1.233461	7743.460589	82.701000
1.233445	7740.399107	82.801000
1.233414	7737.410377	82.901000
1.233505	7734.408668	83.001000
1.233480	7731.426291	83.101000
1.233431	7728.429780	83.201000
1.233268	7725.490448	83.301000
1.233232	7722.505768	83.401000
1.233214	7719.497841	83.501000
1.233225	7716.477136	83.601000
1.233171	7713.580625	83.701000
1.233237	7710.531185	83.801000
1.233245	7707.537845	83.901000
1.233282	7704.508351	84.001000
1.233214	7701.534668	84.101000
1.233281	7698.557501	84.201000
1.233280	7695.567192	84.301000
1.233310	7692.555665	84.401000
1.233269	7689.621044	84.501000
1.233443	7686.696613	84.601000
1.233456	7684.371020	84.701000
1.233407	7680.958364	84.801000
1.233312	7677.667852	84.901000
1.233295	7674.703819	85.001000
1.233283	7671.753094	85.101000
1.233277	7668.787751	85.201000
1.233189	7665.889358	85.301000
1.233245	7662.859242	85.401000
1.233203	7659.915669	85.501000
1.233181	7657.480639	85.601000
1.233103	7654.529043	85.701000
1.233117	7651.293189	85.801000
1.233055	7648.115360	85.901000
1.233071	7645.139199	86.001000
1.233011	7642.195491	86.101000
1.233172	7639.197595	86.201000
1.233218	7636.246768	86.301000
1.233230	7633.260565	86.401000
1.233182	7630.347942	86.501000
1.233223	7627.382913	86.601000
1.233188	7624.430692	86.701000
1.233301	7621.422345	86.801000
1.233264	7618.551397	86.901000
1.233282	7615.540180	87.001000
1.233256	7612.582226	87.101000
1.233187	7609.669743	87.201000
1.233107	7606.789834	87.301000
1.233144	7603.851567	87.401000
1.233058	7600.941943	87.501000
1.233049	7597.987191	87.601000
1.232927	7595.090289	87.701000
1.232900	7592.125756	87.801000
1.232886	7589.188201	87.901000
1.232876	7586.313196	88.001000
1.232787	7583.397077	88.101000
1.232844	7580.467331	88.201000
1.232802	7577.538276	88.301000
1.232873	7574.579177	88.401000
1.232864	7571.648553	88.501000
1.232964	7568.710362	88.601000
1.232945	7565.767007	88.701000
1.232969	7562.836655	88.801000
1.232876	7559.958928	88.901000
1.232958	7557.051291	89.001000
1.232977	7554.130738	89.101000
1.232969	7551.173560	89.201000
1.232963	7548.277870	89.301000
1.233006	7545.363617	89.401000
1.233065	7542.464023	89.501000
1.233093	7539.542688	89.601000
1.233031	7536.666076	89.701000
1.232935	7533.812776	89.801000
1.232894	7530.920986	89.901000
1.232868	7528.015445	90.001000
1.232795	7525.197193	90.101000
1.232826	7522.242922	90.201000
1.232816	7519.313978	90.301000
1.232771	7516.427779	90.401000
1.232728	7513.526275	90.501000
1.232678	7510.666348	90.601000
1.232707	7507.774727	90.701000
1.232738	7505.151372	90.801000
1.232743	7502.535322	90.901000
1.232748	7499.430401	91.001000
1.232898	7496.162314	91.101000
1.232862	7493.316342	91.201000
1.232874	7490.357669	91.301000
1.232810	7487.507733	91.401000
1.232811	7484.598711	91.501000
1.232854	7481.707378	91.601000
1.232827	7478.833848	91.701000
1.232820	7475.979552	91.801000
1.232904	7473.078776	91.901000
1.232887	7470.227011	92.001000
1.232809	7467.366192	92.101000
1.232730	7464.579327	92.201000
1.232715	7461.706781	92.301000
1.232685	7458.816690	92.401000
1.232671	7455.951699	92.501000
1.232584	7453.125577	92.601000
1.232644	7450.253582	92.701000
1.232682	7447.398812	92.801000
1.232719	7444.500522	92.901000
1.232681	7441.675146	93.001000
1.232697	7438.831713	93.101000
1.232683	7435.979104	93.201000
1.232718	7433.173432	93.301000
1.232770	7430.246850	93.401000
1.232839	7427.373376	93.501000
1.232908	7424.515743	93.601000
1.232891	7421.657248	93.701000
1.232817	7418.839955	93.801000
1.232787	7416.023889	93.901000
1.232854	7413.124267	94.001000
1.232784	7410.327602	94.101000
1.232813	7407.481558	94.201000
1.232748	7404.689282	94.301000
1.232779	7401.872877	94.401000
1.232813	7398.985637	94.501000
1.232759	7396.175558	94.601000
1.232713	7393.361192	94.701000
1.232763	7390.500356	94.801000
1.232683	7387.703732	94.901000
1.232698	7384.863490	95.001000
1.232719	7382.055323	95.101000
1.232761	7379.211960	95.201000
1.232793	7376.361529	95.301000
1.232802	7373.577253	95.401000
1.232740	7370.784521	95.501000
1.232788	7367.952938	95.601000
1.232804	7365.110509	95.701000
1.232758	7362.305437	95.801000
1.232785	7359.482639	95.901000
1.232819	7356.839473	96.001000
1.232914	7354.502391	96.101000
1.232955	7351.364738	96.201000
1.232909	7348.208332	96.301000
1.232888	7345.447889	96.401000
1.232852	7342.726399	96.501000
1.232797	7339.862737	96.601000
1.232834	7337.063576	96.701000
1.232724	7334.298895	96.801000
1.232781	7331.470098	96.901000
1.232729	7328.710407	97.001000
1.232681	7325.916587	97.101000
1.232607	7323.142069	97.201000
1.232638	7320.380557	97.301000
1.232593	7317.593068	97.401000
1.232550	7314.820336	97.501000
1.232558	7312.093724	97.601000
1.232607	7309.252516	97.701000
1.232728	7306.411723	97.801000
1.232692	7303.636764	97.901000
1.232682	7300.843778	98.001000
1.232665	7298.086907	98.101000
1.232722	7295.271703	98.201000
1.232720	7292.442337	98.301000
1.232712	7289.653971	98.401000
1.232696	7286.905043	98.501000
1.232800	7284.136867	98.601000
1.232749	7281.387174	98.701000
1.232756	7278.570951	98.801000
1.232711	7275.812422	98.901000
1.232687	7273.078506	99.001000
1.232627	7270.334488	99.101000
1.232580	7267.562221	99.201000
1.232530	7264.785006	99.301000
1.232510	7262.057162	99.401000
1.232569	7259.250258	99.501000
1.232452	7256.538887	99.601000
1.232474	7253.838296	99.701000
1.232337	7251.147217	99.801000
1.232397	7248.360226	99.901000
1.232350	7245.608661	100.001000
1.232374	7242.820711	100.101000
1.232329	7240.086705	100.201000
1.232333	7237.330860	100.301000
1.232337	7234.557936	100.401000
1.232375	7231.800441	100.501000
1.232370	7229.054968	100.601000
1.232341	7226.351366	100.701000
1.232363	7223.674766	100.801000
1.232345	7220.882643	100.901000
1.232359	7218.101524	101.001000
1.232360	7215.379298	101.101000
1.232406	7212.735938	101.201000
1.232372	7210.565963	101.301000
1.232372	7207.633679	101.401000
1.232203	7204.555366	101.501000
1.232229	7201.800865	101.601000
1.232188	7199.078163	101.701000
1.232177	7196.382517	101.801000
1.232147	7193.678977	101.901000
1.232202	7190.935007	102.001000
1.232254	7188.194269	102.101000
1.232287	7185.461237	102.201000
1.232215	7182.767735	102.301000
1.232130	7180.111113	102.401000
1.232151	7177.390830	102.501000
1.232082	7174.663309	102.601000
1.232142	7171.915546	102.701000
1.232124	7169.203132	102.801000
1.232184	7166.500591	102.901000
1.232218	7163.772376	103.001000
1.232256	7161.034883	103.101000
1.232264	7158.326467	103.201000
1.232243	7155.648350	103.301000
1.232244	7152.915483	103.401000
1.232211	7150.223544	103.501000
1.232245	7147.537912	103.601000
1.232134	7144.882610	103.701000
1.232252	7142.140823	103.801000
1.232234	7139.441101	103.901000
1.232191	7136.789942	104.001000
1.232068	7134.117625	104.101000
1.232055	7131.460208	104.201000
1.232037	7128.781073	104.301000
1.232012	7126.074276	104.401000
1.232000	7123.395553	104.501000
1.231956	7120.740323	104.601000
1.232058	7118.048694	104.701000
1.232088	7115.378927	104.801000
1.232106	7112.652652	104.901000
1.232102	7109.979974	105.001000
1.232141	7107.360842	105.101000
1.232133	7104.616405	105.201000
1.232173	7101.924294	105.301000
1.232234	7099.218420	105.401000
1.232272	7096.534257	105.501000
1.232392	7093.821909	105.601000
1.232342	7091.165551	105.701000
1.232369	7088.493718	105.801000
1.232262	7085.875385	105.901000
1.232303	7083.199026	106.001000
1.232308	7080.530345	106.101000
1.232235	7077.898268	106.201000
1.232193	7075.202704	106.301000
1.232180	7072.551782	106.401000
1.232270	7070.510080	106.501000
1.232211	7067.713062	106.601000
1.232220	7064.655088	106.701000
1.232023	7061.980792	106.801000
1.232034	7059.328759	106.901000
1.232059	7056.654634	107.001000
1.232064	7053.983200	107.101000
1.232065	7051.365662	107.201000
1.232067	7048.709983	107.301000
1.232123	7046.046162	107.401000
1.232165	7043.331537	107.501000
1.232178	7040.682289	107.601000
1.232061	7038.089552	107.701000
1.232135	7035.413277	107.801000
1.232143	7032.769289	107.901000
1.232193	7030.105382	108.001000
1.232193	7027.458627	108.101000
1.232296	7024.801620	108.201000
1.232345	7022.215305	108.301000
1.232333	7019.533320	108.401000
1.232298	7016.918571	108.501000
1.232247	7014.251831	108.601000
1.232323	7011.597913	108.701000
1.232270	7008.987322	108.801000
1.232283	7006.313281	108.901000
1.232257	7003.685830	109.001000
1.232273	7001.069256	109.101000
1.232294	6998.449180	109.201000
1.232303	6995.833278	109.301000
1.232229	6993.223466	109.401000
1.232125	6990.639485	109.501000
1.232172	6988.009724	109.601000
1.232121	6985.400646	109.701000
1.232163	6982.763605	109.801000
1.232129	6980.141136	109.901000
1.232144	6977.533445	110.001000
1.232193	6974.896134	110.101000
1.232238	6972.246670	110.201000
1.232207	6969.632314	110.301000
1.232203	6967.067937	110.401000
1.232275	6964.417213	110.501000
1.232244	6961.787604	110.601000
1.232301	6959.150671	110.701000
1.232275	6956.544690	110.801000
1.232296	6953.935870	110.901000
1.232345	6951.286310	111.001000
1.232335	6948.716863	111.101000
1.232331	6946.094570	111.201000
1.232274	6943.534819	111.301000
1.232311	6940.943181	111.401000
1.232243	6938.408300	111.501000
1.232228	6935.750454	111.601000
1.232188	6933.683730	111.701000
1.232114	6931.141283	111.801000
1.232226	6928.172861	111.901000
1.232222	6925.398816	112.001000
1.232214	6922.803513	112.101000
1.232172	6920.242449	112.201000
1.232246	6917.640380	112.301000
1.232221	6915.048991	112.401000
1.232246	6912.432705	112.501000
1.232272	6909.848997	112.601000
1.232272	6907.259863	112.701000
1.232397	6904.646581	112.801000
1.232369	6902.056893	112.901000
1.232445	6899.454148	113.001000
1.232404	6896.907040	113.101000
1.232380	6894.329793	113.201000
1.232355	6891.750896	113.301000
1.232372	6889.145921	113.401000
1.232328	6886.576143	113.501000
1.232314	6884.072119	113.601000
1.232433	6881.457239	113.701000
1.232381	6878.873143	113.801000
1.232332	6876.314548	113.901000
1.232240	6873.753682	114.001000
1.232150	6871.241165	114.101000
1.232141	6868.676451	114.201000
1.232068	6866.149093	114.301000
1.232068	6863.562656	114.401000
1.232074	6861.008517	114.501000
1.232072	6858.456128	114.601000
1.232035	6855.940741	114.701000
1.232032	6853.315323	114.801000
1.231980	6850.765864	114.901000
1.231918	6848.232532	115.001000
1.231972	6845.653988	115.101000
1.231968	6843.092863	115.201000
1.231998	6840.519732	115.301000
1.232007	6837.964749	115.401000
1.232072	6835.396507	115.501000
1.232097	6832.800318	115.601000
1.232115	6830.252004	115.701000
1.232122	6827.723497	115.801000
1.231968	6825.231525	115.901000
1.232013	6822.676101	116.001000
1.232019	6820.122013	116.101000
1.231977	6817.591932	116.201000
1.231994	6815.031640	116.301000
1.231957	6812.523426	116.401000
1.232022	6809.968612	116.501000
1.231983	6807.451768	116.601000
1.231938	6804.923607	116.701000
1.231902	6802.450398	116.801000
1.231897	6800.080859	116.901000
1.231842	6797.999994	117.001000
1.231771	6795.283712	117.101000
1.231812	6792.329916	117.201000
1.231749	6789.773019	117.301000
1.231892	6787.217842	117.401000
1.231896	6784.688545	117.501000
1.231896	6782.166032	117.601000
1.231923	6779.632857	117.701000
1.231878	6777.147259	117.801000
1.231961	6774.634572	117.902000
1.231963	6772.042524	118.001000
1.232063	6769.497227	118.101000
1.232071	6766.997601	118.201000
1.232162	6764.461606	118.301000
1.232227	6761.945142	118.401000
1.232279	6759.427027	118.501000
1.232179	6757.095917	118.601000
1.232101	6754.483980	118.701000
1.232124	6751.987924	118.801000
1.232078	6749.513425	118.901000
1.232046	6747.015127	119.001000
1.232036	6744.456523	119.101000
1.231949	6741.984673	119.201000
1.231999	6739.489612	119.301000
1.232009	6736.963215	119.402000
1.232026	6734.437479	119.501000
1.231989	6731.971742	119.601000
1.231988	6729.494350	119.701000
1.232004	6726.999071	119.801000
1.231923	6724.517141	119.901000
1.232040	6722.030202	120.001000
1.232023	6719.483766	120.101000
1.232105	6716.972070	120.201000
1.232121	6714.472565	120.301000
1.232127	6711.972560	120.401000
1.232136	6709.499552	120.501000
1.232098	6707.033785	120.601000
1.232174	6704.527365	120.701000
1.232157	6702.027624	120.801000
1.232124	6699.544300	120.901000
1.232181	6697.039082	121.001000
1.232145	6694.646574	121.101000
1.232253	6692.081469	121.201000
1.232223	6689.607052	121.301000
1.232150	6687.165759	121.401000
1.232100	6684.695689	121.501000
1.232012	6682.261965	121.601000
1.231973	6679.817392	121.701000
1.231935	6677.334425	121.801000
1.231893	6674.869817	121.901000
1.231872	6672.415631	122.001000
1.231905	6669.976814	122.101000
1.231970	6668.065057	122.201000
1.231951	6665.506801	122.301000
1.231966	6662.696435	122.401000
1.231887	6660.114157	122.501000
1.231898	6657.672048	122.601000
1.231914	6655.209417	122.701000
1.231943	6652.707216	122.801000
1.231902	6650.241806	122.901000
1.231905	6647.817105	123.001000
1.232019	6645.348718	123.101000
1.232089	6642.881906	123.201000
1.232094	6640.424291	123.301000
1.232112	6637.945561	123.401000
1.232042	6635.483683	123.501000
1.232070	6633.029208	123.601000
1.232089	6630.816380	123.701000
1.232112	6628.141745	123.801000
1.232081	6625.697507	123.901000
1.232004	6623.311534	124.001000
1.232051	6620.851259	124.101000
1.232100	6618.434708	124.201000
1.232049	6616.033150	124.301000
1.232029	6613.535652	124.401000
1.231961	6611.142685	124.501000
1.231914	6608.737477	124.601000
1.231836	6606.308009	124.701000
1.231904	6603.850512	124.801000
1.231904	6601.418651	124.901000
1.231941	6598.995828	125.001000
1.232027	6596.555105	125.101000
1.232024	6594.132100	125.201000
1.232018	6591.684008	125.301000
1.232026	6589.294398	125.401000
1.231990	6586.864663	125.501000
1.232018	6584.391577	125.601000
1.231928	6581.993512	125.701000
1.231977	6579.534825	125.801000
1.231943	6577.098751	125.901000
1.232001	6574.676545	126.001000
1.231977	6572.263841	126.101000
1.231977	6569.858362	126.201000
1.231940	6567.453453	126.301000
1.231895	6565.113184	126.401000
1.231898	6562.727960	126.501000
1.231914	6560.279467	126.601000
1.231843	6557.887396	126.701000
1.231835	6555.463654	126.802000
1.231760	6553.089773	126.901000
1.231838	6550.697765	127.001000
1.231825	6548.278963	127.101000
1.231818	6545.853432	127.201000
1.231703	6543.496889	127.301000
1.231672	6541.389402	127.401000
1.231699	6539.416839	127.501000
1.231757	6536.672661	127.601000
1.231747	6533.916742	127.701000
1.231837	6531.485859	127.801000
1.231778	6529.104686	127.901000
1.231888	6526.700267	128.001000
1.231930	6524.268276	128.101000
1.231990	6521.849649	128.201000
1.231960	6519.487919	128.301000
1.231843	6517.164025	128.401000
1.231896	6514.778869	128.501000
1.231914	6512.401023	128.601000
1.231883	6509.985339	128.701000
1.231937	6507.570778	128.801000
1.231880	6505.230919	128.901000
1.231952	6502.844098	129.001000
1.231873	6500.479219	129.101000
1.231875	6498.090119	129.201000
1.231811	6495.735946	129.301000
1.231704	6493.421450	129.401000
1.231673	6491.038545	129.501000
1.231640	6488.699353	129.601000
1.231640	6486.308041	129.701000
1.231640	6483.925191	129.801000
1.231614	6481.596723	129.901000
1.231633	6479.215447	130.001000
1.231650	6476.836769	130.101000
1.231679	6474.463462	130.201000
1.231759	6472.052647	130.301000
1.231671	6469.723576	130.401000
1.231716	6467.344626	130.501000
1.231724	6464.977738	130.601000
1.231751	6462.650303	130.701000
1.231777	6460.223875	130.801000
1.231793	6457.893301	130.901000
1.231899	6455.520657	131.001000
1.231910	6453.131608	131.101000
1.231887	6450.801511	131.201000
1.231902	6448.420753	131.301000
1.231774	6446.129032	131.401000
1.231762	6443.787216	131.501000
1.231729	6441.443835	131.601000
1.231691	6439.093950	131.701000
1.231619	6436.824511	131.801000
1.231580	6434.461527	131.901000
1.231645	6432.098929	132.001000
1.231679	6429.733788	132.101000
1.231600	6427.417101	132.201000
1.231580	6425.061708	132.301000
1.231520	6422.767645	132.401000
1.231575	6420.444515	132.501000
1.231544	6418.079465	132.601000
1.231502	6416.283798	132.701000
1.231540	6413.935096	132.801000
1.231536	6411.310135	132.901000
1.231662	6408.731557	133.001000
1.231705	6406.355611	133.101000
1.231680	6404.025945	133.201000
1.231671	6401.682871	133.301000
1.231619	6399.388189	133.401000
1.231671	6397.087909	133.501000
1.231683	6394.711517	133.601000
1.231614	6392.406754	133.701000
1.231638	6390.074173	133.801000
1.231606	6387.807716	133.902000
1.231611	6385.440585	134.001000
1.231636	6383.127628	134.101000
1.231632	6380.814751	134.201000
1.231600	6378.500988	134.301000
1.231523	6376.220818	134.401000
1.231473	6373.974125	134.501000
1.231500	6371.648895	134.601000
1.231398	6369.372582	134.701000
1.231454	6367.019810	134.801000
1.231462	6364.689659	134.901000
1.231432	6362.459994	135.001000
1.231472	6360.111971	135.101000
1.231513	6357.775191	135.201000
1.231554	6355.450828	135.301000
1.231523	6353.158219	135.401000
1.231518	6350.877753	135.501000
1.231559	6348.559064	135.601000
1.231564	6346.234081	135.701000
1.231612	6343.924984	135.801000
1.231706	6341.579105	135.901000
1.231673	6339.312888	136.001000
1.231811	6337.038374	136.101000
1.231809	6334.681657	136.201000
1.231851	6332.366427	136.301000
1.231837	6330.082963	136.401000
1.231715	6327.863785	136.501000
1.231713	6325.585638	136.601000
1.231705	6323.274896	136.701000
1.231694	6320.992930	136.801000
1.231703	6318.681749	136.901000
1.231634	6316.429417	137.001000
1.231647	6314.181740	137.101000
1.231629	6311.902044	137.201000
1.231614	6309.595014	137.301000
1.231626	6307.326962	137.401000
1.231568	6305.047296	137.501000
1.231520	6302.803931	137.601000
1.231489	6300.533609	137.701000
1.231472	6298.249039	137.801000
1.231520	6296.251511	137.901000
1.231555	6294.192049	138.001000
1.231556	6291.800481	138.101000
1.231681	6289.126622	138.201000
1.231672	6286.812933	138.301000
1.231708	6284.525942	138.401000
1.231729	6282.234406	138.501000
1.231625	6279.994855	138.601000
1.231621	6277.745601	138.701000
1.231635	6275.484588	138.801000
1.231661	6273.197439	138.901000
1.231668	6270.923630	139.001000
1.231658	6268.695276	139.101000
1.231741	6266.444311	139.201000
1.231721	6264.217044	139.301000
1.231663	6261.920425	139.401000
1.231634	6259.678694	139.501000
1.231601	6257.398618	139.601000
1.231621	6255.117050	139.701000
1.231571	6252.864931	139.801000
1.231568	6250.596059	139.901000
1.231557	6248.327031	140.001000
1.231565	6246.101786	140.101000
1.231574	6243.854062	140.201000
1.231644	6241.597741	140.301000
1.231685	6239.365668	140.401000
1.231672	6237.086402	140.501000
1.231696	6234.804156	140.601000
1.231687	6232.582456	140.701000
1.231706	6230.339833	140.801000
1.231697	6228.079790	140.901000
1.231677	6225.829963	141.001000
1.231741	6223.589065	141.101000
1.231693	6221.344532	141.201000
1.231779	6219.077791	141.301000
1.231796	6216.834986	141.401000
1.231703	6214.633188	141.501000
1.231698	6212.353645	141.601000
1.231655	6210.151680	141.701000
1.231595	6207.964339	141.801000
1.231594	6205.745485	141.901000
1.231504	6203.538989	142.001000
1.231532	6201.297151	142.101000
1.231513	6199.056073	142.201000
1.231474	6196.847414	142.301000
1.231455	6194.636130	142.401000
1.231475	6192.463023	142.501000
1.231455	6190.214718	142.601000
1.231453	6188.003000	142.701000
1.231388	6185.827907	142.801000
1.231451	6183.600461	142.901000
1.231436	6181.356898	143.001000
1.231391	6179.180329	143.101000
1.231435	6177.610268	143.201000
1.231461	6175.149350	143.301000
1.231533	6172.508352	143.401000
1.231561	6170.237560	143.501000
1.231585	6168.059989	143.601000
1.231585	6165.792859	143.701000
1.231567	6163.591225	143.801000
1.231541	6161.414454	143.901000
1.231569	6159.201039	144.001000
1.231547	6157.005683	144.101000
1.231507	6154.810873	144.201000
1.231545	6152.578171	144.301000
1.231477	6150.399876	144.401000
1.231579	6148.191197	144.501000
1.231526	6145.980667	144.601000
1.231454	6143.860061	144.701000
1.231460	6142.010445	144.801000
1.231386	6140.152590	144.901000
1.231297	6137.306442	145.001000
1.231293	6135.095569	145.101000
1.231269	6132.917460	145.201000
1.231241	6130.702458	145.301000
1.231275	6128.501263	145.401000
1.231315	6126.330458	145.501000
1.231393	6124.100146	145.601000
1.231389	6121.915724	145.701000
1.231379	6119.744855	145.801000
1.231387	6117.530887	145.901000
1.231353	6115.359697	146.001000
1.231416	6113.171979	146.101000
1.231398	6111.009877	146.201000
1.231385	6108.819985	146.301000
1.231418	6106.611309	146.401000
1.231427	6104.425712	146.501000
1.231383	6102.275744	146.601000
1.231410	6100.057181	146.701000
1.231361	6097.923406	146.801000
1.231342	6095.745836	146.901000
1.231348	6093.549316	147.001000
1.231242	6091.402624	147.101000
1.231240	6089.256314	147.201000
1.231203	6087.112911	147.301000
1.231158	6084.958470	147.401000
1.231125	6082.783951	147.501000
1.231094	6080.628283	147.601000
1.231080	6078.490921	147.701000
1.231175	6076.286728	147.801000
1.231190	6074.162940	147.901000
1.231159	6071.975541	148.001000
1.231198	6069.790488	148.101000
1.231159	6067.628085	148.201000
1.231227	6065.471915	148.301000
1.231189	6063.896660	148.401000
1.231228	6061.662416	148.501000
1.231270	6059.113014	148.601000
1.231310	6056.811477	148.701000
1.231307	6054.688369	148.801000
1.231392	6052.525081	148.901000
1.231449	6050.369824	149.001000
1.231401	6048.198888	149.101000
1.231381	6046.059784	149.201000
1.231323	6043.975763	149.301000
1.231374	6041.826972	149.401000
1.231306	6039.702989	149.501000
1.231189	6037.582687	149.601000
1.231256	6035.421454	149.701000
1.231240	6033.287354	149.801000
1.231191	6031.181716	149.901000
1.231264	6029.081433	150.001000
1.231254	6026.919069	150.101000
1.231203	6024.782778	150.201000
1.231177	6022.631760	150.301000
1.231162	6020.524566	150.401000
1.231176	6018.395519	150.501000
1.231153	6016.241678	150.601000
1.231068	6014.129490	150.701000
1.231135	6012.002238	150.801000
1.231168	6009.854537	150.901000
1.231036	6007.820414	151.001000
1.231079	6005.739544	151.101000
1.231097	6003.557419	151.201000
1.231140	6001.410135	151.301000
1.231106	5999.299592	151.401000
1.231123	5997.186146	151.501000
1.231087	5995.118516	151.601000
1.231098	5992.997166	151.701000
1.231009	5990.881424	151.801000
1.231045	5988.778882	151.901000
1.231065	5986.639140	152.001000
1.231012	5984.559999	152.101000
1.231065	5982.478489	152.201000
1.231051	5980.345500	152.301000
1.231049	5978.237846	152.401000
1.231020	5976.116417	152.501000
1.230983	5974.031022	152.601000
1.230946	5971.969252	152.701000
1.230935	5969.871073	152.801000
1.230924	5967.747923	152.901000
1.230907	5965.671716	153.001000
1.230972	5963.544821	153.101000
1.230972	5961.459809	153.201000
1.231074	5959.357473	153.301000
1.231060	5957.245240	153.401000
1.231078	5955.129279	153.501000
1.231172	5953.502532	153.601000
1.231196	5951.445502	153.701000
1.231130	5949.068436	153.801000
1.231111	5946.801308	153.901000
1.231135	5944.676186	154.001000
1.231122	5942.593623	154.101000
1.231134	5940.488414	154.201000
1.231165	5938.444221	154.301000
1.231137	5936.362652	154.401000
1.231194	5934.289252	154.501000
1.231178	5932.202638	154.601000
1.231181	5930.098547	154.701000
1.231118	5928.040305	154.801000
1.231028	5925.990368	154.901000
1.230976	5923.965141	155.001000
1.230931	5921.899276	155.101000
1.230914	5919.817341	155.201000
1.230941	5917.729250	155.301000
1.230901	5915.727108	155.401000
1.230865	5913.617762	155.501000
1.230977	5911.551951	155.601000
1.231019	5909.428177	155.701000
1.230997	5907.353238	155.801000
1.231053	5905.269344	155.901000
1.231030	5903.187849	156.001000
1.230974	5901.174703	156.101000
1.231018	5899.105523	156.201000
1.231045	5897.024337	156.301000
1.231074	5894.971903	156.401000
1.231111	5892.934115	156.501000
1.231103	5890.832966	156.601000
1.231058	5888.814630	156.701000
1.231115	5886.725951	156.801000
1.231118	5884.660263	156.901000
1.231054	5882.627250	157.001000
1.231017	5880.571124	157.101000
1.231000	5878.530696	157.201000
1.231065	5876.467705	157.301000
1.231027	5874.434633	157.401000
1.230972	5872.399907	157.501000
1.231000	5870.333464	157.601000
1.230951	5868.300839	157.701000
1.230886	5866.280415	157.801000
1.230969	5864.220154	157.901000
1.231053	5862.114687	158.001000
1.231039	5860.072025	158.101000
1.231034	5858.046056	158.201000
1.231032	5855.974975	158.301000
1.230940	5853.989465	158.401000
1.230949	5851.927299	158.501000
1.230936	5849.907283	158.601000
1.230963	5847.825012	158.701000
1.230933	5845.965044	158.801000
1.230949	5844.400641	158.901000
1.230938	5842.068810	159.001000
1.231013	5839.670023	159.101000
1.231049	5837.596809	159.201000
1.230987	5835.596607	159.301000
1.230988	5833.572787	159.401000
1.230942	5831.563626	159.501000
1.230873	5829.572053	159.601000
1.230872	5827.579333	159.701000
1.230873	5825.507025	159.801000
1.230792	5823.516335	159.901000
1.230761	5821.475933	160.001000
1.230779	5819.474351	160.101000
1.230824	5817.439212	160.201000
1.230791	5815.435518	160.301000
1.230753	5813.422069	160.401000
1.230811	5811.406292	160.501000
1.230753	5809.405443	160.601000
1.230697	5807.405460	160.701000
1.230735	5805.472001	160.801000
1.230763	5803.364947	160.901000
1.230765	5801.339794	161.001000
1.230799	5799.309841	161.101000
1.230849	5797.261715	161.201000
1.230882	5795.235579	161.301000
1.230982	5793.211652	161.401000
1.230965	5791.197672	161.501000
1.230940	5789.184669	161.601000
1.231017	5787.138248	161.701000
1.230961	5785.188118	161.801000
1.230902	5783.216156	161.901000
1.230900	5781.201064	162.001000
1.230878	5779.183888	162.101000
1.230769	5777.188103	162.201000
1.230718	5775.162659	162.301000
1.230751	5773.135781	162.401000
1.230666	5771.187959	162.501000
1.230683	5769.179833	162.601000
1.230702	5767.170568	162.701000
1.230685	5765.175950	162.801000
1.230674	5763.211294	162.901000
1.230658	5761.171420	163.001000
1.230579	5759.232818	163.101000
1.230577	5757.239096	163.201000
1.230598	5755.214940	163.301000
1.230556	5753.235610	163.401000
1.230593	5751.211992	163.501000
1.230648	5749.171760	163.601000
1.230622	5747.229999	163.701000
1.230690	5745.208728	163.801000
1.230772	5743.198982	163.901000
1.230828	5741.408648	164.001000
1.230835	5739.817248	164.101000
1.230788	5737.628929	164.201000
1.230739	5735.275310	164.301000
1.230743	5733.282303	164.401000
1.230723	5731.318688	164.501000
1.230706	5729.327056	164.601000
1.230681	5727.346807	164.701000
1.230653	5725.385097	164.801000
1.230571	5723.450948	164.901000
1.230557	5721.477418	165.001000
1.230627	5719.466391	165.101000
1.230552	5717.497140	165.201000
1.230479	5715.539176	165.301000
1.230502	5713.550116	165.401000
1.230440	5711.636469	165.501000
1.230421	5709.666285	165.601000
1.230425	5707.674051	165.701000
1.230422	5705.691546	165.801000
1.230452	5703.706905	165.901000
1.230482	5701.730985	166.001000
1.230496	5699.832894	166.101000
1.230581	5697.790887	166.201000
1.230686	5695.761008	166.301000
1.230651	5693.820128	166.401000
1.230612	5691.857322	166.501000
1.230649	5689.873930	166.601000
1.230644	5687.945303	166.701000
1.230679	5685.957654	166.801000
1.230616	5684.003619	166.901000
1.230574	5682.043025	167.001000
1.230609	5680.057875	167.101000
1.230607	5678.156063	167.201000
1.230572	5676.210017	167.301000
1.230608	5674.251746	167.401000
1.230614	5672.270824	167.501000
1.230546	5670.352894	167.601000
1.230575	5668.400755	167.701000
1.230550	5666.427397	167.801000
1.230464	5664.548297	167.901000
1.230465	5662.609356	168.001000
1.230437	5660.677394	168.101000
1.230476	5658.696816	168.201000
1.230488	5656.792572	168.301000
1.230526	5654.789676	168.401000
1.230511	5652.881271	168.501000
1.230610	5650.929755	168.601000
1.230641	5648.949195	168.701000
1.230628	5647.012787	168.801000
1.230667	5645.065737	168.901000
1.230650	5643.115674	169.001000
1.230568	5641.226256	169.101000
1.230562	5639.390862	169.201000
1.230565	5638.041319	169.301000
1.230570	5635.919382	169.401000
1.230547	5633.563836	169.501000
1.230561	5631.569107	169.601000
1.230505	5629.674133	169.701000
1.230559	5627.750975	169.801000
1.230544	5625.806952	169.901000
1.230509	5623.867386	170.001000
1.230551	5621.954519	170.101000
1.230434	5620.050301	170.201000
1.230357	5618.146474	170.301000
1.230365	5616.327547	170.401000
1.230351	5614.373970	170.501000
1.230362	5612.424746	170.601000
1.230316	5610.524657	170.701000
1.230310	5608.585762	170.801000
1.230367	5606.644104	170.901000
1.230486	5604.714533	171.001000
1.230504	5602.810825	171.101000
1.230568	5600.869391	171.201000
1.230586	5598.963786	171.301000
1.230634	5597.013448	171.401000
1.230703	5595.145155	171.501000
1.230732	5593.196445	171.601000
1.230720	5591.274302	171.701000
1.230731	5589.364065	171.801000
1.230684	5587.492124	171.901000
1.230683	5585.558866	172.001000
1.230725	5583.642216	172.101000
1.230692	5581.768389	172.201000
1.230733	5579.854399	172.301000
1.230688	5577.977335	172.401000
1.230675	5576.078258	172.501000
1.230700	5574.218727	172.601000
1.230639	5572.293345	172.701000
1.230557	5570.442282	172.801000
1.230504	5568.589685	172.901000
1.230451	5566.699219	173.001000
1.230406	5564.780319	173.101000
1.230442	5562.884849	173.201000
1.230485	5560.960997	173.301000
1.230466	5559.060067	173.401000
1.230481	5557.186613	173.501000
1.230509	5555.324553	173.601000
1.230603	5553.398498	173.701000
1.230638	5551.447280	173.801000
1.230617	5549.553814	173.901000
1.230612	5547.683902	174.001000
1.230601	5545.837284	174.101000
1.230646	5543.940019	174.201000
1.230610	5542.064921	174.301000
1.230579	5540.180964	174.401000
1.230629	5538.843303	174.501000
1.230602	5536.919523	174.601000
1.230535	5534.774901	174.701000
1.230567	5532.710839	174.801000
1.230577	5530.805030	174.901000
1.230594	5528.905662	175.001000
1.230511	5527.072244	175.101000
1.230488	5525.200719	175.201000
1.230471	5523.333082	175.301000
1.230473	5521.513854	175.401000
1.230453	5519.669465	175.501000
1.230404	5517.785495	175.601000
1.230429	5515.898125	175.701000
1.230446	5514.055991	175.801000
1.230459	5512.116975	175.901000
1.230443	5510.280392	176.001000
1.230516	5508.385742	176.101000
1.230585	5506.492814	176.201000
1.230562	5504.638970	176.301000
1.230573	5502.770308	176.401000
1.230621	5500.919282	176.501000
1.230650	5499.025633	176.601000
1.230742	5497.114325	176.701000
1.230684	5495.286505	176.801000
1.230652	5493.430575	176.901000
1.230731	5491.500679	177.001000
1.230688	5489.656461	177.101000
1.230613	5487.823992	177.201000
1.230645	5485.994822	177.301000
1.230654	5484.134420	177.401000
1.230648	5482.259242	177.501000
1.230623	5480.439827	177.601000
1.230583	5478.608081	177.701000
1.230515	5476.762397	177.801000
1.230430	5475.004318	177.901000
1.230463	5473.112127	178.001000
1.230440	5471.249584	178.101000
1.230430	5469.394246	178.201000
1.230426	5467.533133	178.301000
1.230437	5465.684393	178.401000
1.230440	5463.834432	178.501000
1.230571	5461.985868	178.601000
1.230595	5460.124162	178.701000
1.230639	5458.226382	178.801000
1.230620	5456.423717	178.901000
1.230643	5454.637272	179.001000
1.230655	5452.714016	179.101000
1.230576	5450.939771	179.201000
1.230628	5449.066716	179.301000
1.230633	5447.222248	179.401000
1.230587	5445.414701	179.501000
1.230567	5443.579141	179.601000
1.230593	5442.015284	179.701000
1.230591	5440.457776	179.801000
1.230582	5438.469335	179.901000
1.230538	5436.292657	180.001000
1.230476	5434.493259	180.101000
1.230525	5432.612496	180.201000
1.230479	5430.787438	180.301000
1.230425	5428.958606	180.401000
1.230330	5427.226091	180.501000
1.230285	5425.385442	180.601000
1.230363	5423.514230	180.701000
1.230317	5421.718194	180.801000
1.230335	5419.864237	180.901000
1.230424	5418.009590	181.001000
1.230417	5416.240133	181.101000
1.230529	5414.384647	181.201000
1.230561	5412.547743	181.301000
1.230590	5410.697069	181.401000
1.230632	5408.872688	181.501000
1.230591	5407.072400	181.601000
1.230543	5405.264522	181.701000
1.230513	5403.482467	181.801000
1.230523	5401.660104	181.901000
1.230561	5399.814857	182.001000
1.230474	5398.030201	182.101000
1.230448	5396.275896	182.201000
1.230478	5394.405076	182.301000
1.230434	5392.618476	182.401000
1.230502	5390.802189	182.501000
1.230456	5388.994203	182.601000
1.230451	5387.180826	182.701000
1.230467	5385.367528	182.801000
1.230388	5383.574404	182.901000
1.230433	5381.752270	183.001000
1.230350	5380.027420	183.101000
1.230358	5378.238562	183.201000
1.230342	5376.437643	183.301000
1.230302	5374.604219	183.401000
1.230376	5372.770511	183.501000
1.230389	5370.934455	183.601000
1.230390	5369.125692	183.701000
1.230488	5367.319225	183.801000
1.230457	5365.542471	183.901000
1.230520	5363.722374	184.001000
1.230548	5361.909150	184.101000
1.230527	5360.098445	184.201000
1.230538	5358.350088	184.301000
1.230459	5356.593537	184.401000
1.230459	5354.789745	184.501000
1.230368	5353.044290	184.601000
1.230323	5351.252553	184.701000
1.230340	5349.450713	184.801000
1.230256	5347.672217	184.902000
1.230218	5346.502895	185.001000
1.230185	5344.655520	185.101000
1.230143	5342.479138	185.201000
1.230178	5340.532894	185.301000
1.230153	5338.812397	185.401000
1.230079	5337.028445	185.501000
1.230135	5335.175209	185.601000
1.230135	5333.409693	185.701000
1.230194	5331.618095	185.801000
1.230135	5329.851938	185.901000
1.230120	5328.080604	186.001000
