-7.000000E+01,-5.946121E-10,+9.910000E+37,+5.561035E+02,+2.150800E+04,
-6.950000E+01,-8.042998E-10,+9.910000E+37,+5.571816E+02,+2.150800E+04,
-6.900000E+01,-1.091188E-09,+9.910000E+37,+5.582393E+02,+2.150800E+04,
-6.850000E+01,-4.029491E-10,+9.910000E+37,+5.593008E+02,+2.150800E+04,
-6.800000E+01,+2.022089E-10,+9.910000E+37,+5.603574E+02,+2.150800E+04,
-6.750000E+01,-3.673027E-10,+9.910000E+37,+5.614336E+02,+2.150800E+04,
-6.700000E+01,+4.504949E-10,+9.910000E+37,+5.625127E+02,+2.150800E+04,
-6.650000E+01,-2.169919E-10,+9.910000E+37,+5.635713E+02,+2.150800E+04,
-6.600000E+01,+2.599136E-10,+9.910000E+37,+5.646318E+02,+2.150800E+04,
-6.550000E+01,-3.261022E-10,+9.910000E+37,+5.657129E+02,+2.150800E+04,
-6.500000E+01,+1.093373E-09,+9.910000E+37,+5.667725E+02,+2.150800E+04,
-6.450000E+01,-1.584731E-10,+9.910000E+37,+5.678330E+02,+2.150800E+04,
-6.400000E+01,-7.385072E-11,+9.910000E+37,+5.688926E+02,+2.150800E+04,
-6.350000E+01,-2.235051E-10,+9.910000E+37,+5.699521E+02,+2.150800E+04,
-6.300000E+01,-6.047069E-11,+9.910000E+37,+5.710098E+02,+2.150800E+04,
-6.250000E+01,+4.632674E-10,+9.910000E+37,+5.720732E+02,+2.150800E+04,
-6.200000E+01,-2.859114E-10,+9.910000E+37,+5.731318E+02,+2.150800E+04,
-6.150000E+01,-1.801560E-12,+9.910000E+37,+5.741943E+02,+2.150800E+04,
-6.100000E+01,+4.372676E-10,+9.910000E+37,+5.752529E+02,+2.150800E+04,
-6.050000E+01,-1.049024E-10,+9.910000E+37,+5.763145E+02,+2.150800E+04,
-6.000000E+01,-1.044292E-12,+9.910000E+37,+5.773936E+02,+2.150800E+04,
-5.950000E+01,+1.136991E-09,+9.910000E+37,+5.784541E+02,+2.150800E+04,
-5.900000E+01,-1.056598E-10,+9.910000E+37,+5.795117E+02,+2.150800E+04,
-5.850000E+01,-2.077013E-10,+9.910000E+37,+5.805713E+02,+2.150800E+04,
-5.800000E+01,-4.801488E-10,+9.910000E+37,+5.816504E+02,+2.150800E+04,
-5.750000E+01,-2.341080E-10,+9.910000E+37,+5.827109E+02,+2.150800E+04,
-5.700000E+01,-8.687723E-11,+9.910000E+37,+5.837949E+02,+2.150800E+04,
-5.650000E+01,-8.707920E-11,+9.910000E+37,+5.848564E+02,+2.150800E+04,
-5.600000E+01,-1.783662E-10,+9.910000E+37,+5.859160E+02,+2.150800E+04,
-5.550000E+01,-1.587759E-10,+9.910000E+37,+5.869766E+02,+2.150800E+04,
-5.500000E+01,-9.838908E-11,+9.910000E+37,+5.880361E+02,+2.150800E+04,
-5.450000E+01,-2.104484E-12,+9.910000E+37,+5.891104E+02,+2.150800E+04,
-5.400000E+01,-8.978570E-10,+9.910000E+37,+5.901709E+02,+2.150800E+04,
-5.350000E+01,-8.718013E-11,+9.910000E+37,+5.912314E+02,+2.150800E+04,
-5.300000E+01,-2.310278E-10,+9.910000E+37,+5.922949E+02,+2.150800E+04,
-5.250000E+01,-1.074269E-10,+9.910000E+37,+5.933555E+02,+2.150800E+04,
-5.200000E+01,-8.551390E-11,+9.910000E+37,+5.944141E+02,+2.150800E+04,
-5.150000E+01,+4.449321E-11,+9.910000E+37,+5.954766E+02,+2.150800E+04,
-5.100000E+01,-3.249882E-11,+9.910000E+37,+5.965381E+02,+2.150800E+04,
-5.050000E+01,-3.487189E-11,+9.910000E+37,+5.975957E+02,+2.150800E+04,
-5.000000E+01,-3.566482E-10,+9.910000E+37,+5.986553E+02,+2.150800E+04,
-4.950000E+01,+2.732829E-11,+9.910000E+37,+5.997139E+02,+2.150800E+04,
-4.900000E+01,-7.964211E-10,+9.910000E+37,+6.007773E+02,+2.150800E+04,
-4.850000E+01,-9.020939E-12,+9.910000E+37,+6.018379E+02,+2.150800E+04,
-4.800000E+01,-8.314150E-12,+9.910000E+37,+6.028984E+02,+2.150800E+04,
-4.750000E+01,-3.507384E-11,+9.910000E+37,+6.039727E+02,+2.150800E+04,
-4.700000E+01,-1.952299E-10,+9.910000E+37,+6.050537E+02,+2.150800E+04,
-4.650000E+01,-3.921429E-10,+9.910000E+37,+6.061113E+02,+2.150800E+04,
-4.600000E+01,-8.404964E-11,+9.910000E+37,+6.071719E+02,+2.150800E+04,
-4.550000E+01,-6.228846E-10,+9.910000E+37,+6.082305E+02,+2.150800E+04,
-4.500000E+01,-2.643995E-11,+9.910000E+37,+6.092910E+02,+2.150800E+04,
-4.450000E+01,+1.707981E-11,+9.910000E+37,+6.103711E+02,+2.150800E+04,
-4.400000E+01,+2.997453E-10,+9.910000E+37,+6.114316E+02,+2.150800E+04,
-4.350000E+01,-5.390678E-11,+9.910000E+37,+6.124893E+02,+2.150800E+04,
-4.300000E+01,-4.315232E-11,+9.910000E+37,+6.135488E+02,+2.150800E+04,
-4.250000E+01,-1.817488E-10,+9.910000E+37,+6.146084E+02,+2.150800E+04,
-4.200000E+01,-4.077925E-11,+9.910000E+37,+6.156660E+02,+2.150800E+04,
-4.150000E+01,-5.737569E-10,+9.910000E+37,+6.167295E+02,+2.150800E+04,
-4.100000E+01,+2.036130E-11,+9.91000


























































































































current through plasma (-mA) <tab> voltage across plasma (-V) <tab> time (sec)
1.782891	5132.119177	0.001000
1.786320	5128.949090	0.101000
1.786332	5127.385770	0.201000
1.786354	5125.794892	0.301000
1.786380	5124.149050	0.401000
1.786348	5122.558640	0.501000
1.786469	5120.915326	0.601000
1.786438	5119.302783	0.701000
1.786494	5117.657157	0.801000
1.786478	5115.995721	0.901000
1.786446	5114.371144	1.001000
1.786425	5112.677662	1.101000
1.786421	5111.015552	1.201000
1.786442	5109.358274	1.301000
1.786341	5107.777545	1.401000
1.786310	5106.101814	1.501000
1.786286	5104.401708	1.601000
1.786316	5102.739915	1.701000
1.786284	5101.075657	1.801000
1.786247	5099.411192	1.901000
1.786266	5097.770822	2.001000
1.786217	5096.132993	2.101000
1.786242	5094.484019	2.201000
1.786292	5092.766524	2.301000
1.786291	5091.115563	2.401000
1.786226	5089.512673	2.501000
1.786320	5087.782030	2.601000
1.786418	5086.057021	2.701000
1.786440	5084.408567	2.801000
1.786420	5082.737478	2.901000
1.786381	5081.080753	3.001000
1.786444	5079.395496	3.101000
1.786437	5077.742291	3.201000
1.786465	5076.067554	3.301000
1.786432	5074.433429	3.401000
1.786452	5072.817771	3.501000
1.786403	5071.243503	3.601000
1.786398	5069.531025	3.701000
1.786429	5067.881855	3.801000
1.786429	5066.227248	3.901000
1.786387	5064.603240	4.001000
1.786312	5063.631843	4.101000
1.786314	5061.780506	4.201000
1.786250	5059.699127	4.301000
1.786271	5057.997316	4.401000
1.786275	5056.301427	4.501000
1.786217	5054.685301	4.601000
1.786220	5053.062109	4.701000
1.786255	5051.375033	4.801000
1.786372	5049.705653	4.901000
1.786351	5048.091088	5.001000
1.786354	5046.440204	5.101000
1.786354	5044.780766	5.201000
1.786425	5043.122360	5.301000
1.786464	5041.446323	5.401000
1.786450	5039.801911	5.501000
1.786489	5038.166304	5.601000
1.786407	5036.619817	5.701000
1.786446	5034.926882	5.801000
1.786461	5033.253499	5.901000
1.786497	5031.598602	6.001000
1.786433	5030.043524	6.101000
1.786403	5028.382982	6.201000
1.786408	5026.760222	6.301000
1.786387	5025.158780	6.401000
1.786365	5023.518689	6.501000
1.786272	5021.900062	6.601000
1.786308	5020.276786	6.701000
1.786232	5018.715080	6.801000
1.786261	5017.002715	6.901000
1.786304	5015.365906	7.001000
1.786305	5013.774161	7.101000
1.786248	5012.149255	7.201000
1.786238	5010.510940	7.301000
1.786297	5008.844170	7.401000
1.786271	5007.235880	7.501000
1.786337	5005.593344	7.601000
1.786345	5003.976456	7.701000
1.786424	5002.355294	7.801000
1.786374	5000.833108	7.901000
1.786403	4999.136794	8.001000
1.786394	4997.527706	8.101000
1.786455	4995.887304	8.201000
1.786430	4994.257774	8.301000
1.786397	4992.652247	8.401000
1.786398	4991.048801	8.501000
1.786376	4989.464311	8.601000
1.786398	4987.846427	8.701000
1.786369	4986.221306	8.801000
1.786383	4984.634833	8.901000
1.786273	4983.079304	9.001000
1.786333	4981.450886	9.101000
1.786324	4979.827760	9.201000
1.786371	4978.712129	9.301000
1.786264	4977.283343	9.401000
1.786279	4975.329290	9.501000
1.786290	4973.475096	9.601000
1.786290	4971.874996	9.702000
1.786320	4970.274474	9.801000
1.786335	4968.660263	9.901000
1.786441	4967.075704	10.001000
1.786372	4965.490151	10.101000
1.786416	4963.833820	10.201000
1.786414	4962.222787	10.301000
1.786486	4960.605794	10.401000
1.786514	4958.989684	10.501000
1.786530	4957.395509	10.601000
1.786526	4955.800628	10.701000
1.786541	4954.226904	10.801000
1.786518	4952.659668	10.901000
1.786518	4951.075027	11.001000
1.786530	4949.526423	11.101000
1.786465	4947.895046	11.201000
1.786507	4946.331522	11.301000
1.786511	4944.703396	11.401000
1.786562	4943.110100	11.501000
1.786461	4941.566011	11.601000
1.786426	4940.002777	11.701000
1.786369	4938.438658	11.801000
1.786416	4936.846373	11.901000
1.786409	4935.252755	12.001000
1.786410	4933.698546	12.101000
1.786365	4932.150602	12.201000
1.786304	4930.546784	12.301000
1.786282	4928.977075	12.401000
1.786317	4927.369728	12.501000
1.786369	4925.769496	12.601000
1.786271	4924.213942	12.701000
1.786311	4922.640444	12.801000
1.786378	4921.026259	12.901000
1.786453	4919.449292	13.001000
1.786414	4917.880249	13.101000
1.786383	4916.328201	13.201000
1.786351	4914.745124	13.301000
1.786417	4913.144053	13.401000
1.786437	4911.554039	13.501000
1.786431	4909.977101	13.601000
1.786416	4908.436820	13.701000
1.786410	4906.901817	13.801000
1.786335	4905.375556	13.901000
1.786371	4903.806643	14.001000
1.786396	4902.235881	14.101000
1.786337	4900.684699	14.201000
1.786302	4899.178971	14.301000
1.786273	4897.565705	14.401000
1.786338	4896.349264	14.501000
1.786309	4895.067121	14.601000
1.786279	4893.138146	14.701000
1.786214	4891.347703	14.801000
1.786240	4889.785915	14.901000
1.786234	4888.211099	15.001000
1.786256	4886.638054	15.101000
1.786269	4885.086787	15.201000
1.786370	4883.545340	15.301000
1.786328	4882.060441	15.401000
1.786298	4880.460499	15.501000
1.786332	4878.901117	15.601000
1.786391	4877.329036	15.701000
1.786419	4875.750504	15.801000
1.786366	4874.192936	15.901000
1.786395	4872.643781	16.001000
1.786393	4871.112836	16.101000
1.786417	4869.555009	16.201000
1.786449	4867.995860	16.301000
1.786474	4866.467415	16.401000
1.786425	4864.945501	16.501000
1.786404	4863.383515	16.601000
1.786387	4861.843281	16.701000
1.786497	4860.299071	16.801000
1.786387	4858.837354	16.901000
1.786377	4857.298975	17.001000
1.786296	4855.788796	17.101000
1.786311	4854.225403	17.201000
1.786299	4852.670729	17.301000
1.786278	4851.135904	17.401000
1.786239	4849.673834	17.501000
1.786265	4848.094809	17.601000
1.786213	4846.578627	17.701000
1.786293	4845.023438	17.801000
1.786382	4843.433866	17.901000
1.786394	4841.893558	18.001000
1.786378	4840.416439	18.101000
1.786395	4838.840672	18.201000
1.786480	4837.279049	18.301000
1.786510	4835.788338	18.401000
1.786541	4834.265879	18.501000
1.786516	4832.763639	18.601000
1.786529	4831.198191	18.701000
1.786537	4829.672556	18.801000
1.786536	4828.117783	18.901000
1.786479	4826.614238	19.001000
1.786509	4825.126349	19.101000
1.786436	4823.620423	19.201000
1.786417	4822.106856	19.301000
1.786379	4820.590786	19.401000
1.786429	4819.034257	19.501000
1.786358	4817.599903	19.601000
1.786341	4816.135292	19.701000
1.786325	4815.258648	19.801000
1.786372	4813.510086	19.901000
1.786367	4811.578193	20.001000
1.786387	4810.025371	20.101000
1.786331	4808.505811	20.201000
1.786365	4806.992368	20.301000
1.786343	4805.474341	20.401000
1.786338	4803.932549	20.501000
1.786324	4802.408717	20.601000
1.786379	4800.933260	20.701000
1.786301	4799.400288	20.801000
1.786340	4797.873153	20.901000
1.786395	4796.322964	21.001000
1.786429	4794.808798	21.101000
1.786403	4793.278093	21.201000
1.786470	4791.793809	21.301000
1.786496	4790.250851	21.401000
1.786537	4788.754658	21.501000
1.786421	4787.322372	21.601000
1.786456	4785.816208	21.701000
1.786471	4784.352850	21.801000
1.786400	4782.822444	21.901000
1.786308	4781.353445	22.001000
1.786350	4779.850917	22.101000
1.786397	4778.311558	22.201000
1.786397	4776.835484	22.301000
1.786307	4775.364677	22.401000
1.786274	4773.867280	22.501000
1.786281	4772.381050	22.601000
1.786343	4770.873737	22.701000
1.786340	4769.382757	22.801000
1.786326	4767.903563	22.901000
1.786319	4766.408160	23.001000
1.786368	4764.937122	23.101000
1.786334	4763.458313	23.201000
1.786422	4761.943560	23.301000
1.786463	4760.438215	23.401000
1.786438	4758.953761	23.501000
1.786421	4757.462920	23.601000
1.786469	4755.955925	23.701000
1.786530	4754.446996	23.801000
1.786513	4753.034093	23.901000
1.786471	4751.516204	24.001000
1.786428	4750.045331	24.101000
1.786396	4748.541735	24.201000
1.786413	4747.079821	24.301000
1.786424	4745.597470	24.401000
1.786393	4744.140747	24.501000
1.786362	4742.704655	24.601000
1.786376	4741.233128	24.701000
1.786391	4739.751858	24.801000
1.786425	4738.282993	24.901000
1.786406	4737.429284	25.001000
1.786380	4735.859308	25.101000
1.786311	4734.015009	25.201000
1.786335	4732.370664	25.301000
1.786414	4730.879240	25.401000
1.786480	4729.407545	25.501000
1.786449	4727.917027	25.601000
1.786452	4726.424535	25.701000
1.786437	4724.956652	25.801000
1.786534	4723.486545	25.901000
1.786542	4722.010654	26.001000
1.786583	4720.557893	26.101000
1.786525	4719.081003	26.201000
1.786564	4717.635258	26.301000
1.786492	4716.214215	26.401000
1.786554	4714.732199	26.501000
1.786542	4713.244896	26.601000
1.786537	4711.786670	26.701000
1.786460	4710.353296	26.801000
1.786479	4708.877530	26.901000
1.786469	4707.432401	27.001000
1.786546	4706.020603	27.101000
1.786459	4704.558763	27.201000
1.786440	4703.095094	27.301000
1.786406	4701.670992	27.401000
1.786468	4700.226030	27.501000
1.786452	4698.742426	27.601000
1.786469	4697.282486	27.701000
1.786396	4695.866107	27.801000
1.786470	4694.428443	27.901000
1.786435	4693.029219	28.001000
1.786501	4691.572045	28.101000
1.786488	4690.154553	28.201000
1.786562	4688.629144	28.301000
1.786560	4687.177703	28.401000
1.786573	4685.717414	28.501000
1.786590	4684.267470	28.601000
1.786777	4682.809997	28.701000
1.786768	4681.387764	28.801000
1.786749	4680.428465	28.901000
1.786778	4679.106640	29.001000
1.786815	4677.029536	29.101000
1.786738	4675.594275	29.201000
1.786720	4674.240087	29.301000
1.786727	4672.772692	29.401000
1.786746	4671.323969	29.501000
1.786708	4669.958191	29.601000
1.786654	4668.517698	29.701000
1.786605	4667.117038	29.801000
1.786578	4665.684973	29.901000
1.786613	4664.260255	30.001000
1.786579	4662.857104	30.101000
1.786584	4661.824943	30.202000
1.786578	4660.521325	30.301000
1.786621	4658.766792	30.401000
1.786590	4657.108051	30.501000
1.786651	4655.666930	30.601000
1.786660	4654.201753	30.701000
1.786723	4652.757579	30.801000
1.786687	4651.322332	30.901000
1.786725	4649.893319	31.001000
1.786738	4648.471553	31.101000
1.786791	4647.011192	31.201000
1.786773	4645.638741	31.301000
1.786787	4644.235797	31.401000
1.786733	4642.790852	31.501000
1.786734	4641.392670	31.601000
1.786724	4639.945198	31.701000
1.786685	4638.529553	31.801000
1.786620	4637.130943	31.901000
1.786664	4635.726997	32.001000
1.786619	4634.365770	32.101000
1.786584	4632.943033	32.201000
1.786576	4631.541271	32.301000
1.786594	4630.111012	32.401000
1.786627	4628.727377	32.501000
1.786564	4627.275258	32.601000
1.786545	4625.861085	32.701000
1.786542	4624.440407	32.801000
1.786624	4623.034894	32.901000
1.786618	4621.648172	33.001000
1.786646	4620.232195	33.101000
1.786578	4618.823257	33.201000
1.786656	4617.392765	33.301000
1.786674	4615.983315	33.401000
1.786722	4614.584471	33.501000
1.786676	4613.203223	33.601000
1.786717	4611.742951	33.701000
1.786637	4610.368621	33.801000
1.786626	4608.965183	33.901000
1.786637	4607.562517	34.001000
1.786671	4606.150254	34.101000
1.786646	4604.741952	34.201000
1.786598	4603.368198	34.301000
1.786627	4601.967607	34.402000
1.786592	4600.589206	34.501000
1.786629	4599.247077	34.601000
1.786526	4597.911132	34.701000
1.786555	4596.509208	34.801000
1.786524	4595.106332	34.901000
1.786531	4593.717199	35.001000
1.786485	4592.381102	35.101000
1.786543	4590.944225	35.201000
1.786596	4589.510216	35.301000
1.786657	4588.287346	35.401000
1.786662	4587.344935	35.501000
1.786639	4585.846470	35.601000
1.786655	4584.036128	35.701000
1.786697	4582.511611	35.801000
1.786751	4581.127352	35.901000
1.786778	4579.716505	36.001000
1.786783	4578.376491	36.101000
1.786749	4576.962329	36.201000
1.786817	4575.588266	36.301000
1.786725	4574.271763	36.401000
1.786729	4572.903810	36.501000
1.786661	4571.540175	36.601000
1.786652	4570.173943	36.701000
1.786560	4568.832344	36.801000
1.786544	4567.413147	36.901000
1.786538	4566.032556	37.001000
1.786551	4564.693068	37.101000
1.786488	4563.311697	37.201000
1.786480	4561.932543	37.301000
1.786428	4560.564573	37.401000
1.786449	4559.176111	37.501000
1.786459	4557.789296	37.601000
1.786494	4556.403643	37.701000
1.786536	4555.056896	37.801000
1.786524	4553.663956	37.901000
1.786595	4552.240245	38.001000
1.786448	4550.963189	38.101000
1.786468	4549.566247	38.201000
1.786499	4548.177647	38.301000
1.786566	4546.789495	38.401000
1.786523	4545.449485	38.501000
1.786537	4544.060035	38.601000
1.786579	4542.674516	38.701000
1.786591	4541.299301	38.801000
1.786608	4540.017173	38.901000
1.786565	4538.597678	39.001000
1.786545	4537.237279	39.101000
1.786465	4535.885220	39.201000
1.786456	4534.527590	39.301000
1.786445	4533.170409	39.401000
1.786445	4531.793270	39.501000
1.786369	4530.463530	39.601000
1.786432	4529.080540	39.701000
1.786373	4527.779576	39.801000
1.786329	4526.453739	39.901000
1.786397	4525.096002	40.001000
1.786422	4523.701748	40.101000
1.786449	4522.320304	40.201000
1.786408	4520.977806	40.301000
1.786476	4519.609005	40.401000
1.786495	4518.241230	40.501000
1.786606	4516.887087	40.601000
1.786662	4516.181139	40.701000
1.786643	4514.680424	40.801000
1.786613	4512.939295	40.901000
1.786601	4511.522418	41.001000
1.786618	4510.164057	41.101000
1.786619	4508.786987	41.201000
1.786614	4507.442620	41.301000
1.786533	4506.125967	41.401000
1.786599	4504.798272	41.501000
1.786549	4503.484902	41.601000
1.786498	4502.154920	41.701000
1.786438	4500.823161	41.801000
1.786459	4499.483012	41.901000
1.786439	4498.156276	42.001000
1.786454	4496.856459	42.101000
1.786445	4495.442409	42.201000
1.786449	4494.098726	42.301000
1.786483	4492.764569	42.401000
1.786415	4491.462764	42.501000
1.786479	4490.107780	42.601000
1.786503	4488.748995	42.701000
1.786600	4487.352022	42.801000
1.786594	4486.015525	42.901000
1.786616	4484.681396	43.001000
1.786665	4483.382743	43.101000
1.786705	4482.052892	43.201000
1.786760	4480.700813	43.301000
1.786705	4479.394440	43.401000
1.786679	4478.066974	43.501000
1.786577	4476.752914	43.602000
1.786604	4475.429104	43.701000
1.786555	4474.131839	43.801000
1.786557	4472.789738	43.901000
1.786510	4471.465403	44.001000
1.786480	4470.175162	44.101000
1.786446	4468.896375	44.201000
1.786363	4467.580057	44.301000
1.786401	4466.217237	44.401000
1.786430	4464.865959	44.501000
1.786526	4463.495419	44.601000
1.786464	4462.190794	44.702000
1.786504	4460.872355	44.801000
1.786515	4459.565769	44.901000
1.786614	4458.203892	45.001000
1.786623	4456.933389	45.101000
1.786614	4455.600055	45.201000
1.786641	4454.324801	45.301000
1.786567	4452.978449	45.401000
1.786623	4451.638858	45.501000
1.786611	4450.315834	45.601000
1.786614	4448.967114	45.701000
1.786543	4447.687360	45.801000
1.786530	4446.737350	45.901000
1.786564	4445.650790	46.001000
1.786476	4444.128244	46.101000
1.786473	4442.467245	46.201000
1.786469	4441.166610	46.301000
1.786438	4439.884170	46.401000
1.786398	4438.570099	46.501000
1.786421	4437.250404	46.601000
1.786436	4435.933931	46.701000
1.786469	4434.627023	46.801000
1.786490	4433.348154	46.901000
1.786418	4432.086091	47.001000
1.786431	4430.754345	47.101000
1.786413	4429.452049	47.201000
1.786491	4428.140944	47.301000
1.786551	4426.880323	47.401000
1.786567	4425.531049	47.501000
1.786579	4424.191660	47.601000
1.786559	4422.892296	47.701000
1.786614	4421.605591	47.801000
1.786570	4420.340168	47.901000
1.786577	4419.030074	48.001000
1.786570	4417.717408	48.101000
1.786605	4416.386350	48.201000
1.786537	4415.096042	48.301000
1.786510	4413.820498	48.401000
1.786520	4412.581031	48.501000
1.786485	4411.250435	48.601000
1.786518	4409.961445	48.701000
1.786398	4408.753837	48.801000
1.786411	4407.469509	48.901000
1.786404	4406.165598	49.001000
1.786410	4404.865106	49.101000
1.786364	4403.584704	49.201000
1.786367	4402.281637	49.301000
1.786432	4400.970429	49.401000
1.786495	4399.632240	49.501000
1.786558	4398.390232	49.601000
1.786523	4397.073230	49.701000
1.786582	4395.762154	49.801000
1.786535	4394.471324	49.901000
1.786581	4393.154365	50.001000
1.786642	4391.875978	50.101000
1.786631	4390.552730	50.201000
1.786617	4389.281307	50.301000
1.786555	4388.036721	50.401000
1.786630	4386.756888	50.501000
1.786570	4385.564098	50.601000
1.786517	4384.331491	50.701000
1.786508	4383.016965	50.801000
1.786476	4381.739566	50.901000
1.786484	4380.441017	51.001000
1.786431	4379.385275	51.101000
1.786406	4378.598428	51.201000
1.786449	4377.044512	51.301000
1.786506	4375.354220	51.401000
1.786520	4374.078248	51.501000
1.786534	4372.790808	51.601000
1.786595	4371.531227	51.701000
1.786512	4370.241335	51.801000
1.786553	4368.940081	51.901000
1.786604	4367.648961	52.001000
1.786644	4366.373396	52.101000
1.786619	4365.084773	52.201000
1.786603	4363.805519	52.301000
1.786670	4362.539977	52.401000
1.786638	4361.256685	52.501000
1.786694	4359.966251	52.601000
1.786681	4358.701952	52.701000
1.786731	4357.472362	52.801000
1.786670	4356.183236	52.901000
1.786586	4354.952020	53.001000
1.786599	4353.681236	53.101000
1.786580	4352.443338	53.201000
1.786646	4351.115866	53.301000
1.786553	4349.910573	53.401000
1.786497	4348.667415	53.501000
1.786461	4347.406843	53.601000
1.786465	4346.131885	53.701000
1.786529	4344.867541	53.801000
1.786547	4343.616183	53.901000
1.786545	4342.305821	54.001000
1.786489	4341.074714	54.101000
1.786522	4339.798098	54.201000
1.786593	4338.555823	54.301000
1.786541	4337.332450	54.401000
1.786608	4336.049353	54.501000
1.786596	4334.784249	54.601000
1.786681	4333.473813	54.701000
1.786611	4332.270316	54.801000
1.786617	4331.060357	54.901000
1.786658	4329.772588	55.001000
1.786614	4328.502715	55.101000
1.786653	4327.261211	55.201000
1.786592	4326.052999	55.301000
1.786580	4324.792408	55.401000
1.786533	4323.550806	55.501000
1.786515	4322.317101	55.601000
1.786525	4321.084408	55.701000
1.786495	4319.855676	55.801000
1.786524	4318.598718	55.901000
1.786484	4317.431333	56.001000
1.786522	4316.141311	56.101000
1.786549	4314.896364	56.201000
1.786501	4313.696673	56.301000
1.786554	4313.127842	56.401000
1.786529	4311.636418	56.501000
1.786571	4309.990870	56.601000
1.786585	4308.694413	56.701000
1.786583	4307.453111	56.801000
1.786624	4306.176330	56.901000
1.786601	4304.953117	57.001000
1.786670	4303.740606	57.101000
1.786619	4302.496781	57.201000
1.786599	4301.258067	57.301000
1.786590	4300.027435	57.401000
1.786596	4298.786045	57.501000
1.786598	4297.527503	57.601000
1.786511	4296.310616	57.701000
1.786483	4295.074759	57.801000
1.786471	4293.870060	57.901000
1.786473	4292.637266	58.001000
1.786530	4291.480122	58.101000
1.786454	4290.284533	58.201000
1.786457	4289.032837	58.301000
1.786403	4287.837790	58.401000
1.786394	4286.593326	58.501000
1.786438	4285.363175	58.601000
1.786456	4284.108393	58.701000
1.786508	4282.857412	58.801000
1.786466	4281.655494	58.901000
1.786505	4280.406965	59.001000
1.786471	4279.222242	59.101000
1.786455	4278.045544	59.201000
1.786549	4276.736446	59.301000
1.786529	4275.513264	59.401000
1.786552	4274.279661	59.501000
1.786509	4273.078446	59.601000
1.786502	4271.856723	59.701000
1.786595	4270.620955	59.801000
1.786605	4269.399384	59.901000
1.786596	4268.202060	60.001000
1.786556	4267.055548	60.101000
1.786527	4265.804118	60.201000
1.786523	4264.625135	60.301000
1.786486	4263.373435	60.401000
1.786502	4262.161872	60.501000
1.786439	4260.973692	60.601000
1.786448	4259.745003	60.701000
1.786406	4258.552576	60.801000
1.786402	4257.348233	60.901000
1.786475	4256.129011	61.001000
1.786403	4254.964659	61.101000
1.786428	4253.747917	61.201000
1.786430	4252.578101	61.301000
1.786508	4251.299687	61.401000
1.786570	4250.048048	61.501000
1.786552	4249.214198	61.601000
1.786550	4248.240895	61.701000
1.786597	4246.827804	61.801000
1.786630	4245.215301	61.901000
1.786718	4244.007906	62.001000
1.786665	4242.874060	62.101000
1.786669	4241.630445	62.201000
1.786577	4240.465652	62.301000
1.786558	4239.314624	62.401000
1.786580	4238.078633	62.501000
1.786595	4236.878341	62.601000
1.786569	4235.677899	62.701000
1.786508	4234.496937	62.801000
1.786478	4233.309097	62.901000
1.786482	4232.139832	63.001000
1.786389	4230.978629	63.101000
1.786430	4229.777533	63.201000
1.786395	4228.590883	63.301000
1.786442	4227.399674	63.401000
1.786471	4226.213086	63.501000
1.786423	4225.001867	63.601000
1.786479	4223.778690	63.701000
1.786493	4222.575565	63.801000
1.786536	4221.377158	63.901000
1.786550	4220.207493	64.001000
1.786471	4219.094858	64.101000
1.786530	4217.853540	64.201000
1.786561	4216.649631	64.302000
1.786595	4215.456415	64.401000
1.786564	4214.336369	64.501000
1.786531	4213.145621	64.601000
1.786566	4211.922264	64.701000
1.786566	4210.740900	64.801000
1.786563	4209.545741	64.901000
1.786549	4208.395532	65.001000
1.786529	4207.224866	65.101000
1.786550	4206.018668	65.201000
1.786468	4204.866184	65.301000
1.786466	4203.676577	65.401000
1.786465	4202.511548	65.501000
1.786461	4201.385625	65.601000
1.786470	4200.157320	65.701000
1.786404	4198.996813	65.801000
1.786430	4197.831444	65.901000
1.786477	4196.674011	66.001000
1.786401	4195.549448	66.101000
1.786437	4194.369948	66.201000
1.786482	4193.189479	66.301000
1.786565	4191.986136	66.401000
1.786580	4190.805781	66.501000
1.786508	4189.662534	66.601000
1.786526	4188.539865	66.701000
1.786603	4187.431386	66.801000
1.786639	4186.766549	66.901000
1.786701	4185.358895	67.001000
1.786657	4183.801346	67.101000
1.786640	4182.615812	67.201000
1.786594	4181.462409	67.301000
1.786577	4180.297351	67.401000
1.786595	4179.147016	67.501000
1.786577	4177.995790	67.601000
1.786526	4176.866226	67.701000
1.786481	4175.716580	67.801000
1.786402	4174.550621	67.901000
1.786448	4173.371822	68.001000
1.786315	4172.291676	68.101000
1.786254	4171.128896	68.201000
1.786258	4169.971866	68.301000
1.786250	4168.798818	68.401000
1.786277	4167.635753	68.501000
1.786227	4166.479991	68.601000
1.786234	4165.320313	68.701000
1.786302	4164.180652	68.801000
1.786299	4162.995239	68.901000
1.786422	4161.777364	69.001000
1.786436	4160.638136	69.101000
1.786414	4159.484273	69.201000
1.786409	4158.331113	69.301000
1.786332	4157.189940	69.401000
1.786374	4156.032761	69.501000
1.786378	4154.879676	69.601000
1.786361	4153.722146	69.701000
1.786367	4152.588849	69.801000
1.786255	4151.536595	69.901000
1.786262	4150.339669	70.001000
1.786262	4149.217970	70.101000
1.786177	4148.112192	70.201000
1.786193	4146.984920	70.301000
1.786163	4145.853278	70.401000
1.786162	4144.704283	70.501000
1.786195	4143.554501	70.601000
1.786179	4142.441372	70.701000
1.786205	4141.294810	70.801000
1.786240	4140.159005	70.901000
1.786292	4139.010541	71.001000
1.786362	4137.824567	71.101000
1.786340	4136.701688	71.201000
1.786348	4135.553014	71.301000
1.786367	4134.386082	71.401000
1.786289	4133.278429	71.501000
1.786377	4132.109318	71.601000
1.786428	4130.972336	71.701000
1.786461	4129.825233	71.801000
1.786488	4128.667173	71.901000
1.786404	4127.620264	72.001000
1.786400	4127.033476	72.101000
1.786490	4125.814934	72.201000
1.786453	4124.336715	72.301000
1.786455	4123.075055	72.401000
1.786368	4121.997811	72.501000
1.786336	4120.852967	72.601000
1.786349	4119.731047	72.701000
1.786335	4118.593443	72.801000
1.786348	4117.449811	72.901000
1.786314	4116.328093	73.001000
1.786263	4115.263684	73.101000
1.786301	4114.088585	73.201000
1.786231	4112.992152	73.301000
1.786235	4111.859118	73.401000
1.786259	4110.704187	73.501000
1.786246	4109.575418	73.601000
1.786256	4108.439728	73.701000
1.786272	4107.303944	73.801000
1.786247	4106.190799	73.901000
1.786362	4105.028990	74.001000
1.786334	4103.979924	74.101000
1.786389	4102.804555	74.201000
1.786410	4101.689011	74.301000
1.786396	4100.589329	74.401000
1.786424	4099.448521	74.501000
1.786351	4098.365813	74.601000
1.786338	4097.258376	74.701000
1.786365	4096.129227	74.801000
1.786358	4095.007138	74.901000
1.786323	4093.894117	75.001000
1.786321	4092.770558	75.101000
1.786251	4091.736526	75.201000
1.786282	4090.588607	75.301000
1.786203	4089.526961	75.401000
1.786184	4088.415758	75.501000
1.786219	4087.289960	75.601000
1.786192	4086.175047	75.701000
1.786200	4085.035811	75.801000
1.786197	4083.907316	75.901000
1.786143	4082.812075	76.001000
1.786225	4081.708511	76.101000
1.786246	4080.571004	76.201000
1.786268	4079.500685	76.301000
1.786352	4078.315035	76.401000
1.786253	4077.271288	76.501000
1.786335	4076.134646	76.601000
1.786352	4075.004469	76.701000
1.786323	4073.923603	76.801000
1.786374	4072.798925	76.901000
1.786366	4071.708015	77.001000
1.786368	4070.578847	77.101000
1.786356	4069.477924	77.201000
1.786317	4068.615047	77.301000
1.786293	4067.969730	77.401000
1.786304	4066.618423	77.501000
1.786188	4065.149971	77.601000
1.786233	4064.036696	77.701000
1.786198	4062.943920	77.801000
1.786183	4061.834222	77.901000
1.786187	4060.727087	78.001000
1.786121	4059.648373	78.101000
1.786109	4058.552772	78.201000
1.786157	4057.438009	78.301000
1.786148	4056.394723	78.401000
1.786238	4055.276179	78.501000
1.786248	4054.187592	78.601000
1.786182	4053.103158	78.701000
1.786236	4051.968674	78.801000
1.786168	4050.878396	78.901000
1.786216	4049.757596	79.001000
1.786247	4048.662889	79.101000
1.786261	4047.548559	79.201000
1.786271	4046.460316	79.301000
1.786270	4045.341733	79.401000
1.786275	4044.319401	79.501000
1.786310	4043.167033	79.601000
1.786206	4042.139884	79.701000
1.786231	4041.031162	79.801000
1.786281	4039.932837	79.901000
1.786221	4038.851103	80.001000
1.786236	4037.767958	80.101000
1.786168	4036.685477	80.201000
1.786088	4035.630103	80.301000
1.786115	4034.545754	80.401000
1.786109	4033.489957	80.501000
1.786088	4032.419458	80.601000
1.786132	4031.300617	80.701000
1.786037	4030.290919	80.801000
1.786002	4029.239161	80.901000
1.786066	4028.134916	81.001000
1.786068	4027.043183	81.101000
1.786087	4025.955318	81.201000
1.786076	4024.853922	81.301000
1.786054	4023.790304	81.401000
1.786131	4022.674940	81.501000
1.786153	4021.622833	81.601000
1.786200	4020.502628	81.701000
1.786273	4019.413978	81.801000
1.786241	4018.371801	81.901000
1.786258	4017.273243	82.001000
1.786288	4016.183856	82.101000
1.786237	4015.133894	82.201000
1.786246	4014.037600	82.301000
1.786244	4012.982987	82.401000
1.786258	4011.895734	82.501000
1.786257	4011.488456	82.601000
1.786220	4010.280468	82.701000
1.786102	4008.837582	82.801000
1.786178	4007.672007	82.901000
1.786072	4006.658091	83.001000
1.786017	4005.625662	83.101000
1.786054	4004.548376	83.201000
1.786046	4003.476880	83.301000
1.786037	4002.404723	83.401000
1.786048	4001.345588	83.501000
1.786009	4000.292311	83.601000
1.786051	3999.243577	83.701000
1.786123	3998.147129	83.801000
1.786107	3997.044235	83.901000
1.786247	3995.943509	84.001000
1.786226	3994.902276	84.101000
1.786237	3993.835415	84.201000
1.786336	3992.746360	84.301000
1.786248	3991.705833	84.401000
1.786248	3990.645031	84.501000
1.786282	3989.567199	84.601000
1.786286	3988.524982	84.701000
1.786324	3987.490648	84.801000
1.786293	3986.378840	84.901000
1.786192	3985.354436	85.001000
1.786207	3984.311160	85.101000
1.786199	3983.263448	85.201000
1.786198	3982.199838	85.301000
1.786224	3981.144328	85.401000
1.786168	3980.113715	85.501000
1.786181	3979.034095	85.601000
1.786169	3977.974463	85.701000
1.786088	3976.946110	85.801000
1.786068	3975.961753	85.901000
1.786124	3974.832959	86.001000
1.786098	3973.784199	86.101000
1.786193	3972.692338	86.201000
1.786233	3971.644609	86.301000
1.786226	3970.609262	86.401000
1.786270	3969.532414	86.501000
1.786211	3968.460562	86.601000
1.786185	3967.421287	86.701000
1.786255	3966.359223	86.801000
1.786294	3965.313809	86.901000
1.786289	3964.254971	87.001000
1.786316	3963.174675	87.101000
1.786211	3962.180164	87.201000
1.786247	3961.126335	87.301000
1.786311	3960.080926	87.401000
1.786231	3959.084560	87.501000
1.786197	3958.073478	87.601000
1.786176	3957.013217	87.701000
1.786096	3956.539498	87.801000
1.786071	3955.441507	87.901000
1.786086	3954.104023	88.001000
1.786026	3952.887166	88.101000
1.786003	3951.842339	88.201000
1.785976	3950.794966	88.301000
1.785975	3949.755396	88.401000
1.786086	3948.694833	88.501000
1.786067	3947.651047	88.601000
1.786046	3946.621067	88.701000
1.786105	3945.577014	88.801000
1.786082	3944.543574	88.901000
1.786132	3943.653761	89.001000
1.786198	3943.280101	89.101000
1.786245	3941.566614	89.201000
1.786250	3940.508209	89.301000
1.786326	3939.324410	89.401000
1.786263	3938.303388	89.501000
1.786306	3937.261031	89.601000
1.786330	3936.219196	89.701000
1.786273	3935.222358	89.801000
1.786212	3934.195405	89.901000
1.786223	3933.165329	90.001000
1.786151	3932.220507	90.101000
1.786206	3931.154925	90.201000
1.786143	3930.121862	90.301000
1.786097	3929.100714	90.401000
1.786083	3928.067492	90.501000
1.786107	3927.045039	90.601000
1.786050	3926.013370	90.701000
1.786149	3924.968066	90.801000
1.786102	3923.968266	90.901000
1.786035	3922.978364	91.001000
1.786048	3921.932065	91.101000
1.786037	3920.950347	91.201000
1.786073	3919.839064	91.301000
1.786151	3918.789168	91.401000
1.786163	3917.758204	91.501000
1.786102	3916.754848	91.601000
1.786163	3915.705088	91.701000
1.786149	3914.688873	91.801000
1.786220	3913.631681	91.901000
1.786299	3912.607995	92.001000
1.786195	3911.651689	92.101000
1.786152	3910.649482	92.201000
1.786213	3909.660622	92.301000
1.786156	3908.626195	92.401000
1.786143	3907.607721	92.501000
1.786111	3906.608581	92.601000
1.786070	3905.611342	92.701000
1.786065	3904.591424	92.801000
1.786099	3903.550646	92.901000
1.786036	3902.863851	93.001000
1.786020	3902.191319	93.101000
1.786056	3900.939982	93.201000
1.786008	3899.612026	93.301000
1.786022	3898.585634	93.401000
1.785987	3897.531273	93.501000
1.786045	3896.485141	93.601000
1.786116	3895.449519	93.701000
1.786179	3894.407411	93.801000
1.786176	3893.415826	93.901000
1.786227	3892.391030	94.001000
1.786218	3891.372187	94.101000
1.786236	3890.364013	94.201000
1.786335	3889.338313	94.301000
1.786315	3888.410404	94.401000
1.786251	3887.380491	94.501000
1.786315	3886.343450	94.601000
1.786251	3885.348892	94.701000
1.786170	3884.367026	94.801000
1.786181	3883.363157	94.901000
1.786136	3882.392376	95.001000
1.786103	3881.383413	95.101000
1.786133	3880.351628	95.201000
1.786111	3879.343117	95.301000
1.786088	3878.356388	95.401000
1.786124	3877.383279	95.501000
1.786073	3876.361813	95.601000
1.786068	3875.351589	95.701000
1.786110	3874.316359	95.801000
1.786063	3873.312577	95.901000
1.786119	3872.270949	96.001000
1.786196	3871.255946	96.101000
1.786197	3870.267158	96.201000
1.786215	3869.264490	96.301000
1.786219	3868.258396	96.401000
1.786187	3867.300777	96.501000
1.786229	3866.269620	96.601000
1.786314	3865.245689	96.701000
1.786260	3864.299880	96.801000
1.786216	3863.315856	96.901000
1.786242	3862.320726	97.001000
1.786138	3861.376935	97.102000
1.786150	3860.381318	97.201000
1.786135	3859.392095	97.301000
1.786129	3858.412964	97.401000
1.786090	3857.413134	97.501000
1.786079	3856.497040	97.601000
1.786048	3855.452534	97.701000
1.786086	3854.455281	97.801000
1.786114	3853.472897	97.901000
1.786065	3852.519664	98.001000
1.786092	3851.515329	98.101000
1.786076	3850.629318	98.201000
1.786101	3850.179715	98.301000
1.786163	3848.920518	98.401000
1.786234	3847.497599	98.501000
1.786238	3846.502487	98.601000
1.786237	3845.544533	98.701000
1.786280	3844.493551	98.801000
1.786257	3843.506425	98.901000
1.786311	3842.476465	99.001000
1.786367	3841.514153	99.101000
1.786251	3840.606307	99.201000
1.786180	3839.668505	99.301000
1.786199	3838.664793	99.401000
1.786136	3837.693533	99.501000
1.786144	3836.707605	99.601000
1.786146	3835.761844	99.701000
1.786072	3834.810388	99.801000
1.786033	3833.826978	99.901000
1.786057	3832.817565	100.001000
1.786036	3831.834450	100.101000
1.786051	3830.826985	100.201000
1.786085	3829.871455	100.301000
1.786043	3828.899825	100.401000
1.786087	3827.905426	100.501000
1.786185	3826.887440	100.601000
1.786154	3825.926093	100.701000
1.786173	3824.986100	100.801000
1.786188	3823.934395	100.901000
1.786165	3822.966853	101.001000
1.786228	3821.963282	101.101000
1.786329	3820.967508	101.201000
1.786278	3820.011099	101.301000
1.786241	3819.062208	101.401000
1.786297	3818.100202	101.501000
1.786276	3817.153615	101.601000
1.786225	3816.215396	101.701000
1.786199	3815.267504	101.801000
1.786150	3814.334999	101.901000
1.786074	3813.341698	102.001000
1.786124	3812.358302	102.101000
1.786106	3811.386484	102.201000
1.786031	3810.443598	102.301000
1.786050	3809.460550	102.401000
1.786043	3808.489400	102.501000
1.786068	3807.491493	102.601000
1.786167	3806.503209	102.701000
1.786162	3805.535195	102.801000
1.786150	3804.606632	102.901000
1.786218	3803.598882	103.001000
1.786225	3802.610396	103.101000
1.786217	3801.657686	103.201000
1.786276	3800.658275	103.301000
1.786279	3799.703582	103.401000
1.786302	3799.271672	103.501000
1.786293	3798.290768	103.601000
1.786340	3797.008724	103.701000
1.786303	3795.861882	103.801000
1.786353	3794.886223	103.901000
1.786277	3794.013882	104.001000
1.786129	3793.068918	104.101000
1.786105	3792.128042	104.201000
1.786056	3791.163307	104.301000
1.786028	3790.198527	104.401000
1.786042	3789.236089	104.501000
1.786020	3788.270050	104.601000
1.785928	3787.352709	104.701000
1.785902	3786.383553	104.801000
1.785896	3785.417388	104.901000
1.785890	3784.445833	105.001000
1.785933	3783.491335	105.101000
1.785972	3782.494142	105.201000
1.785892	3781.570434	105.301000
1.785914	3780.593347	105.401000
1.785994	3779.628927	105.501000
1.786002	3778.654812	105.601000
1.786029	3777.662383	105.701000
1.786065	3776.688092	105.801000
1.786070	3775.733811	105.901000
1.786036	3774.803596	106.001000
1.786087	3773.883798	106.101000
1.786082	3772.894395	106.201000
1.786024	3771.946393	106.301000
1.786086	3771.004475	106.401000
1.786046	3770.076333	106.501000
1.785946	3769.165292	106.601000
1.785955	3768.216130	106.701000
1.785891	3767.276567	106.801000
1.785820	3766.346792	106.901000
1.785900	3765.385807	107.001000
1.785925	3764.438103	107.101000
1.785938	3763.530008	107.201000
1.785956	3762.521376	107.301000
1.785955	3761.547065	107.401000
1.785918	3760.617916	107.501000
1.785999	3759.646091	107.601000
1.786041	3758.677957	107.701000
1.786006	3757.758917	107.801000
1.785995	3756.809932	107.901000
1.786061	3755.846867	108.001000
1.786037	3754.898542	108.101000
1.786064	3753.958360	108.201000
1.786100	3753.018791	108.301000
1.786086	3752.043586	108.401000
1.785989	3751.134522	108.501000
1.786007	3750.197495	108.601000
1.786005	3749.597279	108.701000
1.785995	3748.906528	108.801000
1.786001	3747.643895	108.901000
1.785967	3746.443781	109.001000
1.785850	3745.547185	109.101000
1.785861	3744.619056	109.201000
1.785877	3743.724685	109.301000
1.785872	3742.757390	109.401000
1.785908	3741.797177	109.501000
1.785899	3740.850487	109.601000
1.785869	3739.929676	109.701000
1.785888	3738.977743	109.801000
1.785977	3738.015643	109.901000
1.786015	3737.036086	110.001000
1.786051	3736.100336	110.101000
1.786125	3735.134643	110.201000
1.786085	3734.228626	110.301000
1.786076	3733.341896	110.401000
1.786132	3732.316151	110.501000
1.786045	3731.392747	110.601000
1.786018	3730.481372	110.701000
1.786070	3729.505814	110.801000
1.786070	3728.595961	110.901000
1.786066	3727.654955	111.001000
1.786079	3726.712571	111.101000
1.786016	3725.791536	111.201000
1.785901	3724.902717	111.301000
1.785932	3723.989235	111.401000
1.785923	3723.101766	111.501000
1.785868	3722.182159	111.601000
1.785835	3721.265034	111.701000
1.785856	3720.328460	111.801000
1.785839	3719.398379	111.901000
1.785883	3718.437250	112.001000
1.785898	3717.494266	112.101000
1.785922	3716.553780	112.201000
1.785854	3715.647811	112.301000
1.785943	3714.683465	112.401000
1.785973	3713.771840	112.501000
1.786024	3712.814461	112.601000
1.786141	3711.829479	112.701000
1.786140	3710.912604	112.801000
1.786086	3710.011693	112.901000
1.786092	3709.079805	113.001000
1.786056	3708.140883	113.101000
1.785997	3707.248065	113.201000
1.786023	3706.313631	113.301000
1.786037	3705.387764	113.401000
1.785965	3704.497358	113.501000
1.785942	3703.604133	113.601000
1.785956	3702.640264	113.701000
1.785876	3701.723695	113.801000
1.785837	3700.999481	113.901000
1.785837	3700.540633	114.001000
1.785870	3699.412037	114.101000
1.785804	3698.076506	114.201000
1.785871	3697.138493	114.301000
1.785880	3696.220444	114.401000
1.785881	3695.303691	114.501000
1.785922	3694.352002	114.601000
1.785940	3693.457943	114.701000
1.785954	3692.503390	114.801000
1.785964	3691.568908	114.901000
1.785975	3690.627251	115.001000
1.785985	3689.699066	115.101000
1.786011	3688.763443	115.201000
1.786071	3687.844399	115.301000
1.786053	3686.949768	115.401000
1.786002	3686.041515	115.501000
1.785964	3685.132174	115.601000
1.785856	3684.254926	115.701000
1.785747	3683.369817	115.801000
1.785836	3682.402885	115.901000
1.785801	3681.501479	116.001000
1.785749	3680.594619	116.101000
1.785768	3679.684127	116.201000
1.785738	3678.769038	116.301000
1.785697	3677.869199	116.401000
1.785719	3676.951364	116.501000
1.785792	3676.033824	116.601000
1.785752	3675.152251	116.701000
1.785688	3674.319702	116.801000
1.785740	3673.364415	116.901000
1.785775	3672.422150	117.001000
1.785783	3671.521944	117.101000
1.785833	3670.578816	117.201000
1.785842	3669.669528	117.301000
1.785785	3668.793563	117.401000
1.785796	3667.874994	117.501000
1.785879	3666.960245	117.601000
1.785844	3666.042222	117.701000
1.785879	3665.115642	117.801000
1.785894	3664.272186	117.901000
1.785841	3663.325919	118.001000
1.785836	3662.417851	118.101000
1.785830	3661.530961	118.201000
1.785793	3660.630282	118.301000
1.785723	3659.764250	118.401000
1.785761	3658.862085	118.501000
1.785733	3657.979730	118.601000
1.785724	3657.084951	118.701000
1.785731	3656.167379	118.801000
1.785716	3655.284223	118.901000
1.785683	3654.410177	119.001000
1.785667	3653.523879	119.101000
1.785727	3653.242062	119.201000
1.785841	3652.089541	119.301000
1.785791	3650.881178	119.401000
1.785824	3649.879861	119.501000
1.785812	3648.942052	119.601000
1.785809	3648.069260	119.701000
1.785877	3647.153390	119.801000
1.785924	3646.237772	119.901000
1.785868	3645.398285	120.001000
1.785848	3644.483632	120.101000
1.785867	3643.553605	120.201000
1.785846	3642.661360	120.301000
1.785770	3641.796158	120.401000
1.785828	3640.912567	120.501000
1.785795	3640.063098	120.601000
1.785687	3639.203995	120.701000
1.785691	3638.314934	120.801000
1.785689	3637.425119	120.901000
1.785648	3636.522016	121.001000
1.785665	3635.679586	121.101000
1.785668	3634.732267	121.201000
1.785698	3633.829473	121.301000
1.785674	3632.943956	121.401000
1.785757	3632.043987	121.501000
1.785751	3631.157938	121.601000
1.785771	3630.252388	121.701000
1.785844	3629.342764	121.801000
1.785914	3628.444633	121.901000
1.785877	3627.597915	122.001000
1.785847	3626.752109	122.101000
1.785845	3625.873827	122.201000
1.785819	3624.953832	122.301000
1.785821	3624.081257	122.401000
1.785880	3623.195019	122.501000
1.785908	3622.294741	122.601000
1.785871	3621.421858	122.701000
1.785852	3620.542621	122.801000
1.785826	3619.642440	122.901000
1.785811	3618.772450	123.001000
1.785780	3617.900169	123.101000
1.785799	3617.065901	123.201000
1.785695	3616.165189	123.301000
1.785619	3615.310340	123.401000
1.785643	3614.425803	123.501000
1.785656	3613.519388	123.601000
1.785659	3612.634942	123.701000
1.785674	3611.750493	123.801000
1.785684	3610.849914	123.901000
1.785706	3609.967239	124.001000
1.785694	3609.086661	124.101000
1.785774	3608.196114	124.201000
1.785788	3607.366566	124.301000
1.785797	3606.965887	124.401000
1.785838	3606.062748	124.501000
1.785913	3604.799196	124.601000
1.785930	3603.793061	124.701000
1.785956	3602.900429	124.801000
1.785949	3602.005949	124.901000
1.785896	3601.143229	125.001000
1.785841	3600.299207	125.101000
1.785924	3599.395273	125.201000
1.785896	3598.536767	125.301000
1.785862	3597.717408	125.401000
1.785808	3596.805969	125.501000
1.785787	3595.923950	125.601000
1.785752	3595.072981	125.701000
1.785735	3594.218626	125.801000
1.785814	3593.337026	125.901000
1.785752	3592.487938	126.001000
1.785691	3591.644644	126.101000
1.785752	3590.750278	126.201000
1.785761	3589.869964	126.301000
1.785762	3589.027797	126.401000
1.785803	3588.113839	126.501000
1.785796	3587.208382	126.601000
1.785859	3586.309563	126.701000
1.785835	3585.447866	126.801000
1.785922	3584.579293	126.901000
1.785948	3583.713674	127.001000
1.785932	3582.849611	127.101000
1.785970	3581.963299	127.201000
1.786051	3581.088675	127.301000
1.786010	3580.256439	127.401000
1.785938	3579.470818	127.501000
1.785952	3578.559060	127.601000
1.785866	3577.697948	127.701000
1.785801	3576.872291	127.801000
1.785840	3576.002336	127.901000
1.785806	3575.154590	128.001000
1.785765	3574.308671	128.101000
1.785740	3573.436124	128.201000
1.785700	3572.581528	128.301000
1.785726	3571.688732	128.401000
1.785697	3570.841651	128.501000
1.785762	3570.028481	128.601000
1.785754	3569.105485	128.701000
1.785702	3568.276954	128.801000
1.785717	3567.417576	128.901000
1.785800	3566.533430	129.001000
1.785844	3565.643855	129.101000
1.785849	3564.768374	129.201000
1.785856	3563.919568	129.301000
1.785872	3563.031834	129.401000
1.785866	3562.181182	129.501000
1.785852	3561.833202	129.601000
1.785883	3561.064505	129.701000
1.785891	3559.832826	129.801000
1.785866	3558.763743	129.901000
1.785933	3557.899455	130.001000
1.785932	3557.063931	130.101000
1.785842	3556.277630	130.201000
1.785838	3555.436403	130.301000
1.785828	3554.595859	130.401000
1.785791	3553.754260	130.501000
1.785760	3552.906714	130.601000
1.785764	3552.061332	130.701000
1.785755	3551.194121	130.801000
1.785683	3550.354036	130.901000
1.785643	3549.517406	131.001000
1.785728	3548.624453	131.101000
1.785730	3547.770734	131.201000
1.785798	3546.891360	131.301000
1.785877	3546.018832	131.401000
1.785885	3545.164308	131.501000
1.785859	3544.346060	131.601000
1.785911	3543.465953	131.701000
1.785929	3542.635705	131.801000
1.785891	3541.744064	131.901000
1.785890	3540.890731	132.001000
1.785921	3540.035256	132.101000
1.785945	3539.199646	132.201000
1.785950	3538.317681	132.301000
1.785943	3537.488155	132.401000
1.785934	3536.627508	132.501000
1.785876	3535.829486	132.601000
1.785838	3534.986177	132.701000
1.785914	3534.155991	132.801000
1.785883	3533.361534	132.901000
1.785791	3532.535939	133.001000
1.785740	3531.726222	133.101000
1.785780	3530.868011	133.201000
1.785746	3530.015202	133.301000
1.785772	3529.172362	133.401000
1.785815	3528.299189	133.501000
1.785759	3527.459178	133.601000
1.785707	3526.632675	133.701000
1.785739	3525.773021	133.801000
1.785808	3524.946283	133.901000
1.785843	3524.066806	134.001000
1.785863	3523.187778	134.101000
1.785920	3522.348147	134.201000
1.785941	3521.480402	134.301000
1.785892	3520.677584	134.401000
1.785931	3519.800017	134.501000
1.785929	3518.959649	134.601000
1.785886	3518.135357	134.701000
1.785818	3517.427323	134.801000
1.785852	3517.138720	134.901000
1.785891	3516.100393	135.001000
1.785866	3514.807516	135.101000
1.785864	3513.947404	135.201000
1.785841	3513.113916	135.301000
1.785795	3512.289439	135.401000
1.785735	3511.489889	135.501000
1.785860	3510.639447	135.601000
1.785817	3509.826210	135.701000
1.785715	3509.048262	135.801000
1.785723	3508.198167	135.901000
1.785765	3507.374682	136.001000
1.785764	3506.544887	136.101000
1.785749	3505.689014	136.201000
1.785820	3504.821587	136.301000
1.785795	3503.983155	136.401000
1.785776	3503.178239	136.501000
1.785795	3502.331446	136.601000
1.785863	3501.479846	136.701000
1.785893	3500.608959	136.801000
1.785894	3499.792467	136.901000
1.785944	3498.928735	137.001000
1.786001	3498.139472	137.101000
1.785937	3497.308183	137.201000
1.785913	3496.461049	137.301000
1.785889	3495.635908	137.401000
1.785859	3494.799578	137.501000
1.785837	3494.009442	137.601000
1.785848	3493.163338	137.701000
1.785865	3492.331844	137.801000
1.785810	3491.514231	137.901000
1.785767	3490.691598	138.001000
1.785801	3489.863882	138.101000
1.785788	3489.091351	138.201000
1.785724	3488.253749	138.301000
1.785733	3487.422133	138.401000
1.785817	3486.592394	138.501000
1.785787	3485.786220	138.601000
1.785719	3485.000400	138.701000
1.785789	3484.153843	138.801000
1.785824	3483.308676	138.901000
1.785804	3482.487839	139.001000
1.785828	3481.680436	139.102000
1.785888	3480.801877	139.201000
1.785909	3480.024804	139.301000
1.785868	3479.190189	139.401000
1.785893	3478.361250	139.501000
1.785911	3477.548909	139.601000
1.785907	3476.720382	139.701000
1.785917	3475.896158	139.801000
1.785963	3475.064413	139.901000
1.785946	3474.308647	140.001000
1.785916	3474.130246	140.101000
1.785817	3473.152078	140.201000
1.785793	3471.986023	140.301000
1.785776	3471.086036	140.401000
1.785727	3470.254350	140.501000
1.785743	3469.432506	140.601000
1.785730	3468.623940	140.701000
1.785713	3467.809619	140.801000
1.785742	3466.977403	140.901000
1.785762	3466.167865	141.001000
1.785759	3465.321959	141.101000
1.785754	3464.535198	141.201000
1.785781	3463.725609	141.301000
1.785898	3462.939675	141.401000
1.785893	3462.087740	141.501000
1.785858	3461.290098	141.601000
1.785854	3460.477722	141.701000
1.785860	3459.645300	141.801000
1.785835	3458.852691	141.901000
1.785863	3458.046830	142.001000
1.785942	3457.247466	142.101000
1.785939	3456.411691	142.201000
1.785915	3455.625130	142.301000
1.785898	3454.803371	142.401000
1.785886	3454.053209	142.501000
1.785871	3453.186412	142.601000
1.785824	3452.404353	142.701000
1.785868	3451.586772	142.801000
1.785833	3450.789635	142.901000
1.785770	3450.022056	143.001000
1.785713	3449.218257	143.101000
1.785757	3448.423526	143.201000
1.785770	3447.602248	143.301000
1.785750	3446.814259	143.401000
1.785769	3446.014133	143.501000
1.785819	3445.172501	143.601000
1.785841	3444.333194	143.701000
1.785850	3443.539340	143.801000
1.785890	3442.743220	143.901000
1.785917	3441.932798	144.001000
1.785949	3441.112672	144.101000
1.785988	3440.301092	144.201000
1.786088	3439.476159	144.301000
1.786099	3438.666857	144.401000
1.786003	3437.922960	144.501000
1.785968	3437.177818	144.601000
1.786026	3436.329348	144.701000
1.786010	3435.502701	144.801000
1.785906	3434.760129	144.901000
1.785931	3433.956803	145.001000
1.785871	3433.198896	145.101000
1.785822	3432.396158	145.201000
1.785812	3431.970940	145.301000
1.785797	3431.396078	145.401000
1.785776	3430.279613	145.501000
1.785714	3429.253773	145.601000
1.785720	3428.509683	145.701000
1.785807	3427.645395	145.801000
1.785812	3426.841993	145.901000
1.785751	3426.077099	146.001000
1.785739	3425.287574	146.101000
1.785796	3424.468358	146.201000
1.785803	3423.647389	146.301000
1.785822	3422.821431	146.401000
1.785890	3421.989442	146.501000
1.785852	3421.197808	146.601000
1.785847	3420.411186	146.701000
1.785828	3419.655193	146.801000
1.785903	3418.806702	146.901000
1.785947	3418.003234	147.001000
1.785893	3417.240062	147.101000
1.785920	3416.441834	147.201000
1.785931	3415.667789	147.301000
1.785877	3414.863808	147.401000
1.785813	3414.125925	147.501000
1.785752	3413.380296	147.601000
1.785717	3412.585411	147.701000
1.785705	3411.820170	147.801000
1.785616	3411.064469	147.901000
1.785643	3410.255808	148.001000
1.785649	3409.474497	148.101000
1.785615	3408.694652	148.201000
1.785575	3407.901013	148.301000
1.785587	3407.112129	148.401000
1.785602	3406.307811	148.501000
1.785634	3405.508320	148.601000
1.785650	3404.713516	148.701000
1.785700	3403.926082	148.801000
1.785719	3403.184723	148.901000
1.785669	3402.387979	149.001000
1.785723	3401.557526	149.101000
1.785752	3401.293805	149.201000
1.785791	3400.581759	149.301000
1.785754	3399.206516	149.401000
1.785795	3398.386953	149.501000
1.785798	3397.619929	149.601000
1.785757	3396.821382	149.701000
1.785676	3396.061018	149.801000
1.785671	3395.308900	149.901000
1.785659	3394.555614	150.001000
1.785627	3393.746132	150.101000
1.785610	3392.957611	150.201000
1.785677	3392.184455	150.301000
1.785665	3391.394094	150.401000
1.785581	3390.713260	150.501000
1.785584	3390.593246	150.601000
1.785566	3389.609755	150.701000
1.785576	3388.353990	150.801000
1.785534	3387.588330	150.901000
1.785533	3386.841116	151.001000
1.785589	3386.032225	151.101000
1.785592	3385.241358	151.201000
1.785655	3384.431503	151.301000
1.785683	3383.621889	151.401000
1.785698	3382.815938	151.501000
1.785681	3382.038229	151.601000
1.785660	3381.255363	151.701000
1.785757	3380.470844	151.801000
1.785768	3379.687518	151.901000
1.785713	3378.944401	152.001000
1.785608	3378.254659	152.101000
1.785664	3377.419406	152.201000
1.785673	3376.636644	152.301000
1.785635	3375.870807	152.401000
1.785636	3375.086346	152.502000
1.785596	3374.354957	152.601000
1.785565	3373.602206	152.701000
1.785534	3372.819356	152.801000
1.785507	3372.078676	152.901000
1.785553	3371.299366	153.001000
1.785544	3370.536590	153.101000
1.785519	3369.836896	153.201000
1.785606	3368.995787	153.301000
1.785673	3368.221053	153.401000
1.785704	3367.437909	153.501000
1.785605	3366.714301	153.601000
1.785608	3365.950721	153.701000
1.785617	3365.183080	153.801000
1.785641	3364.404852	153.901000
1.785663	3363.616342	154.001000
1.785744	3362.833160	154.101000
1.785728	3362.092755	154.201000
1.785670	3361.360924	154.301000
1.785649	3360.567250	154.401000
1.785672	3359.798298	154.501000
1.785711	3359.017642	154.601000
1.785698	3358.259314	154.701000
1.785662	3357.494338	154.801000
1.785664	3356.734823	154.901000
1.785682	3355.974964	155.001000
1.785650	3355.250364	155.101000
1.785584	3354.506893	155.201000
1.785571	3353.804754	155.301000
1.785516	3353.005370	155.401000
1.785476	3352.250859	155.501000
1.785470	3351.484203	155.601000
1.785524	3350.707416	155.701000
1.785563	3350.462092	155.801000
1.785521	3349.724481	155.901000
1.785543	3348.610645	156.001000
1.785591	3347.646283	156.101000
1.785639	3346.856655	156.201000
1.785624	3346.144380	156.301000
1.785644	3345.429739	156.401000
1.785731	3344.595731	156.501000
1.785748	3343.841867	156.601000
1.785709	3343.113831	156.701000
1.785680	3342.372135	156.801000
1.785728	3341.607067	156.901000
1.785697	3340.859383	157.001000
1.785689	3340.111823	157.101000
1.785686	3339.360722	157.201000
1.785690	3338.598834	157.301000
1.785651	3337.879665	157.401000
1.785567	3337.203530	157.501000
1.785529	3336.435605	157.601000
1.785549	3335.683081	157.701000
1.785549	3334.940403	157.801000
1.785529	3334.173589	157.901000
1.785558	3333.428943	158.001000
1.785574	3332.675577	158.101000
1.785558	3331.916010	158.201000
1.785518	3331.189808	158.301000
1.785556	3330.426015	158.401000
1.785563	3329.683540	158.501000
1.785586	3328.930639	158.601000
1.785537	3328.183593	158.701000
1.785615	3327.412236	158.801000
1.785659	3326.653214	158.901000
1.785679	3325.899403	159.001000
1.785676	3325.128643	159.101000
1.785691	3324.385396	159.201000
1.785695	3323.630181	159.301000
1.785697	3322.886651	159.401000
1.785616	3322.201793	159.501000
1.785664	3321.494236	159.601000
1.785691	3320.719573	159.701000
1.785637	3319.992300	159.801000
1.785578	3319.272924	159.901000
1.785591	3318.542988	160.001000
1.785591	3317.820662	160.101000
1.785519	3317.083348	160.201000
1.785494	3316.346801	160.301000
1.785518	3315.612499	160.401000
1.785533	3314.845348	160.501000
1.785539	3314.114511	160.601000
1.785458	3313.474936	160.701000
1.785455	3312.679078	160.801000
1.785461	3311.935619	160.901000
1.785513	3311.379776	161.001000
1.785525	3311.083151	161.101000
1.785559	3310.004191	161.201000
1.785629	3308.911562	161.301000
1.785624	3308.185975	161.401000
1.785583	3307.461585	161.501000
1.785632	3306.715677	161.601000
1.785646	3305.966112	161.701000
1.785633	3305.233890	161.801000
1.785579	3304.490861	161.901000
1.785597	3303.731825	162.001000
1.785653	3302.981381	162.101000
1.785660	3302.254483	162.201000
1.785631	3301.528315	162.301000
1.785659	3300.792002	162.401000
1.785620	3300.072743	162.501000
1.785590	3299.344899	162.601000
1.785513	3298.654068	162.701000
1.785535	3297.965686	162.801000
1.785528	3297.220913	162.901000
1.785502	3296.489148	163.001000
1.785438	3295.824849	163.101000
1.785394	3295.104091	163.201000
1.785402	3294.372986	163.301000
1.785430	3293.618527	163.401000
1.785388	3292.919467	163.501000
1.785457	3292.157472	163.601000
1.785480	3291.416242	163.701000
1.785507	3290.655604	163.801000
1.785500	3290.007546	163.901000
1.785500	3289.229755	164.001000
1.785567	3288.482431	164.101000
1.785584	3287.732804	164.201000
1.785573	3286.988584	164.301000
1.785628	3286.234161	164.401000
1.785672	3285.508710	164.501000
1.785636	3284.799073	164.601000
1.785592	3284.107211	164.701000
1.785572	3283.380246	164.801000
1.785589	3282.676376	164.901000
1.785555	3281.971116	165.001000
1.785528	3281.233927	165.101000
1.785487	3280.531823	165.201000
1.785505	3279.815822	165.301000
1.785544	3279.062194	165.401000
1.785481	3278.375782	165.501000
1.785485	3277.639561	165.601000
1.785505	3276.923099	165.701000
1.785479	3276.201999	165.801000
1.785490	3275.475176	165.901000
1.785467	3274.826611	166.001000
1.785585	3274.076307	166.101000
1.785689	3273.484318	166.201000
1.785745	3273.211785	166.301000
1.785749	3272.376300	166.401000
1.785724	3271.209892	166.501000
1.785730	3270.461789	166.601000
1.785699	3269.727730	166.701000
1.785705	3269.026510	166.801000
1.785742	3268.304660	166.901000
1.785804	3267.570203	167.001000
1.785803	3266.907089	167.101000
1.785803	3266.159084	167.201000
1.785835	3265.418661	167.301000
1.785839	3264.705698	167.401000
1.785830	3263.972922	167.501000
1.785793	3263.273067	167.601000
1.785776	3262.563586	167.701000
1.785831	3261.846727	167.801000
1.785783	3261.148603	167.901000
1.785714	3260.473342	168.001000
1.785676	3259.786304	168.101000
1.785691	3259.094237	168.201000
1.785655	3258.356785	168.301000
1.785628	3257.639367	168.401000
1.785677	3256.916814	168.501000
1.785721	3256.176661	168.601000
1.785760	3255.462359	168.701000
1.785765	3254.736812	168.801000
1.785731	3254.026301	168.901000
1.785746	3253.323305	169.001000
1.785843	3252.599880	169.101000
1.785872	3251.918883	169.201000
1.785869	3251.160961	169.301000
1.785932	3250.416630	169.401000
1.785999	3249.718178	169.501000
1.786062	3248.997068	169.601000
1.785974	3248.343719	169.701000
1.785940	3247.620290	169.801000
1.785920	3246.929995	169.901000
1.785911	3246.215518	170.001000
1.785873	3245.559078	170.101000
1.785858	3244.854767	170.201000
1.785951	3244.201877	170.301000
1.785921	3243.473847	170.401000
1.785881	3242.788019	170.501000
1.785841	3242.075313	170.601000
1.785834	3241.375566	170.701000
1.785854	3240.640234	170.801000
1.785798	3239.949073	170.901000
1.785757	3239.260007	171.001000
1.785771	3238.549710	171.101000
1.785816	3237.821665	171.201000
1.785833	3237.152999	171.301000
1.785780	3236.488672	171.401000
1.785789	3236.411292	171.501000
1.785832	3235.485081	171.601000
1.785855	3234.403750	171.701000
1.785861	3233.592799	171.801000
1.785896	3232.843330	171.901000
1.785921	3232.144094	172.001000
1.785906	3231.425814	172.101000
1.785849	3230.745073	172.201000
1.785834	3230.054792	172.301000
1.785884	3229.384652	172.401000
1.785920	3228.638910	172.501000
1.785858	3227.967631	172.601000
1.785844	3227.257496	172.701000
1.785873	3226.554815	172.801000
1.785936	3225.852941	172.901000
1.785920	3225.165333	173.001000
1.785877	3224.488029	173.101000
1.785849	3223.782711	173.201000
1.785832	3223.089363	173.301000
1.785819	3222.393492	173.401000
1.785787	3221.783428	173.501000
1.785757	3221.019651	173.601000
1.785786	3220.324263	173.701000
1.785787	3219.617810	173.801000
1.785781	3218.926293	173.901000
1.785801	3218.196438	174.001000
1.785814	3217.508863	174.101000
1.785822	3216.778970	174.201000
1.785809	3216.107850	174.301000
1.785815	3215.410935	174.401000
1.785917	3214.712069	174.501000
1.785930	3214.032637	174.601000
1.785880	3213.302522	174.701000
1.785844	3212.645067	174.801000
1.785856	3211.925463	174.901000
1.785909	3211.208867	175.001000
1.785921	3210.522010	175.101000
1.785885	3209.826980	175.201000
1.785924	3209.129218	175.301000
1.785899	3208.433769	175.401000
1.785895	3207.727345	175.501000
1.785882	3207.094986	175.601000
1.785831	3206.411739	175.701000
1.785829	3205.718117	175.801000
1.785832	3205.031689	175.901000
1.785767	3204.352422	176.001000
1.785759	3203.662049	176.101000
1.785811	3202.957763	176.201000
1.785826	3202.276919	176.301000
1.785801	3201.594603	176.401000
1.785730	3200.961870	176.501000
1.785759	3200.264775	176.601000
1.785806	3199.916501	176.701000
1.785839	3199.436714	176.801000
1.785804	3198.493753	176.901000
1.785758	3197.507894	177.001000
1.785858	3196.814586	177.101000
1.785926	3196.101798	177.201000
1.785930	3195.417117	177.301000
1.785909	3194.724653	177.401000
1.785905	3194.040112	177.501000
1.785904	3193.362490	177.601000
1.785940	3192.663713	177.701000
1.785938	3191.987430	177.801000
1.785929	3191.272731	177.901000
1.785931	3190.591595	178.001000
1.785847	3189.924854	178.101000
1.785801	3189.267700	178.201000
1.785762	3188.602062	178.301000
1.785771	3187.938416	178.401000
1.785762	3187.234143	178.501000
1.785718	3186.559253	178.601000
1.785687	3185.901804	178.701000
1.785740	3185.206149	178.801000
1.785705	3184.510103	178.901000
1.785692	3183.810248	179.001000
1.785599	3183.152292	179.101000
1.785566	3182.489071	179.201000
1.785615	3181.799799	179.301000
1.785634	3181.103200	179.401000
1.785599	3180.437890	179.501000
1.785614	3179.743118	179.601000
1.785663	3179.038621	179.701000
1.785696	3178.341210	179.801000
1.785702	3177.725865	179.901000
1.785629	3177.037428	180.001000
1.785709	3176.371621	180.101000
1.785713	3175.674645	180.201000
1.785757	3174.986691	180.301000
1.785773	3174.315703	180.401000
1.785791	3173.611777	180.501000
1.785744	3172.935032	180.601000
1.785680	3172.249177	180.701000
1.785603	3171.608924	180.801000
1.785564	3170.959677	180.901000
1.785559	3170.315582	181.001000
1.785549	3169.596145	181.101000
1.785526	3168.927318	181.201000
1.785478	3168.272276	181.301000
1.785501	3167.688342	181.401000
1.785537	3166.908870	181.501000
1.785506	3166.241652	181.601000
1.785385	3165.623089	181.701000
1.785346	3164.942744	181.801000
1.785321	3164.264542	181.901000
1.785335	3164.293081	182.001000
1.785363	3163.379603	182.101000
1.785371	3162.314854	182.201000
1.785408	3161.551361	182.301000
1.785456	3160.872223	182.401000
1.785482	3160.195411	182.501000
1.785500	3159.498497	182.601000
1.785564	3158.825209	182.701000
1.785547	3158.130733	182.801000
1.785505	3157.471106	182.901000
1.785506	3156.797108	183.001000
1.785447	3156.200650	183.101000
1.785456	3155.466891	183.201000
1.785427	3154.799218	183.301000
1.785353	3154.158111	183.401000
1.785215	3153.535827	183.501000
1.785165	3152.905875	183.601000
1.785140	3152.238147	183.701000
1.785083	3151.567363	183.801000
1.785048	3150.913445	183.901000
1.785011	3150.256465	184.001000
1.784992	3149.614758	184.101000
1.784989	3148.953931	184.201000
1.784999	3148.255657	184.301000
1.784929	3147.622875	184.401000
1.784891	3146.965552	184.501000
1.784908	3146.284707	184.601000
1.784922	3145.600258	184.701000
1.784978	3144.924619	184.801000
1.785032	3144.250233	184.901000
1.784995	3143.582091	185.001000
1.785018	3142.914910	185.101000
1.785008	3142.277466	185.201000
1.785003	3141.624847	185.301000
1.785035	3140.930019	185.401000
1.784992	3140.256639	185.501000
1.784982	3139.561793	185.601000
1.784897	3138.925645	185.701000
1.784914	3138.263979	185.801000
1.785021	3137.572432	185.901000
1.785007	3136.939080	186.001000
