-6.000000E+01,-2.470401E-10,+9.910000E+37,+2.621689E+02,+2.150800E+04,
-5.950000E+01,-3.696350E-10,+9.910000E+37,+2.632285E+02,+2.150800E+04,
-5.900000E+01,-4.033129E-10,+9.910000E+37,+2.642910E+02,+2.150800E+04,
-5.850000E+01,-3.896804E-10,+9.910000E+37,+2.653711E+02,+2.150800E+04,
-5.800000E+01,-2.992487E-10,+9.910000E+37,+2.664307E+02,+2.150800E+04,
-5.750000E+01,-2.606222E-10,+9.910000E+37,+2.674922E+02,+2.150800E+04,
-5.700000E+01,-1.059608E-09,+9.910000E+37,+2.685713E+02,+2.150800E+04,
-5.650000E+01,-3.626161E-10,+9.910000E+37,+2.696299E+02,+2.150800E+04,
-5.600000E+01,-5.719001E-11,+9.910000E+37,+2.707139E+02,+2.150800E+04,
-5.550000E+01,-4.290077E-11,+9.910000E+37,+2.717725E+02,+2.150800E+04,
-5.500000E+01,+4.404033E-11,+9.910000E+37,+2.728516E+02,+2.150800E+04,
-5.450000E+01,+4.979639E-10,+9.910000E+37,+2.739111E+02,+2.150800E+04,
-5.400000E+01,-3.517548E-11,+9.910000E+37,+2.749687E+02,+2.150800E+04,
-5.350000E+01,+5.082628E-10,+9.910000E+37,+2.760313E+02,+2.150800E+04,
-5.300000E+01,-1.320695E-10,+9.910000E+37,+2.770928E+02,+2.150800E+04,
-5.250000E+01,-1.932658E-10,+9.910000E+37,+2.781729E+02,+2.150800E+04,
-5.200000E+01,-8.430412E-11,+9.910000E+37,+2.792314E+02,+2.150800E+04,
-5.150000E+01,-2.457652E-12,+9.910000E+37,+2.802920E+02,+2.150800E+04,
-5.100000E+01,+3.480130E-11,+9.910000E+37,+2.813535E+02,+2.150800E+04,
-5.050000E+01,+7.387772E-11,+9.910000E+37,+2.824131E+02,+2.150800E+04,
-5.000000E+01,+2.904585E-11,+9.910000E+37,+2.834746E+02,+2.150800E+04,
-4.950000E+01,-1.057631E-10,+9.910000E+37,+2.845332E+02,+2.150800E+04,
-4.900000E+01,+2.041269E-11,+9.910000E+37,+2.855918E+02,+2.150800E+04,
-4.850000E+01,+4.924034E-11,+9.910000E+37,+2.866553E+02,+2.150800E+04,
-4.800000E+01,-3.423175E-10,+9.910000E+37,+2.877168E+02,+2.150800E+04,
-4.750000E+01,+1.223446E-10,+9.910000E+37,+2.887744E+02,+2.150800E+04,
-4.700000E+01,+1.534246E-09,+9.910000E+37,+2.898369E+02,+2.150800E+04,
-4.650000E+01,+4.313151E-11,+9.910000E+37,+2.908965E+02,+2.150800E+04,
-4.600000E+01,-6.845514E-10,+9.910000E+37,+2.919541E+02,+2.150800E+04,
-4.550000E+01,-8.061642E-12,+9.910000E+37,+2.930146E+02,+2.150800E+04,
-4.500000E+01,-4.942473E-10,+9.910000E+37,+2.940762E+02,+2.150800E+04,
-4.450000E+01,-4.996957E-11,+9.910000E+37,+2.951377E+02,+2.150800E+04,
-4.400000E+01,-9.258459E-11,+9.910000E+37,+2.961973E+02,+2.150800E+04,
-4.350000E+01,-1.795315E-10,+9.910000E+37,+2.972559E+02,+2.150800E+04,
-4.300000E+01,-2.174460E-11,+9.910000E+37,+2.983154E+02,+2.150800E+04,
-4.250000E+01,-1.243440E-10,+9.910000E+37,+2.993750E+02,+2.150800E+04,
-4.200000E+01,-3.936623E-11,+9.910000E+37,+3.004336E+02,+2.150800E+04,
-4.150000E+01,-1.712004E-10,+9.910000E+37,+3.014941E+02,+2.150800E+04,
-4.100000E+01,-1.093983E-10,+9.910000E+37,+3.025547E+02,+2.150800E+04,
-4.050000E+01,-1.172751E-10,+9.910000E+37,+3.036143E+02,+2.150800E+04,
-4.000000E+01,-2.487053E-10,+9.910000E+37,+3.046758E+02,+2.150800E+04,
-3.950000E+01,-1.179314E-10,+9.910000E+37,+3.057354E+02,+2.150800E+04,
-3.900000E+01,-7.556881E-11,+9.910000E+37,+3.067939E+02,+2.150800E+04,
-3.850000E+01,-1.842270E-10,+9.910000E+37,+3.078555E+02,+2.150800E+04,
-3.800000E+01,-6.898013E-10,+9.910000E+37,+3.089160E+02,+2.150800E+04,
-3.750000E+01,-1.046016E-10,+9.910000E+37,+3.099746E+02,+2.150800E+04,
-3.700000E+01,-7.599844E-10,+9.910000E+37,+3.110322E+02,+2.150800E+04,
-3.650000E+01,-2.386523E-11,+9.910000E+37,+3.120908E+02,+2.150800E+04,
-3.600000E+01,-7.758842E-11,+9.910000E+37,+3.131748E+02,+2.150800E+04,
-3.550000E+01,-1.881149E-10,+9.910000E+37,+3.142324E+02,+2.150800E+04,
-3.500000E+01,-3.610995E-10,+9.910000E+37,+3.153184E+02,+2.150800E+04,
-3.450000E+01,+5.883254E-11,+9.910000E+37,+3.163770E+02,+2.150800E+04,
-3.400000E+01,-1.255257E-09,+9.910000E+37,+3.174326E+02,+2.150800E+04,
-3.350000E+01,-1.131851E-10,+9.910000E+37,+3.184922E+02,+2.150800E+04,
-3.300000E+01,+9.663720E-10,+9.910000E+37,+3.195547E+02,+2.150800E+04,
-3.250000E+01,-8.536401E-11,+9.910000E+37,+3.206162E+02,+2.150800E+04,
-3.200000E+01,-1.955373E-10,+9.910000E+37,+3.217012E+02,+2.150800E+04,
-3.150000E+01,+1.223377E-11,+9.910000E+37,+3.227637E+02,+2.150800E+04,
-3.100000E+01,-2.939452E-10,+9.91000






































































































current through plasma (-mA) <tab> voltage across plasma (-V) <tab> time (sec)
1.783855	6519.087700	0.002000
1.784691	6515.507447	0.102000
1.784718	6513.289809	0.202000
1.784648	6511.294084	0.302000
1.784694	6508.829667	0.402000
1.784673	6505.480961	0.502000
1.784703	6503.566146	0.602000
1.784646	6500.928415	0.702000
1.784636	6498.593988	0.802000
1.784660	6496.214949	0.902000
1.784609	6493.625123	1.002000
1.784568	6491.443893	1.102000
1.784566	6489.003564	1.202000
1.784514	6486.526288	1.302000
1.784555	6484.118125	1.402000
1.784550	6481.701351	1.502000
1.784585	6479.336879	1.602000
1.784618	6476.789110	1.702000
1.784652	6474.369776	1.802000
1.784753	6472.020233	1.902000
1.784715	6469.636976	2.002000
1.784748	6467.179356	2.102000
1.784767	6464.769282	2.202000
1.784743	6462.336168	2.302000
1.784791	6460.014994	2.403000
1.784715	6457.548029	2.502000
1.784759	6455.105929	2.602000
1.784776	6452.731694	2.702000
1.784749	6450.344128	2.802000
1.784718	6447.956204	2.902000
1.784598	6445.571985	3.002000
1.784571	6443.213278	3.102000
1.784557	6440.850681	3.202000
1.784550	6438.405713	3.302000
1.784523	6436.033630	3.402000
1.784443	6433.731819	3.502000
1.784477	6431.269069	3.602000
1.784482	6428.867687	3.702000
1.784504	6426.460077	3.802000
1.784600	6424.064303	3.902000
1.784481	6421.739357	4.002000
1.784530	6419.341014	4.102000
1.784539	6416.908834	4.202000
1.784576	6414.504053	4.302000
1.784597	6412.126537	4.402000
1.784602	6409.759954	4.502000
1.784640	6407.363876	4.602000
1.784659	6404.953659	4.702000
1.784691	6402.586110	4.802000
1.784728	6400.186760	4.902000
1.784647	6397.887407	5.002000
1.784624	6395.528246	5.102000
1.784547	6393.177211	5.202000
1.784591	6390.788219	5.302000
1.784629	6388.414869	5.402000
1.784530	6386.466572	5.502000
1.784513	6384.370244	5.602000
1.784518	6381.708663	5.702000
1.784529	6379.019212	5.802000
1.784557	6376.679331	5.902000
1.784511	6374.388207	6.002000
1.784519	6372.004964	6.102000
1.784496	6369.644946	6.202000
1.784529	6367.276745	6.302000
1.784586	6364.908854	6.402000
1.784573	6362.533952	6.502000
1.784630	6360.181201	6.602000
1.784653	6357.867691	6.702000
1.784672	6355.435044	6.802000
1.784703	6353.096341	6.902000
1.784724	6350.770067	7.002000
1.784767	6348.415076	7.102000
1.784723	6346.071273	7.202000
1.784713	6343.736125	7.302000
1.784780	6341.371025	7.402000
1.784702	6339.098915	7.502000
1.784673	6336.746611	7.602000
1.784689	6334.418747	7.702000
1.784641	6332.130260	7.802000
1.784678	6329.776464	7.902000
1.784589	6327.508137	8.002000
1.784587	6325.183033	8.102000
1.784534	6322.858445	8.202000
1.784539	6320.507315	8.302000
1.784636	6318.147718	8.402000
1.784563	6315.851554	8.502000
1.784566	6313.506900	8.602000
1.784642	6311.167640	8.702000
1.784672	6308.842647	8.802000
1.784744	6306.526634	8.902000
1.784731	6304.196744	9.002000
1.784740	6301.885801	9.102000
1.784767	6299.550883	9.202000
1.784815	6297.221874	9.302000
1.784809	6294.896420	9.402000
1.784781	6292.609679	9.502000
1.784765	6290.281321	9.602000
1.784822	6287.928894	9.702000
1.784795	6285.654420	9.802000
1.784823	6283.385634	9.902000
1.784792	6281.082967	10.002000
1.784703	6278.795036	10.102000
1.784700	6276.509377	10.202000
1.784642	6274.197097	10.302000
1.784673	6271.886153	10.402000
1.784624	6269.601234	10.502000
1.784581	6267.325326	10.602000
1.784625	6265.051011	10.702000
1.784632	6263.392207	10.802000
1.784670	6260.875520	10.902000
1.784819	6258.151353	11.002000
1.784823	6255.759734	11.102000
1.784859	6253.456410	11.202000
1.784856	6251.153783	11.302000
1.784903	6248.830417	11.402000
1.784965	6246.512716	11.502000
1.784897	6244.282780	11.602000
1.784937	6241.942421	11.702000
1.784947	6239.645604	11.802000
1.784962	6237.365873	11.902000
1.785056	6235.087057	12.002000
1.784977	6232.918748	12.102000
1.784909	6230.588563	12.202000
1.784890	6228.325847	12.302000
1.784855	6226.052303	12.402000
1.784884	6223.774935	12.502000
1.784812	6221.533782	12.602000
1.784787	6219.272306	12.702000
1.784786	6216.983485	12.802000
1.784811	6214.722123	12.902000
1.784800	6212.440187	13.002000
1.784817	6210.217640	13.102000
1.784792	6207.970260	13.202000
1.784834	6205.644211	13.302000
1.784808	6203.392689	13.402000
1.784901	6201.083137	13.502000
1.784983	6198.792290	13.602000
1.784979	6196.517844	13.702000
1.784983	6194.255513	13.802000
1.785006	6192.016581	13.902000
1.784998	6189.750016	14.002000
1.785070	6187.512447	14.102000
1.785009	6185.348177	14.202000
1.784975	6183.059831	14.302000
1.784911	6180.812118	14.402000
1.784873	6178.578540	14.502000
1.784929	6176.297275	14.602000
1.784886	6174.084886	14.702000
1.784819	6171.844427	14.802000
1.784818	6169.613958	14.902000
1.784817	6167.349093	15.002000
1.784812	6165.127091	15.102000
1.784803	6162.884979	15.202000
1.784817	6160.708641	15.302000
1.784870	6158.388981	15.402000
1.784829	6156.161058	15.502000
1.784914	6153.895191	15.602000
1.784982	6151.645514	15.702000
1.784944	6149.430985	15.802000
1.784982	6147.175379	15.902000
1.785028	6145.357037	16.002000
1.785012	6143.258677	16.102000
1.785051	6140.719791	16.202000
1.785006	6138.340563	16.302000
1.785003	6136.120669	16.402000
1.785024	6133.837999	16.502000
1.784921	6131.666554	16.602000
1.784977	6129.419702	16.702000
1.784968	6127.207931	16.802000
1.784906	6124.988809	16.902000
1.784924	6122.779983	17.002000
1.784889	6120.593952	17.102000
1.784859	6118.374070	17.202000
1.784936	6116.165947	17.302000
1.784845	6114.032827	17.402000
1.784883	6111.795945	17.502000
1.784857	6109.573432	17.602000
1.784856	6107.332988	17.702000
1.784920	6105.128398	17.802000
1.784895	6102.943364	17.902000
1.784945	6100.715808	18.002000
1.785035	6098.461005	18.102000
1.785039	6096.274008	18.202000
1.785069	6094.067054	18.302000
1.785104	6091.871224	18.402000
1.785076	6089.745754	18.502000
1.785071	6087.497822	18.602000
1.785087	6085.293176	18.702000
1.785027	6083.111022	18.802000
1.785022	6080.930138	18.902000
1.784953	6078.772511	19.002000
1.784960	6076.557641	19.102000
1.784966	6074.340301	19.202000
1.784948	6072.176218	19.302000
1.784928	6070.007362	19.402000
1.784854	6067.863549	19.502000
1.784808	6065.697901	19.602000
1.784844	6063.491782	19.702000
1.784812	6061.299897	19.802000
1.784790	6059.111461	19.902000
1.784840	6056.942835	20.002000
1.784814	6054.806881	20.102000
1.784864	6052.555972	20.202000
1.784880	6050.358785	20.302000
1.784928	6048.194997	20.402000
1.785017	6046.001892	20.502000
1.784996	6043.886975	20.602000
1.784968	6041.688789	20.702000
1.785023	6039.516444	20.802000
1.784973	6037.359845	20.902000
1.784967	6035.187225	21.002000
1.784948	6033.035327	21.102000
1.784917	6031.020940	21.202000
1.784898	6029.430058	21.302000
1.784879	6026.935281	21.402000
1.784878	6024.409849	21.502000
1.784894	6022.262230	21.602000
1.784846	6020.178525	21.702000
1.784796	6017.994435	21.802000
1.784817	6015.822608	21.902000
1.784783	6013.669043	22.003000
1.784811	6011.526137	22.102000
1.784779	6009.384299	22.202000
1.784661	6007.285180	22.302000
1.784708	6005.102167	22.402000
1.784772	6002.926170	22.502000
1.784779	6000.750101	22.602000
1.784825	5998.662729	22.702000
1.784835	5996.554870	22.802000
1.784823	5994.949099	22.902000
1.784866	5992.763685	23.002000
1.784842	5990.081676	23.102000
1.784865	5987.913279	23.202000
1.784878	5985.786678	23.302000
1.784825	5983.657265	23.402000
1.784805	5981.535259	23.502000
1.784836	5979.369217	23.603000
1.784785	5977.244462	23.702000
1.784758	5975.180769	23.802000
1.784715	5973.057350	23.902000
1.784695	5970.911842	24.002000
1.784714	5968.785772	24.102000
1.784691	5966.638420	24.202000
1.784700	5964.525992	24.302000
1.784771	5962.350502	24.402000
1.784709	5960.258753	24.502000
1.784743	5958.091493	24.602000
1.784815	5955.947834	24.702000
1.784841	5953.803065	24.802000
1.784844	5951.762787	24.902000
1.784858	5949.605521	25.002000
1.784869	5947.498327	25.102000
1.784913	5945.356383	25.202000
1.784894	5943.248188	25.302000
1.784859	5941.140020	25.402000
1.784956	5938.991467	25.502000
1.784873	5936.899625	25.602000
1.784860	5934.777991	25.702000
1.784918	5932.645458	25.802000
1.784886	5930.548122	25.902000
1.784865	5928.489408	26.002000
1.784871	5926.386002	26.102000
1.784795	5924.300325	26.202000
1.784758	5922.216585	26.303000
1.784730	5920.121199	26.402000
1.784714	5918.561621	26.502000
1.784712	5916.434944	26.602000
1.784701	5914.002229	26.702000
1.784693	5911.730415	26.802000
1.784751	5909.594509	26.902000
1.784744	5907.538372	27.002000
1.784763	5905.430241	27.102000
1.784925	5903.249084	27.202000
1.784870	5901.203088	27.302000
1.784896	5899.101242	27.402000
1.784933	5897.016441	27.502000
1.784923	5894.928096	27.602000
1.784935	5892.816597	27.702000
1.784919	5890.737842	27.802000
1.784928	5888.662566	27.902000
1.784898	5886.569004	28.002000
1.784912	5884.533578	28.102000
1.784879	5882.403822	28.202000
1.784889	5880.342606	28.302000
1.784945	5878.244941	28.402000
1.784909	5876.137464	28.504000
1.784872	5874.069317	28.602000
1.784856	5872.006277	28.702000
1.784815	5869.911069	28.802000
1.784861	5867.830103	28.902000
1.784813	5865.791849	29.002000
1.784828	5863.714815	29.102000
1.784890	5861.622182	29.202000
1.784869	5859.538063	29.302000
1.784948	5857.447325	29.402000
1.785050	5855.378044	29.502000
1.785000	5853.329221	29.602000
1.785015	5851.251259	29.702000
1.785006	5849.187056	29.802000
1.785033	5847.110267	29.902000
1.785031	5845.052389	30.002000
1.785024	5842.994157	30.102000
1.785031	5840.983682	30.202000
1.785017	5838.891876	30.302000
1.784997	5836.797364	30.402000
1.785017	5834.734470	30.502000
1.785073	5832.673683	30.602000
1.785037	5830.680536	30.702000
1.784955	5828.678366	30.802000
1.784919	5826.622721	30.902000
1.784879	5824.584052	31.002000
1.784862	5822.532891	31.102000
1.784953	5820.453453	31.202000
1.784875	5818.500432	31.302000
1.784830	5816.372184	31.402000
1.784896	5814.308884	31.502000
1.784885	5812.249263	31.602000
1.784904	5810.380492	31.702000
1.784960	5808.830509	31.802000
1.784932	5806.482263	31.902000
1.784944	5804.109295	32.002000
1.784964	5802.071885	32.102000
1.784965	5800.018006	32.202000
1.785051	5797.975599	32.302000
1.785094	5795.912391	32.403000
1.785026	5793.869194	32.502000
1.785006	5791.853772	32.602000
1.785002	5789.813260	32.702000
1.785027	5787.755192	32.802000
1.785008	5785.754718	32.902000
1.784976	5783.742872	33.002000
1.784915	5781.779525	33.102000
1.784895	5779.738364	33.202000
1.784856	5777.708958	33.302000
1.784849	5775.733978	33.402000
1.784913	5773.659706	33.502000
1.784851	5771.639857	33.602000
1.784822	5769.627716	33.702000
1.784860	5767.592706	33.802000
1.784898	5765.544169	33.902000
1.784933	5763.496449	34.002000
1.785001	5761.516434	34.102000
1.784955	5759.511948	34.202000
1.784965	5757.487540	34.302000
1.785041	5755.432317	34.402000
1.785018	5753.470883	34.502000
1.785036	5751.395901	34.602000
1.785126	5749.360371	34.702000
1.785056	5747.389908	34.802000
1.785016	5745.376960	34.902000
1.785100	5743.345647	35.002000
1.785046	5741.370437	35.102000
1.784984	5739.346800	35.202000
1.785052	5737.354849	35.302000
1.784945	5735.420187	35.402000
1.784889	5733.438468	35.503000
1.784916	5731.443900	35.602000
1.784866	5729.421366	35.702000
1.784841	5727.423369	35.802000
1.784873	5725.424281	35.902000
1.784823	5723.462540	36.002000
1.784858	5721.459937	36.102000
1.784938	5719.393441	36.202000
1.784937	5717.410656	36.302000
1.784966	5715.403352	36.402000
1.785089	5713.390235	36.502000
1.785011	5711.505687	36.602000
1.785026	5709.441843	36.702000
1.785074	5707.439764	36.802000
1.785032	5705.458813	36.902000
1.785050	5704.161116	37.002000
1.785101	5701.906315	37.102000
1.785044	5699.524945	37.202000
1.785033	5697.477458	37.302000
1.785043	5695.473613	37.402000
1.785000	5693.528882	37.502000
1.784988	5691.554504	37.602000
1.784962	5689.615555	37.702000
1.784878	5687.618540	37.802000
1.784857	5685.648636	37.902000
1.784850	5683.697941	38.002000
1.784818	5681.726104	38.102000
1.784837	5679.717201	38.202000
1.784853	5677.728160	38.302000
1.784806	5675.785106	38.402000
1.784830	5673.785892	38.502000
1.784831	5671.791786	38.602000
1.784867	5669.861866	38.702000
1.784919	5667.862871	38.802000
1.785045	5665.837148	38.902000
1.784970	5663.933716	39.002000
1.784966	5661.954591	39.102000
1.785013	5659.959226	39.202000
1.785004	5657.980989	39.302000
1.785031	5656.007760	39.402000
1.785057	5654.031463	39.502000
1.784997	5652.109739	39.602000
1.785004	5650.123689	39.702000
1.784972	5648.224708	39.802000
1.784967	5646.233520	39.902000
1.784981	5644.270192	40.002000
1.784987	5642.346949	40.102000
1.784890	5640.460984	40.202000
1.784826	5638.532483	40.302000
1.784854	5636.539776	40.403000
1.784806	5634.625280	40.502000
1.784828	5632.658018	40.602000
1.784927	5630.679886	40.702000
1.784823	5628.766035	40.802000
1.784837	5626.847455	40.902000
1.784908	5624.832681	41.002000
1.784930	5622.860348	41.102000
1.784930	5620.897437	41.202000
1.785009	5618.959839	41.302000
1.784952	5617.065007	41.402000
1.784976	5615.102347	41.502000
1.785040	5613.129993	41.602000
1.785023	5611.205539	41.702000
1.785028	5609.261852	41.802000
1.785102	5607.329382	41.902000
1.785036	5605.416868	42.002000
1.784971	5603.474630	42.102000
1.784989	5602.097874	42.202000
1.784999	5600.097630	42.302000
1.784945	5597.830759	42.402000
1.784958	5595.770689	42.502000
1.784905	5593.870965	42.602000
1.784881	5591.961973	42.702000
1.784872	5590.048092	42.802000
1.784830	5588.113055	42.902000
1.784834	5586.236876	43.002000
1.784895	5584.244821	43.102000
1.784910	5582.316030	43.202000
1.784906	5580.380893	43.302000
1.784903	5578.460795	43.402000
1.784900	5576.549867	43.502000
1.784937	5574.597354	43.602000
1.784980	5572.677641	43.703000
1.785047	5570.757215	43.802000
1.785013	5568.879316	43.902000
1.785030	5566.962169	44.002000
1.785018	5565.085083	44.102000
1.785003	5563.143813	44.202000
1.785061	5561.172713	44.302000
1.785114	5559.239362	44.403000
1.785039	5557.374411	44.502000
1.784972	5555.479137	44.602000
1.785011	5553.558475	44.702000
1.784992	5551.653602	44.802000
1.784971	5549.747065	44.902000
1.785029	5547.864224	45.002000
1.784929	5546.027871	45.102000
1.784865	5544.140414	45.202000
1.784870	5542.238140	45.302000
1.784866	5540.314101	45.402000
1.784854	5538.384087	45.503000
1.784885	5536.495553	45.603000
1.784819	5534.635323	45.702000
1.784844	5532.737411	45.802000
1.784930	5530.784399	45.902000
1.784935	5528.873336	46.002000
1.784989	5526.979984	46.102000
1.785018	5525.128371	46.202000
1.785047	5523.193231	46.302000
1.785028	5521.310880	46.402000
1.785042	5519.415732	46.502000
1.785057	5517.520860	46.602000
1.785064	5515.598478	46.702000
1.785016	5513.733336	46.802000
1.785014	5511.860038	46.902000
1.784981	5510.001151	47.002000
1.784965	5508.105866	47.102000
1.785005	5506.202468	47.202000
1.784963	5504.400843	47.302000
1.784947	5502.648128	47.402000
1.785000	5501.233318	47.502000
1.785005	5499.220853	47.602000
1.784984	5496.888033	47.702000
1.784998	5494.989300	47.802000
1.784976	5493.108834	47.902000
1.784957	5491.216396	48.002000
1.785025	5489.338251	48.102000
1.785021	5487.461061	48.202000
1.784997	5485.623474	48.302000
1.785058	5483.700989	48.403000
1.785101	5481.784342	48.502000
1.785101	5479.937271	48.602000
1.785170	5478.040955	48.702000
1.785215	5476.174227	48.802000
1.785167	5474.350419	48.903000
1.785151	5472.487190	49.002000
1.785122	5470.634182	49.102000
1.785139	5468.753980	49.202000
1.785160	5466.856564	49.302000
1.785189	5465.098071	49.402000
1.785108	5463.209917	49.502000
1.785041	5461.352756	49.602000
1.785099	5459.479213	49.702000
1.785109	5457.614630	49.802000
1.785051	5455.784435	49.902000
1.785103	5453.912357	50.002000
1.785066	5452.116023	50.102000
1.785015	5450.302551	50.202000
1.785023	5448.443728	50.302000
1.785030	5446.594934	50.402000
1.784969	5444.786662	50.502000
1.784984	5442.882947	50.602000
1.785058	5441.024930	50.702000
1.785033	5439.189182	50.802000
1.785053	5437.323203	50.902000
1.785088	5435.459051	51.002000
1.785093	5433.606598	51.102000
1.785126	5431.737578	51.202000
1.785208	5429.901936	51.302000
1.785200	5428.091822	51.402000
1.785192	5426.282873	51.502000
1.785207	5424.438739	51.602000
1.785201	5422.591787	51.702000
1.785140	5420.767023	51.802000
1.785160	5418.913858	51.902000
1.785203	5417.070042	52.002000
1.785164	5415.306898	52.102000
1.785084	5413.464232	52.202000
1.785071	5411.631290	52.302000
1.785051	5409.804546	52.402000
1.785064	5407.971035	52.502000
1.785054	5406.219132	52.602000
1.785047	5404.764034	52.702000
1.784979	5403.148944	52.802000
1.785001	5401.039417	52.902000
1.785042	5398.887587	53.002000
1.785044	5397.060698	53.102000
1.785097	5395.218090	53.202000
1.785118	5393.381705	53.302000
1.785089	5391.581178	53.402000
1.785121	5389.735388	53.502000
1.785184	5387.888991	53.602000
1.785189	5386.114431	53.702000
1.785241	5384.224958	53.802000
1.785256	5382.454564	53.902000
1.785214	5380.682720	54.002000
1.785191	5378.911181	54.102000
1.785216	5377.072236	54.202000
1.785202	5375.252364	54.302000
1.785125	5373.479466	54.402000
1.785134	5371.653749	54.502000
1.785153	5369.841872	54.602000
1.785086	5368.067094	54.702000
1.785052	5366.294620	54.802000
1.785011	5364.455493	54.902000
1.784965	5362.670580	55.002000
1.785009	5360.850876	55.102000
1.785032	5359.067012	55.202000
1.785050	5357.260998	55.302000
1.785087	5355.490661	55.402000
1.785053	5353.707689	55.502000
1.785058	5351.890531	55.602000
1.785111	5350.094055	55.702000
1.785141	5348.289848	55.802000
1.785238	5346.484081	55.902000
1.785182	5344.683872	56.002000
1.785136	5342.892046	56.102000
1.785206	5341.041617	56.202000
1.785221	5339.240348	56.302000
1.785221	5337.451308	56.402000
1.785255	5335.648976	56.502000
1.785257	5333.858211	56.602000
1.785235	5332.116366	56.702000
1.785196	5330.348393	56.802000
1.785210	5328.609785	56.902000
1.785158	5326.778666	57.002000
1.785164	5324.982181	57.102000
1.785178	5323.222039	57.202000
1.785109	5321.483483	57.302000
1.785069	5319.688360	57.402000
1.785065	5317.894286	57.502000
1.785125	5316.108768	57.602000
1.785064	5314.361048	57.702000
1.785060	5312.586006	57.802000
1.785085	5310.958678	57.902000
1.785062	5309.688373	58.002000
1.785054	5307.694155	58.102000
1.785055	5305.533702	58.202000
1.785039	5303.718146	58.302000
1.785097	5301.905310	58.402000
1.785152	5300.124124	58.502000
1.785177	5298.339667	58.602000
1.785131	5296.583674	58.702000
1.785136	5294.784615	58.802000
1.785232	5292.981396	58.902000
1.785211	5291.309801	59.002000
1.785178	5289.507371	59.102000
1.785225	5287.714238	59.202000
1.785171	5285.991416	59.302000
1.785143	5284.254975	59.402000
1.785114	5282.509791	59.502000
1.785080	5280.734962	59.602000
1.785060	5278.986302	59.703000
1.785040	5277.217467	59.802000
1.785080	5275.476636	59.902000
1.785001	5273.742882	60.002000
1.784965	5272.037768	60.102000
1.784977	5270.210802	60.202000
1.785021	5268.427566	60.302000
1.785024	5266.670206	60.402000
1.785038	5264.928545	60.502000
1.785158	5263.174304	60.602000
1.785123	5261.422718	60.702000
1.785091	5259.674775	60.802000
1.785171	5257.908690	60.902000
1.785165	5256.147238	61.002000
1.785145	5254.381574	61.102000
1.785178	5252.690561	61.202000
1.785195	5250.891299	61.302000
1.785147	5249.187406	61.402000
1.785150	5247.440125	61.502000
1.785209	5245.679673	61.602000
1.785155	5243.960908	61.702000
1.785173	5242.206894	61.802000
1.785212	5240.468017	61.902000
1.785171	5238.780379	62.002000
1.785096	5237.103466	62.102000
1.785060	5235.384966	62.202000
1.785047	5233.685535	62.302000
1.785033	5231.910745	62.402000
1.785030	5230.163723	62.502000
1.785045	5228.451921	62.602000
1.784981	5226.759585	62.702000
1.785001	5225.017016	62.802000
1.785022	5223.265208	62.902000
1.785048	5221.515550	63.002000
1.785064	5219.806583	63.102000
1.785083	5218.554702	63.202000
1.785142	5216.894910	63.302000
1.785167	5214.884360	63.402000
1.785187	5212.882468	63.502000
1.785181	5211.171060	63.602000
1.785199	5209.434268	63.702000
1.785185	5207.711887	63.802000
1.785182	5205.986241	63.902000
1.785234	5204.268235	64.002000
1.785160	5202.586506	64.102000
1.785130	5200.852033	64.202000
1.785147	5199.120357	64.302000
1.785115	5197.444396	64.402000
1.785112	5195.719103	64.502000
1.785101	5194.004082	64.602000
1.785167	5192.294944	64.702000
1.785042	5190.662473	64.802000
1.785005	5188.952111	64.902000
1.785022	5187.269548	65.002000
1.785037	5185.552163	65.102000
1.785041	5183.848314	65.202000
1.785019	5182.116643	65.302000
1.785063	5180.411258	65.402000
1.785024	5178.787472	65.502000
1.785068	5176.998597	65.602000
1.785150	5175.255726	65.702000
1.785157	5173.537542	65.802000
1.785186	5171.828636	65.902000
1.785186	5170.136539	66.002000
1.785314	5168.433296	66.102000
1.785216	5166.789923	66.202000
1.785238	5165.077750	66.302000
1.785239	5163.389847	66.402000
1.785166	5161.717930	66.502000
1.785168	5160.055896	66.602000
1.785201	5158.306908	66.702000
1.785235	5156.610675	66.802000
1.785107	5154.976611	66.902000
1.785043	5153.277950	67.002000
1.785050	5151.604844	67.102000
1.785061	5149.915006	67.202000
1.785080	5148.218016	67.302000
1.785041	5146.561308	67.402000
1.785094	5144.874137	67.502000
1.785009	5143.285687	67.602000
1.785041	5141.574173	67.702000
1.785099	5139.851566	67.803000
1.785073	5138.178127	67.902000
1.785075	5136.506198	68.002000
1.785138	5134.812441	68.102000
1.785227	5133.090736	68.202000
1.785186	5131.443855	68.302000
1.785211	5129.847251	68.402000
1.785172	5128.817305	68.502000
1.785219	5127.053492	68.602000
1.785238	5125.165978	68.702000
1.785206	5123.167100	68.802000
1.785320	5121.364710	68.902000
1.785252	5119.732569	69.002000
1.785278	5118.041094	69.102000
1.785261	5116.381301	69.202000
1.785261	5114.710486	69.302000
1.785204	5113.068199	69.402000
1.785218	5111.383547	69.502000
1.785284	5109.710290	69.602000
1.785148	5108.130109	69.702000
1.785152	5106.459655	69.802000
1.785144	5104.769178	69.902000
1.785187	5103.095905	70.002000
1.785172	5101.438599	70.102000
1.785126	5099.764998	70.202000
1.785196	5098.125921	70.302000
1.785177	5096.515868	70.402000
1.785189	5094.904021	70.502000
1.785211	5093.188899	70.602000
1.785256	5091.498489	70.702000
1.785202	5089.923767	70.802000
1.785270	5088.213372	70.902000
1.785376	5086.517353	71.002000
1.785381	5084.858565	71.103000
1.785353	5083.235220	71.202000
1.785302	5081.602053	71.302000
1.785351	5079.948501	71.402000
1.785325	5078.309815	71.502000
1.785316	5076.650833	71.602000
1.785305	5075.040359	71.702000
1.785318	5073.421457	71.802000
1.785249	5071.895104	71.902000
1.785177	5070.201459	72.002000
1.785202	5068.601051	72.102000
1.785195	5066.930590	72.202000
1.785189	5065.296438	72.302000
1.785158	5063.678669	72.402000
1.785192	5062.043334	72.502000
1.785122	5060.435832	72.602000
1.785164	5058.783309	72.702000
1.785203	5057.113474	72.802000
1.785224	5055.478776	72.902000
1.785217	5053.889276	73.002000
1.785260	5052.198474	73.102000
1.785413	5050.538777	73.202000
1.785369	5048.955079	73.302000
1.785356	5047.341681	73.402000
1.785330	5045.730988	73.502000
1.785405	5044.078706	73.603000
1.785367	5042.780801	73.702000
1.785397	5041.409334	73.802000
1.785352	5039.579025	73.902000
1.785308	5037.643422	74.002000
1.785294	5036.058399	74.102000
1.785281	5034.391374	74.202000
1.785328	5032.752318	74.302000
1.785254	5031.165201	74.402000
1.785258	5029.555518	74.502000
1.785229	5027.961868	74.602000
1.785260	5026.330308	74.702000
1.785236	5024.766527	74.802000
1.785237	5023.127884	74.902000
1.785210	5021.542892	75.002000
1.785226	5019.982321	75.102000
1.785194	5018.319338	75.202000
1.785209	5016.695710	75.303000
1.785300	5015.085534	75.402000
1.785245	5013.498038	75.502000
1.785253	5011.885417	75.602000
1.785248	5010.289441	75.702000
1.785343	5008.593546	75.802000
1.785326	5007.017511	75.902000
1.785352	5005.414073	76.002000
1.785384	5003.834369	76.102000
1.785428	5002.266749	76.202000
1.785358	5000.674759	76.302000
1.785328	4999.056364	76.402000
1.785364	4997.470942	76.502000
1.785324	4995.893218	76.602000
1.785302	4994.283504	76.703000
1.785258	4992.699157	76.802000
1.785278	4991.120567	76.902000
1.785194	4989.558477	77.002000
1.785191	4987.959756	77.102000
1.785168	4986.405482	77.202000
1.785135	4984.791058	77.302000
1.785103	4983.198659	77.402000
1.785125	4981.612541	77.502000
1.785180	4980.011781	77.602000
1.785169	4978.431180	77.702000
1.785098	4976.913942	77.802000
1.785124	4975.328941	77.902000
1.785200	4973.699481	78.002000
1.785216	4972.105982	78.102000
1.785236	4970.515934	78.202000
1.785268	4968.985230	78.302000
1.785389	4967.325825	78.402000
1.785351	4965.761869	78.502000
1.785356	4964.155744	78.602000
1.785346	4962.587415	78.702000
1.785373	4961.016315	78.802000
1.785355	4959.523219	78.902000
1.785328	4958.567094	79.002000
1.785319	4956.720868	79.102000
1.785325	4954.773491	79.203000
1.785250	4953.270905	79.302000
1.785202	4951.756268	79.402000
1.785218	4950.132047	79.502000
1.785165	4948.574385	79.602000
1.785180	4947.009974	79.702000
1.785178	4945.426047	79.802000
1.785222	4943.845039	79.902000
1.785143	4942.313633	80.002000
1.785137	4940.730375	80.102000
1.785136	4939.152503	80.202000
1.785245	4937.558787	80.302000
1.785202	4936.039966	80.402000
1.785222	4934.444811	80.502000
1.785203	4932.866198	80.602000
1.785203	4931.292498	80.702000
1.785203	4929.766460	80.802000
1.785218	4928.168604	80.902000
1.785229	4926.592821	81.002000
1.785184	4925.048541	81.102000
1.785196	4923.503088	81.202000
1.785232	4921.908767	81.302000
1.785316	4920.346945	81.402000
1.785260	4918.878490	81.502000
1.785232	4917.262411	81.602000
1.785156	4915.725610	81.702000
1.785203	4914.170343	81.802000
1.785202	4912.617600	81.902000
1.785201	4911.061275	82.002000
1.785128	4909.568726	82.102000
1.785165	4908.022276	82.202000
1.785075	4906.537411	82.302000
1.785085	4904.994951	82.402000
1.785086	4903.460528	82.502000
1.785068	4901.937202	82.602000
1.785020	4900.380768	82.702000
1.785053	4898.811367	82.802000
1.785153	4897.229999	82.902000
1.785203	4895.838356	83.002000
1.785146	4894.915135	83.102000
1.785130	4892.806703	83.202000
1.785151	4891.066618	83.302000
1.785185	4889.529752	83.402000
1.785254	4887.964470	83.502000
1.785247	4886.456737	83.602000
1.785317	4884.929923	83.702000
1.785311	4883.382500	83.802000
1.785303	4881.874199	83.902000
1.785250	4880.383373	84.002000
1.785289	4878.871439	84.102000
1.785241	4878.007550	84.202000
1.785217	4876.338592	84.302000
1.785150	4874.449489	84.402000
1.785201	4872.801262	84.502000
1.785126	4871.319901	84.602000
1.785100	4869.867875	84.702000
1.785052	4868.283939	84.802000
1.785078	4866.729503	84.902000
1.785032	4865.211410	85.002000
1.785093	4863.696968	85.102000
1.785116	4862.161491	85.202000
1.785199	4860.624616	85.302000
1.785106	4859.155656	85.402000
1.785114	4857.604681	85.502000
1.785102	4856.077149	85.602000
1.785199	4854.553876	85.702000
1.785198	4853.042614	85.802000
1.785189	4851.457682	85.902000
1.785212	4849.935755	86.002000
1.785251	4848.412675	86.102000
1.785226	4846.927494	86.202000
1.785247	4845.377189	86.302000
1.785238	4843.848702	86.402000
1.785239	4842.328232	86.502000
1.785208	4840.845564	86.602000
1.785211	4839.323723	86.702000
1.785271	4837.845763	86.802000
1.785240	4836.319966	86.902000
1.785165	4834.852862	87.002000
1.785136	4833.341801	87.102000
1.785133	4831.850662	87.202000
1.785123	4830.348753	87.302000
1.785097	4828.850001	87.402000
1.785073	4827.335581	87.502000
1.785078	4825.854951	87.602000
1.785030	4824.357016	87.702000
1.785061	4822.849542	87.802000
1.785067	4821.376943	87.902000
1.785099	4819.808678	88.002000
1.785076	4818.290926	88.102000
1.785114	4816.823691	88.202000
1.785151	4815.300077	88.302000
1.785279	4813.795746	88.402000
1.785258	4812.309710	88.502000
1.785228	4810.835230	88.602000
1.785189	4809.338098	88.702000
1.785222	4807.848363	88.802000
1.785232	4806.361215	88.902000
1.785242	4804.847820	89.002000
1.785208	4803.332536	89.102000
1.785242	4801.845116	89.202000
1.785151	4800.393773	89.302000
1.785155	4799.178492	89.402000
1.785136	4797.991979	89.502000
1.785155	4796.316379	89.602000
1.785115	4794.426298	89.702000
1.785097	4792.969016	89.802000
1.785087	4791.512319	89.902000
1.785186	4790.050171	90.002000
1.785123	4788.584662	90.102000
1.785069	4787.125076	90.202000
1.785061	4785.620548	90.302000
1.785108	4784.119625	90.402000
1.785092	4782.636536	90.502000
1.785115	4781.173589	90.602000
1.785141	4779.656001	90.702000
1.785246	4778.152500	90.802000
1.785215	4776.682154	90.902000
1.785239	4775.190822	91.002000
1.785229	4773.738497	91.102000
1.785276	4772.209888	91.202000
1.785276	4770.713027	91.302000
1.785289	4769.244477	91.402000
1.785265	4767.770274	91.502000
1.785337	4766.314710	91.602000
1.785279	4764.875726	91.702000
1.785228	4763.449117	91.802000
1.785184	4761.981777	91.902000
1.785191	4760.507038	92.002000
1.785142	4759.075597	92.102000
1.785103	4757.661165	92.202000
1.785123	4756.145622	92.302000
1.785193	4754.676047	92.402000
1.785102	4753.251183	92.502000
1.785088	4751.800500	92.602000
1.785083	4750.317018	92.702000
1.785096	4748.858073	92.802000
1.785121	4747.397066	92.902000
1.785153	4745.937369	93.002000
1.785138	4744.454152	93.102000
1.785175	4743.061373	93.202000
1.785214	4741.557041	93.302000
1.785241	4740.079277	93.402000
1.785255	4738.614331	93.502000
1.785287	4737.139861	93.602000
1.785278	4735.673114	93.702000
1.785318	4734.231382	93.802000
1.785336	4732.757659	93.902000
1.785382	4731.300050	94.002000
1.785421	4729.844646	94.102000
1.785373	4728.435543	94.202000
1.785375	4727.021767	94.302000
1.785359	4725.530128	94.402000
1.785391	4724.069815	94.502000
1.785333	4722.632844	94.602000
1.785321	4721.756480	94.702000
1.785290	4720.271081	94.802000
1.785356	4718.506337	94.902000
1.785251	4716.950805	95.002000
1.785235	4715.532363	95.102000
1.785221	4714.093161	95.202000
1.785222	4712.677216	95.302000
1.785186	4711.236725	95.402000
1.785206	4709.770054	95.502000
1.785210	4708.316985	95.602000
1.785269	4706.862195	95.702000
1.785251	4705.436421	95.802000
1.785264	4703.977076	95.902000
1.785262	4702.536926	96.002000
1.785352	4701.091837	96.102000
1.785335	4699.655816	96.202000
1.785405	4698.205801	96.302000
1.785380	4696.819952	96.402000
1.785475	4695.352116	96.502000
1.785474	4693.927346	96.602000
1.785392	4692.549531	96.702000
1.785373	4691.097008	96.802000
1.785375	4689.695121	96.902000
1.785367	4688.269797	97.002000
1.785355	4686.830227	97.102000
1.785352	4685.401349	97.202000
1.785399	4684.011904	97.302000
1.785426	4682.601884	97.402000
1.785361	4681.256336	97.502000
1.785361	4679.788618	97.602000
1.785365	4678.341207	97.702000
1.785362	4676.906764	97.802000
1.785313	4675.536054	97.902000
1.785352	4674.118345	98.002000
1.785382	4672.682473	98.102000
1.785504	4671.221520	98.202000
1.785436	4669.851595	98.302000
1.785441	4668.441717	98.402000
1.785437	4667.047463	98.502000
1.785513	4665.625777	98.602000
1.785531	4664.158167	98.702000
1.785521	4662.741911	98.802000
1.785507	4661.319803	98.902000
1.785566	4659.911979	99.002000
1.785537	4658.511792	99.102000
1.785530	4657.123922	99.202000
1.785508	4655.713922	99.302000
1.785512	4654.277100	99.402000
1.785513	4652.867502	99.502000
1.785457	4651.524885	99.602000
1.785476	4650.093918	99.703000
1.785470	4648.716127	99.802000
1.785488	4647.838248	99.902000
1.785436	4646.440219	100.002000
1.785389	4644.745720	100.102000
1.785329	4643.145522	100.202000
1.785422	4641.718732	100.302000
1.785392	4640.324153	100.402000
1.785361	4638.916481	100.502000
1.785340	4637.515891	100.602000
1.785396	4636.157266	100.702000
1.785383	4634.704968	100.802000
1.785406	4633.309054	100.902000
1.785404	4631.893283	101.002000
1.785463	4630.474768	101.102000
1.785492	4629.057842	101.202000
1.785499	4627.663428	101.302000
1.785541	4626.249397	101.402000
1.785577	4624.851012	101.502000
1.785674	4623.455083	101.602000
1.785558	4622.129840	101.702000
1.785561	4620.773162	101.802000
1.785521	4619.373151	101.902000
1.785552	4617.961528	102.002000
1.785531	4616.579075	102.102000
1.785492	4615.198508	102.202000
1.785441	4613.829234	102.302000
1.785466	4612.453085	102.402000
1.785391	4611.090624	102.502000
1.785351	4609.728023	102.602000
1.785319	4608.325152	102.702000
1.785346	4606.953479	102.802000
1.785354	4605.554696	102.902000
1.785305	4604.194253	103.002000
1.785389	4602.796189	103.102000
1.785389	4601.418245	103.202000
1.785465	4600.024123	103.302000
1.785373	4598.694205	103.402000
1.785465	4597.306358	103.502000
1.785451	4595.912162	103.602000
1.785520	4594.501559	103.702000
1.785511	4593.122823	103.802000
1.785509	4591.816862	103.902000
1.785543	4590.358214	104.002000
1.785613	4588.965139	104.102000
1.785628	4587.587638	104.203000
1.785549	4586.242044	104.302000
1.785496	4584.874108	104.402000
1.785454	4583.509487	104.502000
1.785514	4582.125055	104.602000
1.785502	4580.763590	104.702000
1.785493	4579.406141	104.802000
1.785392	4578.091195	104.902000
1.785455	4576.765761	105.002000
1.785466	4575.871223	105.102000
1.785356	4574.565990	105.202000
1.785337	4572.899438	105.302000
1.785333	4571.344078	105.402000
1.785325	4569.969986	105.502000
1.785287	4568.632794	105.602000
1.785356	4567.231491	105.702000
1.785395	4565.866614	105.802000
1.785503	4564.468974	105.902000
1.785431	4563.169260	106.003000
1.785461	4561.782146	106.102000
1.785475	4560.390188	106.202000
1.785527	4559.008799	106.302000
1.785514	4557.670855	106.402000
1.785571	4556.295560	106.502000
1.785559	4554.935869	106.602000
1.785535	4553.597377	106.702000
1.785513	4552.235728	106.802000
1.785380	4550.963871	106.902000
1.785385	4549.625399	107.002000
1.785363	4548.390670	107.102000
1.785348	4546.937776	107.202000
1.785292	4545.613695	107.302000
1.785309	4544.266005	107.402000
1.785292	4542.927532	107.502000
1.785326	4541.581742	107.602000
1.785317	4540.241054	107.702000
1.785266	4538.915106	107.802000
1.785259	4537.542279	107.902000
1.785236	4536.219059	108.002000
1.785291	4534.873003	108.102000
1.785276	4533.568081	108.202000
1.785320	4532.163112	108.302000
1.785337	4530.819644	108.402000
1.785421	4529.485086	108.502000
1.785413	4528.156806	108.602000
1.785393	4526.862490	108.702000
1.785412	4525.508518	108.802000
1.785435	4524.160431	108.902000
1.785484	4522.789712	109.002000
1.785413	4521.505584	109.102000
1.785424	4520.198092	109.202000
1.785420	4518.837929	109.302000
1.785466	4517.481204	109.402000
1.785431	4516.175712	109.502000
1.785374	4514.852161	109.602000
1.785298	4513.517711	109.702000
1.785210	4512.224272	109.802000
1.785243	4510.885610	109.902000
1.785241	4509.553385	110.002000
1.785254	4508.218675	110.102000
1.785206	4506.930492	110.202000
1.785316	4505.905795	110.302000
1.785298	4504.870886	110.402000
1.785257	4503.322899	110.502000
1.785267	4501.619603	110.602000
1.785323	4500.317122	110.702000
1.785356	4498.974927	110.802000
1.785341	4497.644218	110.902000
1.785357	4496.307148	111.002000
1.785358	4494.986833	111.102000
1.785448	4493.650438	111.202000
1.785374	4492.375810	111.302000
1.785390	4491.124379	111.402000
1.785359	4489.740448	111.502000
1.785386	4488.406318	111.602000
1.785405	4487.067587	111.702000
1.785337	4485.798528	111.802000
1.785374	4484.479176	111.902000
1.785356	4483.177683	112.002000
1.785410	4481.867355	112.102000
1.785388	4480.573779	112.202000
1.785340	4479.283727	112.302000
1.785303	4477.988168	112.402000
1.785273	4476.704458	112.502000
1.785295	4475.370728	112.602000
1.785271	4474.062633	112.702000
1.785265	4472.739610	112.802000
1.785250	4471.434826	112.902000
1.785332	4470.120520	113.002000
1.785277	4468.834357	113.102000
1.785277	4467.535903	113.202000
1.785310	4466.204922	113.302000
1.785369	4464.884984	113.402000
1.785391	4463.588391	113.502000
1.785386	4462.234842	113.602000
1.785430	4460.936266	113.702000
1.785448	4459.621219	113.802000
1.785531	4458.305361	113.902000
1.785515	4457.036081	114.002000
1.785430	4455.771144	114.102000
1.785418	4454.460746	114.202000
1.785377	4453.200825	114.302000
1.785404	4451.888766	114.402000
1.785351	4450.602613	114.502000
1.785360	4449.348368	114.602000
1.785274	4448.026848	114.702000
1.785307	4446.731497	114.802000
1.785286	4445.456263	114.902000
1.785215	4444.209613	115.002000
1.785228	4442.921237	115.102000
1.785221	4441.592003	115.202000
1.785255	4440.280362	115.302000
1.785241	4438.988703	115.402000
1.785315	4437.789410	115.502000
1.785377	4437.095865	115.602000
1.785400	4435.605143	115.702000
1.785507	4433.854068	115.802000
1.785438	4432.571743	115.902000
1.785454	4431.270380	116.002000
1.785441	4429.981627	116.102000
1.785501	4428.684805	116.202000
1.785470	4427.412727	116.302000
1.785457	4426.146612	116.402000
1.785441	4424.845333	116.502000
1.785438	4423.574275	116.602000
1.785458	4422.330864	116.702000
1.785350	4421.076329	116.802000
1.785317	4419.807826	116.902000
1.785256	4418.533037	117.002000
1.785301	4417.231474	117.102000
1.785299	4415.944742	117.202000
1.785264	4414.701016	117.302000
1.785283	4413.429960	117.402000
1.785249	4412.184209	117.502000
1.785361	4410.873014	117.602000
1.785339	4409.597056	117.702000
1.785337	4408.424479	117.802000
1.785365	4407.082257	117.902000
1.785392	4405.794335	118.002000
1.785394	4404.509027	118.102000
1.785393	4403.233171	118.202000
1.785445	4401.950992	118.302000
1.785439	4400.663706	118.402000
1.785520	4399.372625	118.502000
1.785518	4398.106011	118.602000
1.785449	4396.877080	118.703000
1.785443	4395.604796	118.802000
1.785397	4394.386222	118.902000
1.785451	4393.070162	119.002000
1.785420	4391.822303	119.102000
1.785417	4390.554217	119.202000
1.785386	4389.275910	119.302000
1.785356	4388.066130	119.402000
1.785418	4386.819470	119.502000
1.785318	4385.614206	119.602000
1.785296	4384.380867	119.702000
1.785298	4383.119049	119.802000
1.785337	4381.851185	119.902000
1.785346	4380.597487	120.002000
1.785291	4379.351455	120.102000
1.785317	4378.066536	120.202000
1.785326	4376.802633	120.302000
1.785459	4375.504466	120.402000
1.785467	4374.243576	120.502000
1.785443	4372.992635	120.602000
1.785441	4371.717021	120.702000
1.785422	4370.867350	120.802000
1.785506	4369.775016	120.902000
1.785520	4368.235634	121.002000
1.785558	4366.713493	121.102000
1.785518	4365.427692	121.202000
1.785477	4364.211084	121.302000
1.785520	4362.964749	121.402000
1.785467	4361.720166	121.502000
1.785526	4360.450581	121.602000
1.785478	4359.217793	121.702000
1.785440	4357.998964	121.802000
1.785418	4356.752680	121.902000
1.785328	4355.554004	122.002000
1.785392	4354.341665	122.102000
1.785386	4353.037892	122.202000
1.785477	4351.770396	122.302000
1.785430	4350.537544	122.402000
1.785422	4349.301279	122.502000
1.785437	4348.034170	122.602000
1.785436	4346.795178	122.702000
1.785534	4345.538697	122.802000
1.785516	4344.280877	122.902000
1.785542	4343.023791	123.002000
1.785549	4341.781779	123.102000
1.785566	4340.594334	123.202000
1.785659	4339.289471	123.302000
1.785545	4338.103668	123.402000
1.785544	4336.895242	123.502000
1.785537	4335.655183	123.602000
1.785548	4334.414390	123.702000
1.785512	4333.186198	123.802000
1.785424	4331.991754	123.902000
1.785444	4330.757806	124.002000
1.785371	4329.531880	124.102000
1.785489	4328.301974	124.202000
1.785477	4327.067153	124.302000
1.785401	4325.862100	124.402000
1.785380	4324.623750	124.502000
1.785333	4323.394364	124.602000
1.785401	4322.153737	124.702000
1.785432	4320.914305	124.802000
1.785452	4319.667922	124.902000
1.785454	4318.426883	125.002000
1.785408	4317.249184	125.102000
1.785522	4315.991250	125.202000
1.785559	4314.813565	125.302000
1.785559	4313.548420	125.402000
1.785581	4312.297428	125.502000
1.785528	4311.109042	125.602000
1.785586	4309.863287	125.702000
1.785568	4308.644074	125.802000
1.785582	4307.406463	125.902000
1.785591	4306.459404	126.002000
1.785539	4305.557832	126.102000
1.785560	4304.125773	126.202000
1.785443	4302.603814	126.302000
1.785456	4301.443590	126.402000
1.785431	4300.166229	126.502000
1.785445	4298.939138	126.602000
1.785421	4297.710268	126.702000
1.785373	4296.516625	126.802000
1.785414	4295.312798	126.902000
1.785398	4294.102932	127.002000
1.785479	4292.875357	127.102000
1.785526	4291.643754	127.202000
1.785430	4290.490401	127.302000
1.785442	4289.295865	127.402000
1.785433	4288.110799	127.502000
1.785511	4286.842766	127.602000
1.785563	4285.615026	127.702000
1.785560	4284.387836	127.802000
1.785567	4283.165758	127.902000
1.785571	4281.975977	128.002000
1.785618	4280.753892	128.102000
1.785581	4279.569234	128.202000
1.785531	4278.386524	128.302000
1.785544	4277.159387	128.402000
1.785506	4275.995192	128.502000
1.785535	4274.747486	128.602000
1.785517	4273.524587	128.702000
1.785458	4272.356443	128.802000
1.785458	4271.169475	128.902000
1.785402	4269.997676	129.002000
1.785453	4268.769206	129.102000
1.785446	4267.577994	129.202000
1.785422	4266.403169	129.302000
1.785417	4265.185291	129.402000
1.785362	4264.010214	129.502000
1.785430	4262.846786	129.602000
1.785476	4261.582353	129.702000
1.785492	4260.366995	129.802000
1.785532	4259.124192	129.902000
1.785512	4257.943509	130.002000
1.785588	4256.760686	130.102000
1.785548	4255.573482	130.202000
1.785541	4254.380727	130.302000
1.785565	4253.167590	130.402000
1.785570	4251.968669	130.502000
1.785579	4250.786376	130.602000
1.785512	4249.650971	130.702000
1.785522	4248.429639	130.802000
1.785543	4247.238182	130.902000
1.785503	4246.055652	131.002000
1.785571	4244.867408	131.102000
1.785492	4243.833632	131.202000
1.785463	4243.260078	131.302000
1.785433	4241.833373	131.402000
1.785406	4240.246973	131.502000
1.785453	4239.027586	131.602000
1.785421	4237.881870	131.702000
1.785449	4236.670938	131.802000
1.785448	4235.447541	131.902000
1.785489	4234.266965	132.002000
1.785578	4233.058805	132.102000
1.785518	4231.897772	132.202000
1.785511	4230.732309	132.302000
1.785526	4229.531183	132.402000
1.785567	4228.333608	132.502000
1.785634	4227.108779	132.602000
1.785605	4225.940257	132.702000
1.785557	4224.833850	132.802000
1.785592	4223.622215	132.902000
1.785578	4222.444541	133.002000
1.785651	4221.261555	133.102000
1.785603	4220.120511	133.202000
1.785493	4219.042583	133.302000
1.785487	4217.865201	133.402000
1.785439	4216.701441	133.502000
1.785466	4215.508055	133.602000
1.785427	4214.347406	133.702000
1.785336	4213.210768	133.802000
1.785347	4212.089671	133.902000
1.785324	4210.866520	134.002000
1.785435	4209.640628	134.102000
1.785415	4208.480245	134.202000
1.785400	4207.319587	134.302000
1.785396	4206.136983	134.402000
1.785379	4204.977714	134.502000
1.785453	4203.808199	134.602000
1.785506	4202.641610	134.702000
1.785521	4201.471297	134.802000
1.785539	4200.284335	134.902000
1.785504	4199.176138	135.002000
1.785543	4197.998109	135.102000
1.785561	4196.817185	135.202000
1.785481	4195.697134	135.302000
1.785463	4194.575804	135.402000
1.785414	4193.445579	135.502000
1.785398	4192.280150	135.602000
1.785373	4191.114225	135.702000
1.785265	4190.012911	135.802000
1.785301	4188.860700	135.902000
1.785300	4187.725308	136.002000
1.785331	4186.563535	136.102000
1.785367	4185.366595	136.202000
1.785294	4184.247573	136.302000
1.785328	4183.072486	136.402000
1.785315	4182.495301	136.502000
1.785289	4181.271809	136.602000
1.785363	4179.744856	136.702000
1.785401	4178.433020	136.802000
1.785491	4177.249265	136.902000
1.785514	4176.073044	137.002000
1.785447	4175.018111	137.102000
1.785505	4173.787514	137.202000
1.785415	4172.670565	137.302000
1.785384	4171.565053	137.402000
1.785419	4170.409797	137.502000
1.785372	4169.267542	137.602000
1.785370	4168.112356	137.702000
1.785332	4166.974444	137.802000
1.785285	4165.850284	137.902000
1.785291	4164.704514	138.002000
1.785299	4163.574981	138.102000
1.785317	4162.469946	138.202000
1.785313	4161.280452	138.302000
1.785205	4160.199504	138.402000
1.785203	4159.047134	138.502000
1.785213	4157.877226	138.602000
1.785204	4156.746855	138.702000
1.785250	4155.597071	138.802000
1.785219	4154.465163	138.902000
1.785292	4153.304443	139.002000
1.785290	4152.152344	139.102000
1.785312	4151.054595	139.202000
1.785377	4149.921918	139.302000
1.785293	4148.786594	139.402000
1.785302	4147.684508	139.502000
1.785354	4146.525951	139.602000
1.785367	4145.376114	139.702000
1.785381	4144.221616	139.802000
1.785318	4143.122282	139.902000
1.785301	4142.026143	140.002000
1.785328	4140.903764	140.102000
1.785305	4139.758302	140.202000
1.785364	4138.660798	140.302000
1.785322	4137.525028	140.402000
1.785228	4136.429985	140.502000
1.785219	4135.276525	140.602000
1.785166	4134.152312	140.702000
1.785175	4133.027867	140.802000
1.785217	4131.889886	140.902000
1.785171	4130.784473	141.002000
1.785210	4129.638718	141.102000
1.785217	4128.502802	141.202000
1.785244	4127.398408	141.302000
1.785380	4126.302879	141.402000
1.785345	4125.153060	141.502000
1.785361	4124.042587	141.602000
1.785334	4123.226781	141.702000
1.785366	4122.394794	141.802000
1.785406	4121.049898	141.902000
1.785407	4119.568218	142.002000
1.785389	4118.442924	142.102000
1.785378	4117.334259	142.202000
1.785376	4116.199834	142.302000
1.785428	4115.099497	142.402000
1.785378	4114.033482	142.502000
1.785259	4112.912479	142.602000
1.785256	4111.801982	142.702000
1.785210	4110.679263	142.802000
1.785240	4109.555284	142.902000
1.785244	4108.442150	143.002000
1.785206	4107.331960	143.102000
1.785176	4106.824093	143.202000
1.785198	4105.717725	143.302000
1.785241	4104.017563	143.402000
1.785360	4102.906639	143.502000
1.785388	4101.787544	143.602000
1.785336	4100.728041	143.702000
1.785350	4099.564894	143.802000
1.785340	4098.458521	143.902000
1.785399	4097.353347	144.002000
1.785399	4096.240133	144.102000
1.785387	4095.131913	144.202000
1.785415	4094.007682	144.302000
1.785397	4092.906881	144.402000
1.785380	4091.811433	144.502000
1.785431	4090.745699	144.602000
1.785328	4089.658415	144.702000
1.785301	4088.572633	144.802000
1.785240	4087.484617	144.902000
1.785246	4086.389047	145.002000
1.785269	4085.293809	145.102000
1.785274	4084.159801	145.202000
1.785197	4083.096471	145.302000
1.785208	4082.017605	145.402000
1.785194	4080.906783	145.502000
1.785274	4079.798051	145.602000
1.785311	4078.738333	145.702000
1.785249	4077.634237	145.802000
1.785256	4076.531422	145.902000
1.785251	4075.418827	146.002000
1.785257	4074.336536	146.102000
1.785353	4073.209656	146.202000
1.785331	4072.123026	146.302000
1.785337	4071.019752	146.402000
1.785346	4069.901248	146.502000
1.785329	4068.799419	146.602000
1.785396	4067.724780	146.702000
1.785401	4066.661486	146.802000
1.785302	4065.737004	146.902000
1.785276	4065.170704	147.002000
1.785270	4063.906543	147.102000
1.785271	4062.380656	147.202000
1.785261	4061.240058	147.302000
1.785244	4060.162694	147.402000
1.785212	4059.113454	147.502000
1.785197	4058.057468	147.602000
1.785157	4056.979419	147.702000
1.785281	4055.914933	147.802000
1.785335	4054.807944	147.902000
1.785253	4053.753696	148.002000
1.785242	4052.678452	148.102000
1.785253	4051.563457	148.202000
1.785265	4050.493506	148.302000
1.785354	4049.411302	148.402000
1.785372	4048.312774	148.502000
1.785399	4047.206604	148.602000
1.785370	4046.110871	148.702000
1.785367	4045.019892	148.802000
1.785425	4044.002112	148.902000
1.785426	4042.894062	149.002000
1.785349	4041.830199	149.102000
1.785353	4040.765662	149.202000
1.785313	4039.698358	149.302000
1.785322	4038.620887	149.402000
1.785310	4037.564659	149.502000
1.785307	4036.484602	149.602000
1.785257	4035.459963	149.702000
1.785242	4034.403002	149.802000
1.785207	4033.342842	149.902000
1.785283	4032.277440	150.002000
1.785323	4031.171759	150.102000
1.785223	4030.154352	150.202000
1.785221	4029.113649	150.302000
1.785210	4028.046084	150.402000
1.785266	4026.961545	150.502000
1.785324	4025.857602	150.602000
1.785320	4024.779414	150.702000
1.785300	4023.728417	150.802000
1.785348	4022.644194	150.902000
1.785368	4021.595143	151.002000
1.785441	4020.484866	151.102000
1.785485	4019.384727	151.202000
1.785405	4018.361400	151.302000
1.785391	4017.299669	151.402000
1.785375	4016.223393	151.502000
1.785321	4015.183854	151.603000
1.785384	4014.112771	151.702000
1.785356	4013.069034	151.802000
1.785315	4012.022075	151.902000
1.785300	4010.964766	152.002000
1.785297	4009.956524	152.102000
1.785238	4009.446490	152.202000
1.785324	4008.315632	152.302000
1.785251	4006.931161	152.402000
1.785210	4005.802840	152.502000
1.785239	4004.708146	152.602000
1.785231	4003.647315	152.702000
1.785309	4002.546002	152.802000
1.785306	4001.482110	152.902000
1.785240	4000.451632	153.002000
1.785284	3999.426340	153.102000
1.785355	3998.358069	153.202000
1.785409	3997.244519	153.302000
1.785494	3996.174612	153.402000
1.785491	3995.128011	153.502000
1.785459	3994.099213	153.602000
1.785442	3993.040056	153.702000
1.785401	3991.992988	153.802000
1.785413	3990.940908	153.902000
1.785415	3989.894305	154.002000
1.785357	3988.876176	154.102000
1.785350	3987.882308	154.202000
1.785309	3986.761597	154.302000
1.785254	3985.733212	154.402000
1.785296	3984.700958	154.502000
1.785294	3983.649737	154.602000
1.785205	3982.637825	154.702000
1.785290	3981.564497	154.802000
1.785310	3980.506582	154.902000
1.785333	3979.439534	155.002000
1.785384	3978.380180	155.102000
1.785400	3977.341233	155.202000
1.785369	3976.352913	155.302000
1.785434	3975.234108	155.402000
1.785452	3974.173527	155.502000
1.785566	3973.097738	155.602000
1.785599	3972.053307	155.702000
1.785480	3971.053825	155.802000
1.785528	3969.997035	155.902000
1.785545	3968.942026	156.002000
1.785504	3967.930394	156.102000
1.785544	3966.892696	156.202000
1.785519	3965.868696	156.302000
1.785463	3964.891877	156.402000
1.785491	3963.793608	156.502000
1.785469	3962.764379	156.602000
1.785385	3961.779141	156.702000
1.785461	3960.733369	156.802000
1.785408	3959.714235	156.902000
1.785320	3958.744774	157.002000
1.785350	3957.700319	157.102000
1.785358	3956.678555	157.202000
1.785387	3955.635898	157.302000
1.785453	3954.970133	157.402000
1.785447	3954.155918	157.502000
1.785435	3952.795776	157.602000
1.785461	3951.463203	157.702000
1.785495	3950.407186	157.802000
1.785556	3949.371479	157.902000
1.785582	3948.333618	158.002000
1.785505	3947.337645	158.102000
1.785547	3946.308246	158.202000
1.785564	3945.254071	158.302000
1.785503	3944.256150	158.402000
1.785507	3943.278679	158.502000
1.785490	3942.230278	158.602000
1.785447	3941.177844	158.702000
1.785507	3940.145016	158.802000
1.785483	3939.118362	158.902000
1.785394	3938.159843	159.002000
1.785447	3937.127944	159.102000
1.785414	3936.121536	159.202000
1.785360	3935.146464	159.302000
1.785427	3934.138365	159.402000
1.785420	3933.070669	159.502000
1.785371	3932.128013	159.602000
1.785383	3931.053513	159.702000
1.785411	3930.019742	159.802000
1.785429	3928.975087	159.902000
1.785474	3927.941571	160.002000
1.785480	3926.917189	160.102000
1.785518	3925.906307	160.202000
1.785613	3924.862317	160.302000
1.785596	3923.865573	160.402000
1.785595	3922.862317	160.502000
1.785560	3921.861719	160.602000
1.785530	3920.872832	160.702000
1.785542	3919.803648	160.802000
1.785605	3918.782395	160.902000
1.785584	3917.780273	161.002000
1.785535	3916.795638	161.102000
1.785494	3915.790787	161.202000
1.785423	3914.814683	161.302000
1.785493	3913.785656	161.402000
1.785505	3912.775285	161.502000
1.785416	3911.828183	161.602000
1.785411	3910.886454	161.702000
1.785405	3909.836973	161.802000
1.785402	3908.821918	161.902000
1.785456	3907.793106	162.002000
1.785461	3906.767949	162.102000
1.785435	3905.769058	162.202000
1.785479	3904.734319	162.302000
1.785501	3903.705719	162.402000
1.785545	3902.703612	162.502000
1.785631	3901.925145	162.602000
1.785655	3901.301596	162.702000
1.785595	3900.035992	162.802000
1.785566	3898.694892	162.902000
1.785524	3897.680144	163.002000
1.785514	3896.680034	163.102000
1.785592	3895.659103	163.202000
1.785574	3894.667881	163.302000
1.785489	3893.710700	163.402000
1.785444	3892.729612	163.502000
1.785438	3891.707671	163.602000
1.785411	3890.715014	163.702000
1.785463	3889.732661	163.802000
1.785432	3888.759130	163.902000
1.785317	3887.774407	164.002000
1.785383	3886.751053	164.102000
1.785411	3885.716721	164.202000
1.785395	3884.742854	164.302000
1.785422	3883.741930	164.402000
1.785406	3882.749100	164.502000
1.785425	3881.758404	164.602000
1.785525	3880.719114	164.702000
1.785538	3879.691901	164.802000
1.785517	3878.741977	164.902000
1.785579	3877.732009	165.002000
1.785547	3876.731400	165.102000
1.785527	3875.744619	165.202000
1.785544	3874.737901	165.302000
1.785517	3873.743911	165.402000
1.785475	3872.760177	165.502000
1.785499	3871.778258	165.602000
1.785497	3870.782583	165.702000
1.785435	3869.831251	165.802000
1.785441	3868.841284	165.902000
1.785391	3867.909120	166.002000
