-2.000000E+01,-2.565006E-06,+9.910000E+37,+6.230771E+03,+2.150800E+04,
-1.900000E+01,-2.319800E-06,+9.910000E+37,+6.231856E+03,+2.150800E+04,
-1.800000E+01,-2.070583E-06,+9.910000E+37,+6.232916E+03,+2.150800E+04,
-1.700000E+01,-1.803222E-06,+9.910000E+37,+6.233997E+03,+2.150800E+04,
-1.600000E+01,-1.509858E-06,+9.910000E+37,+6.235058E+03,+2.150800E+04,
-1.500000E+01,-1.186140E-06,+9.910000E+37,+6.236115E+03,+2.150800E+04,
-1.400000E+01,-8.323793E-07,+9.910000E+37,+6.238251E+03,+2.150800E+04,
-1.300000E+01,-4.525442E-07,+9.910000E+37,+6.239311E+03,+2.150800E+04,
-1.200000E+01,-9.235911E-08,+9.910000E+37,+6.240367E+03,+2.150800E+04,
-1.100000E+01,+2.066873E-07,+9.910000E+37,+6.241428E+03,+2.150800E+04,
-1.000000E+01,+4.938212E-07,+9.910000E+37,+6.242480E+03,+2.150800E+04,
-9.000000E+00,+8.704286E-07,+9.910000E+37,+6.243534E+03,+2.150800E+04,
-8.000000E+00,+1.323621E-06,+9.910000E+37,+6.246695E+03,+2.150800E+04,
-7.000000E+00,+1.932577E-06,+9.910000E+37,+6.247756E+03,+2.150800E+04,
-6.000000E+00,+2.652582E-06,+9.910000E+37,+6.248814E+03,+2.150800E+04,
-5.000000E+00,+3.513990E-06,+9.910000E+37,+6.249874E+03,+2.150800E+04,
-4.000000E+00,+4.546642E-06,+9.910000E+37,+6.250933E+03,+2.150800E+04,
-3.000000E+00,+5.782917E-06,+9.910000E+37,+6.251992E+03,+2.150800E+04,
-2.000000E+00,+7.241305E-06,+9.910000E+37,+6.253050E+03,+2.150800E+04,
-1.000000E+00,+8.951255E-06,+9.910000E+37,+6.254108E+03,+2.150800E+04,
+0.000000E+00,+1.092622E-05,+9.910000E+37,+6.257272E+03,+2.150800E+04,
+1.000000E+00,+1.323817E-05,+9.910000E+37,+6.258338E+03,+2.150800E+04,
+2.000000E+00,+1.581485E-05,+9.910000E+37,+6.259397E+03,+2.150800E+04,
+3.000000E+00,+1.867629E-05,+9.910000E+37,+6.260459E+03,+2.150800E+04,
+4.000000E+00,+2.180295E-05,+9.910000E+37,+6.261551E+03,+2.150800E+04,
+5.000000E+00,+2.516024E-05,+9.910000E+37,+6.262630E+03,+2.150800E+04,
+6.000000E+00,+2.871128E-05,+9.910000E+37,+6.263692E+03,+2.150800E+04,
+7.000000E+00,+3.240471E-05,+9.910000E+37,+6.264772E+03,+2.150800E+04,
+8.000000E+00,+3.630538E-05,+9.910000E+37,+6.265830E+03,+2.150800E+04,
+9.000000E+00,+4.059649E-05,+9.910000E+37,+6.266889E+03,+2.150800E+04,
+1.000000E+01,+4.553032E-05,+9.910000E+37,+6.267973E+03,+2.150800E+04,
+1.100000E+01,+5.124741E-05,+9.910000E+37,+6.269028E+03,+2.150800E+04,
+1.200000E+01,+5.812664E-05,+9.910000E+37,+6.270109E+03,+2.150800E+04,
+1.300000E+01,+6.703886E-05,+9.910000E+37,+6.271170E+03,+2.150800E+04,
+1.400000E+01,+7.917918E-05,+9.910000E+37,+6.272226E+03,+2.150800E+04,
+1.500000E+01,+9.541718E-05,+9.910000E+37,+6.273283E+03,+2.150800E+04





current through plasma (-mA) <tab> voltage across plasma (-V) <tab> time (sec)
1.662249	5719.169579	0.002000
1.665713	5715.580170	0.102000
1.665644	5713.780636	0.202000
1.665597	5711.937824	0.302000
1.665583	5709.997770	0.402000
1.665679	5708.075917	0.502000
1.665721	5706.141410	0.602000
1.665752	5704.174344	0.702000
1.665749	5702.234569	0.802000
1.665698	5700.485927	0.902000
1.665704	5698.330057	1.002000
1.665778	5696.345441	1.102000
1.665802	5694.369739	1.202000
1.665784	5692.400516	1.302000
1.665850	5690.398335	1.402000
1.665898	5688.456421	1.502000
1.665921	5686.496519	1.602000
1.665934	5684.544303	1.702000
1.665983	5682.543910	1.802000
1.666062	5680.552789	1.902000
1.666066	5678.582155	2.002000
1.665974	5676.645995	2.102000
1.665958	5674.700129	2.202000
1.666020	5672.705715	2.302000
1.665986	5670.695173	2.402000
1.665924	5668.721832	2.502000
1.665939	5666.750147	2.602000
1.665888	5664.828578	2.702000
1.665848	5662.879649	2.802000
1.665839	5660.935379	2.902000
1.665835	5658.952164	3.002000
1.665864	5656.985046	3.102000
1.665803	5655.042739	3.202000
1.665758	5653.141370	3.302000
1.665783	5651.856677	3.402000
1.665878	5649.610365	3.502000
1.665882	5647.274183	3.602000
1.665878	5645.219204	3.702000
1.665885	5643.250849	3.802000
1.665863	5641.301433	3.902000
1.665791	5639.370996	4.002000
1.665834	5637.394898	4.102000
1.665886	5635.433096	4.202000
1.665868	5633.464989	4.302000
1.665887	5631.549685	4.402000
1.665907	5629.551995	4.502000
1.665911	5627.567183	4.602000
1.665882	5625.629100	4.702000
1.665944	5623.654134	4.802000
1.666008	5621.678607	4.902000
1.665992	5619.743351	5.002000
1.665960	5617.815370	5.102000
1.665971	5615.880365	5.202000
1.665987	5613.926143	5.302000
1.666021	5611.996388	5.402000
1.665999	5610.075263	5.502000
1.666019	5608.053057	5.602000
1.665969	5606.112662	5.702000
1.665946	5604.171549	5.802000
1.665958	5602.233937	5.902000
1.666018	5600.271482	6.002000
1.666014	5598.324717	6.102000
1.665990	5596.382072	6.202000
1.665961	5594.453855	6.302000
1.665967	5592.520974	6.402000
1.665956	5590.605828	6.502000
1.666126	5588.649022	6.602000
1.666064	5586.700924	6.702000
1.666029	5584.754936	6.802000
1.666034	5582.821865	6.902000
1.665970	5580.905387	7.002000
1.665956	5578.969696	7.102000
1.666044	5577.029124	7.202000
1.666020	5575.091570	7.302000
1.665935	5573.192075	7.402000
1.665941	5571.276054	7.502000
1.665857	5569.447169	7.602000
1.665837	5567.474025	7.702000
1.665915	5565.534079	7.802000
1.665872	5563.623740	7.902000
1.665897	5561.686689	8.002000
1.665883	5559.760403	8.102000
1.665801	5557.867109	8.202000
1.665825	5555.926803	8.302000
1.665857	5554.009007	8.402000
1.665895	5552.072614	8.502000
1.665925	5550.605715	8.602000
1.665896	5548.839307	8.702000
1.665925	5546.604970	8.802000
1.665882	5544.461141	8.902000
1.665898	5542.567746	9.002000
1.666007	5540.639331	9.102000
1.666021	5538.723975	9.202000
1.666014	5536.797192	9.302000
1.665954	5534.898657	9.402000
1.665975	5533.000845	9.502000
1.666011	5531.056986	9.602000
1.666060	5529.135470	9.702000
1.666019	5527.249307	9.802000
1.665972	5525.318478	9.902000
1.665990	5523.414619	10.002000
1.665940	5521.558371	10.102000
1.665939	5519.655257	10.202000
1.666056	5517.750935	10.302000
1.666058	5515.856562	10.402000
1.666058	5513.945550	10.502000
1.666070	5512.065798	10.602000
1.666021	5510.211342	10.702000
1.666001	5508.346704	10.802000
1.666047	5506.378667	10.902000
1.665971	5504.510795	11.002000
1.665979	5502.619515	11.102000
1.666034	5500.702029	11.202000
1.666000	5498.829405	11.302000
1.666030	5496.925881	11.402000
1.666021	5495.057858	11.502000
1.666084	5493.196991	11.602000
1.666106	5491.269221	11.702000
1.666088	5489.397525	11.802000
1.666056	5487.605246	11.902000
1.666039	5485.679462	12.002000
1.666067	5483.792582	12.102000
1.666105	5481.887573	12.202000
1.666103	5480.043710	12.302000
1.666119	5478.177137	12.402000
1.666171	5476.284672	12.502000
1.666071	5474.477473	12.602000
1.666063	5472.598141	12.702000
1.666107	5470.728391	12.802000
1.666106	5468.872033	12.902000
1.666085	5467.001555	13.002000
1.666081	5465.112605	13.102000
1.666035	5463.268767	13.202000
1.666015	5461.391018	13.302000
1.666083	5459.506147	13.402000
1.666068	5457.629933	13.502000
1.666050	5455.787608	13.602000
1.666080	5453.886845	13.702000
1.666060	5452.373660	13.802000
1.665936	5450.846041	13.902000
1.665954	5448.712634	14.002000
1.666009	5446.509710	14.103000
1.665982	5444.676979	14.202000
1.666026	5442.772138	14.302000
1.666052	5440.913297	14.402000
1.666022	5439.087904	14.502000
1.666070	5437.232455	14.602000
1.666176	5435.365717	14.702000
1.666223	5433.512007	14.802000
1.666197	5431.651504	14.902000
1.666150	5429.832712	15.002000
1.666104	5428.068065	15.102000
1.666042	5426.204014	15.202000
1.666107	5424.337002	15.302000
1.666184	5422.489681	15.402000
1.666174	5420.660296	15.502000
1.666171	5418.824063	15.602000
1.666150	5416.970517	15.702000
1.666069	5415.139738	15.802000
1.666066	5413.281617	15.902000
1.666116	5411.421157	16.002000
1.666042	5409.621508	16.102000
1.666036	5407.769865	16.202000
1.666037	5405.950856	16.302000
1.665993	5404.159405	16.402000
1.665961	5402.317010	16.502000
1.665918	5400.491054	16.602000
1.665853	5398.661248	16.702000
1.665870	5396.842466	16.802000
1.665877	5394.987647	16.902000
1.665889	5393.156295	17.002000
1.665849	5391.372908	17.102000
1.665836	5389.547843	17.202000
1.665891	5387.704027	17.302000
1.665884	5385.868640	17.402000
1.665869	5384.034932	17.502000
1.665833	5382.234767	17.602000
1.665774	5380.468529	17.702000
1.665736	5378.658824	17.802000
1.665790	5376.831358	17.902000
1.665872	5375.007842	18.002000
1.665898	5373.204591	18.102000
1.665934	5371.400910	18.202000
1.665921	5369.558081	18.302000
1.665887	5367.748128	18.402000
1.665945	5365.917525	18.502000
1.666047	5364.092184	18.602000
1.666018	5362.281321	18.702000
1.666015	5360.459742	18.802000
1.666011	5358.658837	18.902000
1.665964	5356.938352	19.002000
1.665950	5355.809259	19.102000
1.665946	5353.802881	19.202000
1.666037	5351.604837	19.302000
1.666050	5349.669830	19.402000
1.666000	5347.871522	19.502000
1.666022	5346.057650	19.602000
1.665935	5344.280538	19.702000
1.665888	5342.481170	19.802000
1.665987	5340.634567	19.902000
1.665948	5338.868229	20.002000
1.665973	5337.092446	20.102000
1.665980	5335.298648	20.202000
1.665940	5333.536989	20.302000
1.665968	5331.784749	20.402000
1.665924	5329.955939	20.502000
1.665993	5328.155485	20.602000
1.665967	5326.363195	20.702000
1.665903	5324.569303	20.802000
1.665881	5322.784654	20.902000
1.665785	5321.028817	21.002000
1.665712	5319.264495	21.102000
1.665746	5317.425147	21.202000
1.665741	5315.633149	21.302000
1.665740	5313.915691	21.402000
1.665744	5312.123477	21.502000
1.665758	5310.329620	21.602000
1.665708	5308.585779	21.702000
1.665686	5306.811283	21.802000
1.665742	5305.035829	21.902000
1.665754	5303.253153	22.002000
1.665762	5301.448611	22.102000
1.665779	5299.674786	22.202000
1.665749	5297.922945	22.302000
1.665685	5296.168586	22.402000
1.665727	5294.437086	22.502000
1.665765	5292.580808	22.602000
1.665728	5290.836556	22.702000
1.665733	5289.047309	22.802000
1.665768	5287.273516	22.902000
1.665682	5285.555558	23.002000
1.665764	5283.801683	23.102000
1.665795	5282.008352	23.202000
1.665829	5280.235832	23.302000
1.665811	5278.491722	23.402000
1.665823	5276.717536	23.502000
1.665893	5274.959571	23.602000
1.665838	5273.175678	23.702000
1.665818	5271.401526	23.802000
1.665863	5269.642289	23.902000
1.665855	5267.893286	24.002000
1.665927	5266.128112	24.102000
1.665870	5264.422733	24.202000
1.665909	5263.300075	24.302000
1.665834	5261.482714	24.402000
1.665812	5259.366078	24.502000
1.665871	5257.506494	24.602000
1.665878	5255.707871	24.702000
1.665864	5253.942234	24.802000
1.665834	5252.202862	24.902000
1.665783	5250.474715	25.002000
1.665792	5248.766539	25.102000
1.665816	5247.006034	25.202000
1.665921	5245.231800	25.302000
1.665889	5243.520061	25.402000
1.665824	5241.792089	25.502000
1.665864	5240.027601	25.602000
1.665816	5238.392493	25.702000
1.665790	5236.599566	25.802000
1.665752	5234.897635	25.902000
1.665789	5233.180685	26.002000
1.665816	5231.442841	26.102000
1.665794	5229.680579	26.202000
1.665775	5227.950461	26.302000
1.665672	5226.251077	26.402000
1.665710	5224.518506	26.502000
1.665794	5222.762503	26.602000
1.665839	5221.017658	26.702000
1.665850	5219.303992	26.802000
1.665807	5217.592488	26.902000
1.665811	5215.847819	27.002000
1.665712	5214.189950	27.102000
1.665681	5212.430372	27.202000
1.665774	5210.701849	27.302000
1.665799	5208.996913	27.402000
1.665822	5207.257469	27.502000
1.665809	5205.541057	27.602000
1.665835	5203.825504	27.702000
1.665790	5202.139893	27.802000
1.665828	5200.395605	27.902000
1.665944	5198.648861	28.002000
1.665936	5196.966860	28.102000
1.665958	5195.239600	28.202000
1.665968	5193.531697	28.302000
1.665987	5191.814797	28.402000
1.665904	5190.166490	28.502000
1.665853	5188.451583	28.602000
1.665919	5186.740328	28.702000
1.665931	5185.058270	28.802000
1.665950	5183.339964	28.902000
1.665884	5181.633161	29.002000
1.665846	5179.954132	29.102000
1.665818	5178.262116	29.202000
1.665861	5176.548764	29.302000
1.665998	5174.821164	29.402000
1.666006	5173.767236	29.502000
1.665899	5171.969569	29.602000
1.665871	5169.870114	29.702000
1.665891	5168.084683	29.802000
1.665757	5166.493533	29.902000
1.665723	5164.751913	30.002000
1.665838	5163.039091	30.102000
1.665805	5161.363903	30.202000
1.665817	5159.668727	30.302000
1.665841	5157.974304	30.402000
1.665874	5156.306201	30.502000
1.665791	5154.627256	30.602000
1.665755	5152.931613	30.702000
1.665818	5151.238711	30.802000
1.665838	5149.541689	30.902000
1.665853	5147.908190	31.002000
1.665808	5146.209013	31.102000
1.665805	5144.520005	31.202000
1.665760	5142.896907	31.302000
1.665818	5141.200776	31.402000
1.665891	5139.534102	31.502000
1.665816	5137.852085	31.602000
1.665778	5136.157559	31.702000
1.665807	5134.478523	31.802000
1.665909	5132.789578	31.902000
1.665896	5131.163345	32.002000
1.665914	5129.510057	32.102000
1.665910	5127.793540	32.202000
1.665886	5126.110740	32.302000
1.665940	5124.403822	32.402000
1.665874	5122.764987	32.502000
1.665894	5121.083008	32.602000
1.665859	5119.415926	32.702000
1.665939	5117.725799	32.802000
1.665985	5116.047332	32.902000
1.665973	5114.381602	33.002000
1.665962	5112.781141	33.102000
1.665937	5111.086211	33.202000
1.666033	5109.362310	33.302000
1.665984	5107.740989	33.402000
1.665987	5106.057720	33.502000
1.665983	5104.405546	33.602000
1.665968	5102.734486	33.702000
1.665981	5101.054283	33.802000
1.665952	5099.402526	33.902000
1.665970	5097.748938	34.002000
1.665884	5096.171286	34.102000
1.665882	5094.544646	34.202000
1.665908	5092.882247	34.302000
1.666029	5091.189707	34.402000
1.665989	5089.576736	34.502000
1.666003	5087.911309	34.602000
1.666000	5086.506083	34.702000
1.665980	5085.273476	34.802000
1.665939	5083.352428	34.902000
1.665948	5081.328733	35.002000
1.666019	5079.695165	35.102000
1.665960	5078.031212	35.202000
1.665977	5076.430845	35.302000
1.665933	5074.761086	35.402000
1.665918	5073.144030	35.502000
1.665912	5071.522558	35.602000
1.665876	5069.885139	35.702000
1.665914	5068.263594	35.802000
1.665927	5066.618986	35.902000
1.665966	5064.945858	36.002000
1.665905	5063.349100	36.102000
1.665916	5061.712928	36.202000
1.665866	5060.117764	36.302000
1.665938	5058.510560	36.402000
1.666012	5056.801095	36.502000
1.666081	5055.166359	36.602000
1.666037	5053.567052	36.702000
1.665989	5051.913690	36.802000
1.666039	5050.267996	36.902000
1.665982	5048.697176	37.002000
1.665983	5047.062521	37.102000
1.665986	5045.443965	37.202000
1.666078	5043.850380	37.302000
1.666112	5042.248946	37.402000
1.666157	5040.603572	37.502000
1.666137	5038.962237	37.602000
1.666106	5037.363699	37.702000
1.666112	5035.762729	37.802000
1.666114	5034.137795	37.902000
1.666239	5032.475094	38.002000
1.666216	5030.910802	38.102000
1.666216	5029.283479	38.202000
1.666157	5027.668342	38.302000
1.666180	5026.066777	38.402000
1.666131	5024.540133	38.502000
1.666176	5022.908391	38.602000
1.666188	5021.277981	38.702000
1.666161	5019.664421	38.802000
1.666125	5018.066206	38.902000
1.666111	5016.472656	39.002000
1.666093	5014.871493	39.102000
1.666013	5013.295994	39.202000
1.666031	5011.698840	39.302000
1.666038	5010.078001	39.402000
1.666084	5008.474821	39.502000
1.665993	5006.967725	39.602000
1.665946	5005.298981	39.702000
1.665943	5003.706078	39.802000
1.665970	5002.206571	39.902000
1.665910	5001.257821	40.002000
1.665894	4999.464129	40.102000
1.665924	4997.430866	40.202000
1.665899	4995.774678	40.302000
1.665922	4994.170109	40.402000
1.665865	4992.610759	40.502000
1.665847	4990.987466	40.602000
1.665779	4989.450146	40.702000
1.665775	4987.814177	40.802000
1.665792	4986.228524	40.902000
1.665868	4984.619044	41.002000
1.665842	4983.043176	41.102000
1.665855	4981.449183	41.202000
1.665862	4979.868971	41.302000
1.665828	4978.294821	41.402000
1.665724	4976.762329	41.502000
1.665734	4975.151171	41.602000
1.665909	4973.566432	41.702000
1.665898	4972.006943	41.802000
1.665869	4970.411057	41.902000
1.665854	4968.811666	42.002000
1.665890	4967.211758	42.102000
1.665776	4965.653484	42.202000
1.665710	4964.048441	42.302000
1.665715	4962.503814	42.402000
1.665737	4960.903676	42.502000
1.665683	4959.322360	42.602000
1.665668	4957.736815	42.702000
1.665650	4956.231369	42.802000
1.665634	4954.640685	42.902000
1.665587	4953.105202	43.002000
1.665572	4951.528189	43.102000
1.665669	4949.947512	43.202000
1.665682	4948.412616	43.302000
1.665645	4946.857279	43.402000
1.665649	4945.278109	43.502000
1.665704	4943.693439	43.602000
1.665582	4942.154785	43.702000
1.665546	4940.593078	43.802000
1.665492	4939.084578	43.902000
1.665484	4937.448014	44.002000
1.665418	4935.911169	44.102000
1.665477	4934.332213	44.202000
1.665494	4932.787897	44.302000
1.665482	4931.232457	44.402000
1.665468	4929.710394	44.502000
1.665471	4928.143774	44.602000
1.665567	4926.577240	44.702000
1.665592	4925.036364	44.802000
1.665603	4923.515648	44.902000
1.665590	4921.958369	45.002000
1.665634	4920.345098	45.102000
1.665611	4919.476394	45.202000
1.665495	4917.766328	45.302000
1.665464	4915.812195	45.402000
1.665522	4914.127365	45.502000
1.665481	4912.569264	45.602000
1.665539	4910.990904	45.702000
1.665504	4909.435575	45.802000
1.665469	4907.894519	45.902000
1.665372	4906.391253	46.002000
