-7.000000E+01,-1.524022E-06,+9.910000E+37,+4.130401E+03,+2.150800E+04,
-6.900000E+01,-1.449193E-06,+9.910000E+37,+4.131459E+03,+2.150800E+04,
-6.800000E+01,-1.391433E-06,+9.910000E+37,+4.132546E+03,+2.150800E+04,
-6.700000E+01,-1.337227E-06,+9.910000E+37,+4.133606E+03,+2.150800E+04,
-6.600000E+01,-1.283641E-06,+9.910000E+37,+4.134680E+03,+2.150800E+04,
-6.500000E+01,-1.228870E-06,+9.910000E+37,+4.135761E+03,+2.150800E+04,
-6.400000E+01,-1.176836E-06,+9.910000E+37,+4.136819E+03,+2.150800E+04,
-6.300000E+01,-1.120544E-06,+9.910000E+37,+4.137881E+03,+2.150800E+04,
-6.200000E+01,-1.069661E-06,+9.910000E+37,+4.138938E+03,+2.150800E+04,
-6.100000E+01,-1.014683E-06,+9.910000E+37,+4.140024E+03,+2.150800E+04,
-6.000000E+01,-9.585424E-07,+9.910000E+37,+4.141083E+03,+2.150800E+04,
-5.900000E+01,-9.009780E-07,+9.910000E+37,+4.142146E+03,+2.150800E+04,
-5.800000E+01,-8.441709E-07,+9.910000E+37,+4.143224E+03,+2.150800E+04,
-5.700000E+01,-7.847984E-07,+9.910000E+37,+4.144282E+03,+2.150800E+04,
-5.600000E+01,-7.242340E-07,+9.910000E+37,+4.145341E+03,+2.150800E+04,
-5.500000E+01,-6.594872E-07,+9.910000E+37,+4.146398E+03,+2.150800E+04,
-5.400000E+01,-5.974788E-07,+9.910000E+37,+4.147458E+03,+2.150800E+04,
-5.300000E+01,-5.317520E-07,+9.910000E+37,+4.148535E+03,+2.150800E+04,
-5.200000E+01,-4.644805E-07,+9.910000E+37,+4.149592E+03,+2.150800E+04,
-5.100000E+01,-3.989719E-07,+9.910000E+37,+4.150648E+03,+2.150800E+04,
-5.000000E+01,-3.270492E-07,+9.910000E+37,+4.151709E+03,+2.150800E+04,
-4.900000E+01,-2.552678E-07,+9.910000E+37,+4.152770E+03,+2.150800E+04,
-4.800000E+01,-1.784915E-07,+9.910000E+37,+4.153826E+03,+2.150800E+04,
-4.700000E+01,-9.986167E-08,+9.910000E+37,+4.154887E+03,+2.150800E+04,
-4.600000E+01,-2.092377E-08,+9.910000E+37,+4.155963E+03,+2.150800E+04,
-4.500000E+01,+6.215940E-08,+9.910000E+37,+4.157021E+03,+2.150800E+04,
-4.400000E+01,+1.509012E-07,+9.910000E+37,+4.158078E+03,+2.150800E+04,
-4.300000E+01,+2.476372E-07,+9.910000E+37,+4.159138E+03,+2.150800E+04,
-4.200000E+01,+3.530235E-07,+9.910000E+37,+4.160199E+03,+2.150800E+04,
-4.100000E+01,+4.638387E-07,+9.910000E+37,+4.161278E+03,+2.150800E+04,
-4.000000E+01,+5.818197E-07,+9.910000E+37,+4.162358E+03,+2.150800E+04,
-3.900000E+01,+7.055265E-07,+9.910000E+37,+4.163420E+03,+2.150800E+04,
-3.800000E+01,+8.408791E-07,+9.910000E+37,+4.164498E+03,+2.150800E+04,
-3.700000E+01,+9.928006E-07,+9.910000E+37,+4.165554E+03,+2.150800E+04,
-3.600000E+01,+1.164886E-06,+9.910000E+37,+4.166612E+03,+2.150800E+04,
-3.500000E+01,+1.358551E-06,+9.910000E+37,+4.167670E+03,+2.150800E+04,
-3.400000E+01,+1.575715E-06,+9.910000E+37,+4.168730E+03,+2.150800E+04,
-3.300000E+01,+1.822388E-06,+9.910000E+37,+4.169812E+03,+2.150800E+04,
-3.200000E+01,+2.099307E-06,+9.910000E+37,+4.170873E+03,+2.150800E+04,
-3.100000E+01,+2.414396E-06,+9.910000E+37,+4.171952E+03,+2.150800E+04,
-3.000000E+01,+2.769374E-06,+9.910000E+37,+4.173010E+03,+2.150800E+04,
-2.900000E+01,+3.170772E-06,+9.910000E+37,+4.174068E+03,+2.150800E+04,
-2.800000E+01,+3.618002E-06,+9.910000E+37,+4.175127E+03,+2.150800E+04,
-2.700000E+01,+4.113827E-06,+9.910000E+37,+4.176186E+03,+2.150800E+04,
-2.600000E+01,+4.660430E-06,+9.910000E+37,+4.177242E+03,+2.150800E+04,
-2.500000E+01,+5.258509E-06,+9.910000E+37,+4.178304E+03,+2.150800E+04,
-2.400000E+01,+5.902041E-06,+9.910000E+37,+4.179363E+03,+2.150800E+04,
-2.300000E+01,+6.590901E-06,+9.910000E+37,+4.180445E+03,+2.150800E+04,
-2.200000E+01,+7.321658E-06,+9.910000E+37,+4.181504E+03,+2.150800E+04,
-2.100000E+01,+8.090744E-06,+9.910000E+37,+4.182585E+03,+2.150800E+04,
-2.000000E+01,+8.906150E-06,+9.910000E+37,+4.183646E+03,+2.150800E+04,
-1.900000E+01,+9.785605E-06,+9.910000E+37,+4.184723E+03,+2.150800E+04,
-1.800000E+01,+1.075021E-05,+9.910000E+37,+4.185810E+03,+2.150800E+04,
-1.700000E+01,+1.181926E-05,+9.910000E+37,+4.186870E+03,+2.150800E+04,
-1.600000E+01,+1.307716E-05,+9.910000E+37,+4.187929E+03,+2.150800E+04,
-1.500000E+01,+1.477633E-05,+9.910000E+37,+4.188986E+03,+2.150800E+04,
-1.400000E+01,+1.705579E-05,+9.910000E+37,+4.190046E+03,+2.150800E+04,
-1.300000E+01,+1.998589E-05,+9.910000E+37,+4.191107E+03,+2.150800E+04,
-1.200000E+01,+2.366582E-05,+9.91000
































current through plasma (-mA) <tab> voltage across plasma (-V) <tab> time (sec)
0.338251	1956.919348	0.001000
0.340048	1956.108314	0.101000
0.339204	1956.531337	0.201000
0.337788	1957.332513	0.301000
0.337472	1957.341750	0.401000
0.337455	1957.575416	0.501000
0.337351	1957.082259	0.601000
0.337390	1956.314733	0.701000
0.337560	1956.043434	0.801000
0.337596	1956.002569	0.901000
0.337596	1955.458376	1.001000
0.337736	1955.151306	1.101000
0.337722	1954.816602	1.201000
0.337636	1954.596121	1.301000
0.337657	1954.466746	1.401000
0.337700	1953.948130	1.501000
0.337622	1953.617346	1.601000
0.337593	1953.316383	1.701000
0.337697	1953.004896	1.801000
0.337775	1952.726457	1.901000
0.337761	1952.401317	2.001000
0.337606	1952.111175	2.101000
0.337696	1951.803066	2.201000
0.337763	1951.533500	2.301000
0.337647	1951.257902	2.401000
0.337812	1950.920483	2.501000
0.337923	1950.606743	2.601000
0.337831	1950.302111	2.701000
0.337982	1950.031703	2.801000
0.338123	1949.734608	2.901000
0.338201	1949.422411	3.001000
0.338048	1949.126728	3.101000
0.337874	1948.805844	3.201000
0.337708	1948.525043	3.301000
0.337862	1948.279359	3.401000
0.337817	1947.996705	3.501000
0.337597	1947.658163	3.601000
0.337377	1947.350344	3.701000
0.337151	1947.034061	3.801000
0.337101	1946.741791	3.901000
0.337404	1946.457355	4.001000
0.337703	1946.175540	4.101000
0.337729	1945.885246	4.201000
0.337691	1945.594165	4.301000
0.337668	1945.296113	4.401000
0.337717	1945.067469	4.501000
0.337619	1944.725444	4.601000
0.337574	1944.407177	4.701000
0.337512	1944.099684	4.801000
0.337496	1943.791099	4.901000
0.337610	1943.482961	5.001000
0.337667	1943.181442	5.101000
0.337700	1942.889069	5.201000
0.337611	1942.576966	5.301000
0.337623	1942.294336	5.401000
0.337655	1941.981664	5.501000
0.337754	1941.750766	5.601000
0.337767	1942.113971	5.701000
0.337702	1941.570778	5.801000
0.337545	1940.837720	5.901000
0.337456	1940.460075	6.001000
0.337582	1940.177122	6.101000
0.337771	1939.910479	6.201000
0.337855	1939.591182	6.301000
0.337637	1939.292686	6.401000
0.337397	1938.950798	6.501000
0.337278	1938.667346	6.601000
0.337523	1938.440390	6.701000
0.337718	1938.098704	6.801000
0.337680	1937.792304	6.901000
0.337692	1937.476551	7.001000
0.337613	1937.202791	7.101000
0.337638	1936.898257	7.201000
0.337531	1936.586261	7.301000
0.337549	1936.293124	7.401000
0.337554	1936.009021	7.501000
0.337639	1935.707631	7.601000
0.337535	1935.453611	7.701000
0.337504	1935.145028	7.801000
0.337547	1934.788322	7.901000
0.337496	1934.488683	8.001000
0.337397	1934.186660	8.101000
0.337293	1933.895446	8.201000
0.337059	1933.592563	8.301000
0.337013	1933.281907	8.401000
0.337012	1932.975397	8.501000
0.337072	1932.677685	8.601000
0.337141	1932.394841	8.701000
0.337205	1932.140900	8.801000
0.337226	1931.785346	8.901000
0.337258	1931.460086	9.001000
0.337264	1931.169135	9.101000
0.337218	1930.875009	9.201000
0.337240	1930.594192	9.301000
0.337222	1930.290991	9.401000
0.337423	1929.982996	9.501000
0.337764	1929.703427	9.601000
0.337960	1929.424502	9.701000
0.338046	1929.144799	9.801000
0.338102	1928.912337	9.901000
0.338165	1928.557001	10.001000
0.338188	1928.252294	10.101000
0.338166	1927.966364	10.201000
0.338041	1927.682002	10.301000
0.338027	1927.399787	10.401000
0.337947	1927.105055	10.501000
0.337882	1926.810622	10.601000
0.337864	1926.521809	10.701000
0.337910	1926.238368	10.801000
0.337990	1926.433624	10.901000
0.338035	1926.278254	11.001000
0.338339	1925.580998	11.101000
0.338492	1925.067125	11.201000
0.338479	1924.770673	11.301000
0.338284	1924.457890	11.401000
0.338168	1924.128455	11.501000
0.338139	1923.809194	11.601000
0.338180	1923.520200	11.701000
0.338169	1923.240033	11.801000
0.338235	1922.934100	11.901000
0.338221	1922.657475	12.001000
0.338140	1922.364605	12.101000
0.338150	1922.044394	12.201000
0.338237	1921.780453	12.301000
0.338300	1921.514870	12.401000
0.338352	1921.198844	12.501000
0.338331	1920.887381	12.601000
0.338304	1920.597115	12.701000
0.338024	1920.304813	12.801000
0.337923	1920.018594	12.901000
0.337999	1919.723949	13.001000
0.338017	1919.476384	13.101000
0.338077	1919.149972	13.201000
0.338212	1918.872078	13.301000
0.338272	1918.604595	13.401000
0.338044	1918.330738	13.501000
0.337883	1918.026983	13.601000
0.337902	1917.742161	13.701000
0.337958	1917.433910	13.801000
0.338033	1917.160497	13.901000
0.338103	1916.879222	14.001000
0.338260	1916.596736	14.101000
0.338315	1916.367926	14.201000
0.338391	1916.018843	14.301000
0.338434	1915.731647	14.401000
0.338433	1915.429488	14.501000
0.338441	1915.121623	14.601000
0.338474	1914.811695	14.701000
0.338433	1914.513710	14.801000
0.338388	1914.222889	14.901000
0.338385	1913.906320	15.001000
0.338330	1913.603582	15.101000
0.338262	1913.326012	15.201000
0.338053	1913.020191	15.301000
0.337892	1912.675283	15.401000
0.337960	1912.391969	15.501000
0.337992	1912.102916	15.601000
0.337865	1911.806969	15.701000
0.337706	1911.498301	15.801000
0.337643	1911.187573	15.901000
0.337837	1910.913755	16.001000
0.338186	1910.896517	16.101000
0.338252	1911.032994	16.201000
0.337992	1910.506003	16.301000
0.337455	1909.830177	16.401000
0.337208	1909.517769	16.501000
0.337050	1909.224503	16.601000
0.337155	1908.952178	16.701000
0.337319	1908.673348	16.801000
0.337323	1908.378202	16.901000
0.337480	1908.082890	17.001000
0.337551	1907.795751	17.101000
0.337506	1907.509372	17.201000
0.337377	1907.215844	17.301000
0.337425	1906.960385	17.401000
0.337631	1906.620194	17.501000
0.337832	1906.311996	17.601000
0.338004	1906.022957	17.701000
0.337747	1905.720811	17.801000
0.337589	1905.426725	17.901000
0.337798	1905.130372	18.001000
0.338172	1904.857202	18.101000
0.338137	1904.552244	18.201000
0.338092	1904.257198	18.301000
0.337795	1903.981667	18.401000
0.337595	1903.709771	18.501000
0.337274	1903.369167	18.601000
0.337081	1903.059325	18.701000
0.337240	1902.783709	18.801000
0.337347	1902.499398	18.901000
0.337393	1902.201425	19.001000
0.337455	1901.923211	19.101000
0.337487	1901.641646	19.201000
0.337632	1901.346704	19.301000
0.337593	1901.050459	19.401000
0.337361	1900.805391	19.501000
0.337314	1900.466327	19.601000
0.337506	1900.162880	19.701000
0.337650	1899.886962	19.801000
0.337720	1899.599146	19.901000
0.337466	1899.299642	20.001000
0.337397	1899.019456	20.101000
0.337383	1898.722612	20.201000
0.337267	1898.450505	20.301000
0.337178	1898.179627	20.401000
0.337155	1897.902828	20.501000
0.336971	1897.667473	20.601000
0.336931	1897.314609	20.701000
0.337076	1897.029044	20.801000
0.337269	1896.744426	20.901000
0.337437	1896.455056	21.001000
0.337736	1896.175118	21.101000
0.337712	1895.852004	21.201000
0.337664	1895.558554	21.301000
0.337728	1895.975634	21.401000
0.337890	1895.478266	21.501000
0.337940	1894.803761	21.601000
0.337815	1894.447719	21.701000
0.337832	1894.107997	21.801000
0.337852	1893.813725	21.901000
0.337921	1893.525119	22.001000
0.337983	1893.242576	22.101000
0.337919	1892.956662	22.201000
0.337903	1892.643935	22.301000
0.338082	1892.363319	22.401000
0.337927	1892.061275	22.501000
0.337620	1891.749839	22.601000
0.337716	1891.507632	22.701000
0.337969	1891.190535	22.801000
0.338106	1890.913142	22.901000
0.337829	1890.612610	23.001000
0.337570	1890.316924	23.101000
0.337468	1889.993328	23.201000
0.337306	1889.709567	23.301000
0.337224	1889.463132	23.401000
0.337300	1889.147306	23.501000
0.337323	1888.880358	23.601000
0.337661	1888.619183	23.701000
0.337762	1888.405037	23.801000
0.337640	1888.047034	23.901000
0.337346	1887.735532	24.001000
0.337364	1887.474136	24.101000
0.337478	1887.179321	24.201000
0.337522	1886.872330	24.301000
0.337437	1886.576811	24.401000
0.337491	1886.325244	24.501000
0.337481	1886.031683	24.601000
0.337365	1885.758150	24.701000
0.337258	1885.471231	24.801000
0.337434	1885.186749	24.901000
0.337802	1884.886046	25.001000
0.338241	1884.620681	25.101000
0.338412	1884.305079	25.201000
0.338000	1883.980542	25.301000
0.337606	1883.666233	25.401000
0.337372	1883.353387	25.501000
0.337266	1883.065505	25.601000
0.337260	1882.778527	25.701000
0.337317	1882.481727	25.801000
0.337349	1882.221065	25.901000
0.337482	1881.920763	26.001000
0.337506	1881.630093	26.101000
0.337504	1881.339365	26.201000
0.337417	1881.030765	26.301000
0.337446	1880.750760	26.401000
0.337642	1880.484913	26.501000
0.337529	1880.542086	26.601000
0.338131	1880.569202	26.701000
0.338323	1879.993980	26.801000
0.338241	1879.428509	26.901000
0.338018	1879.191334	27.001000
0.337953	1878.856868	27.101000
0.338399	1878.590053	27.201000
0.338852	1878.313535	27.301000
0.339251	1878.050026	27.401000
0.339596	1877.787460	27.501000
0.339582	1877.503296	27.601000
0.339440	1877.216522	27.701000
0.339304	1876.897891	27.801000
0.339278	1876.612076	27.901000
0.339262	1876.313483	28.001000
0.338928	1876.049260	28.101000
0.339200	1875.737088	28.201000
0.339653	1875.457110	28.301000
0.339862	1875.165649	28.401000
0.340187	1874.894257	28.501000
0.340258	1874.660421	28.601000
0.340240	1874.377531	28.701000
0.340133	1874.096387	28.801000
0.339955	1873.807731	28.901000
0.340128	1873.529074	29.001000
0.340325	1873.287127	29.101000
0.340376	1872.982887	29.201000
0.340398	1872.694878	29.301000
0.340559	1872.410810	29.401000
0.340504	1872.135484	29.501000
0.340427	1871.863053	29.601000
0.340413	1871.583781	29.701000
0.340240	1871.303920	29.801000
0.340233	1871.044130	29.901000
0.340362	1870.766772	30.001000
0.340459	1870.516397	30.101000
0.340472	1870.276098	30.201000
0.340455	1869.932342	30.301000
0.340426	1869.662502	30.401000
0.340238	1869.361913	30.501000
0.340203	1869.089684	30.601000
0.340334	1868.814906	30.701000
0.340497	1868.542946	30.801000
0.340501	1868.251842	30.901000
0.340484	1867.951525	31.001000
0.340370	1867.664293	31.101000
0.340341	1867.365544	31.201000
0.340363	1867.125567	31.301000
0.340572	1866.792044	31.401000
0.340768	1866.508657	31.501000
0.340787	1866.218275	31.601000
0.340721	1865.929809	31.701000
0.340577	1865.660202	31.801000
0.340482	1866.056562	31.901000
0.340524	1865.565052	32.001000
0.340548	1864.877623	32.101000
0.340583	1864.530213	32.201000
0.340648	1864.242305	32.301000
0.340719	1863.976397	32.401000
0.340746	1863.659332	32.501000
0.340709	1863.379935	32.601000
0.340737	1863.105335	32.701000
0.340758	1862.833212	32.801000
0.340741	1862.586273	32.901000
0.340638	1862.304207	33.001000
0.340631	1862.058451	33.101000
0.340637	1861.778372	33.201000
0.340696	1861.482591	33.301000
0.340677	1861.241075	33.401000
0.340650	1860.953877	33.501000
0.340649	1860.655359	33.601000
0.340682	1860.353429	33.701000
0.340719	1860.073182	33.801000
0.340727	1859.824143	33.901000
0.340633	1859.519865	34.001000
0.340633	1859.245581	34.101000
0.340727	1858.947735	34.201000
0.340851	1858.661251	34.301000
0.340876	1858.372201	34.401000
0.340846	1858.152370	34.501000
0.340885	1857.806449	34.601000
0.340849	1857.509947	34.701000
0.340722	1857.209821	34.801000
0.340731	1856.923246	34.901000
0.340721	1856.643916	35.002000
0.340641	1856.397654	35.101000
0.340596	1856.101199	35.201000
0.340544	1855.802200	35.301000
0.340502	1855.507461	35.401000
0.340541	1855.214003	35.501000
0.340561	1854.995219	35.601000
0.340557	1854.651231	35.701000
0.340495	1854.366641	35.801000
0.340581	1854.085959	35.901000
0.340618	1853.823916	36.001000
0.340629	1853.561920	36.101000
0.340613	1853.283610	36.201000
0.340606	1852.993495	36.301000
0.340580	1852.711107	36.401000
0.340667	1852.424487	36.501000
0.340674	1852.198268	36.601000
0.340578	1851.926265	36.701000
0.340556	1851.618318	36.801000
0.340533	1851.327193	36.901000
0.340536	1851.072358	37.001000
0.340651	1851.383800	37.101000
0.340757	1851.078221	37.201000
0.340715	1850.479344	37.301000
0.340650	1850.018970	37.401000
0.340670	1849.735806	37.501000
0.340628	1849.466799	37.601000
0.340508	1849.245445	37.701000
0.340514	1848.905032	37.801000
0.340526	1848.631004	37.901000
0.340636	1848.328666	38.001000
0.340654	1848.067275	38.101000
0.340663	1847.791487	38.201000
0.340723	1847.491073	38.301000
0.340662	1847.210083	38.401000
0.340682	1846.919979	38.501000
0.340725	1846.633541	38.601000
0.340770	1846.337257	38.701000
0.340748	1846.104456	38.801000
0.340768	1845.769357	38.901000
0.340785	1845.482663	39.001000
0.340763	1845.226496	39.101000
0.340805	1844.941682	39.201000
0.340755	1844.673265	39.301000
0.340715	1844.400063	39.401000
0.340785	1844.123334	39.501000
0.340859	1843.840738	39.601000
0.340881	1843.571908	39.701000
0.340930	1843.340771	39.801000
0.340854	1843.070173	39.901000
0.340743	1842.743393	40.001000
0.340675	1842.466033	40.101000
0.340621	1842.183064	40.201000
0.340650	1841.899326	40.301000
0.340699	1841.623871	40.401000
0.340696	1841.361264	40.501000
0.340685	1841.065860	40.601000
0.340665	1840.802128	40.701000
0.340706	1840.522141	40.801000
0.340697	1840.301558	40.901000
0.340690	1839.998683	41.001000
0.340703	1839.676275	41.101000
0.340706	1839.383386	41.201000
0.340756	1839.143514	41.301000
0.340750	1838.891379	41.401000
0.340797	1838.631146	41.501000
0.340872	1838.348493	41.601000
0.340906	1838.054954	41.701000
0.341025	1837.769325	41.801000
0.341195	1837.515526	41.901000
0.341255	1837.292899	42.001000
0.341283	1836.948984	42.101000
0.341299	1836.646505	42.201000
0.341273	1836.569106	42.301000
0.341283	1836.751669	42.401000
0.341283	1836.222717	42.501000
0.341260	1835.554100	42.601000
0.341245	1835.279262	42.701000
0.341211	1834.991241	42.801000
0.341219	1834.696278	42.901000
0.341235	1834.422558	43.001000
0.341209	1834.198360	43.101000
0.341255	1833.887575	43.201000
0.341324	1833.603608	43.301000
0.341332	1833.343418	43.401000
0.341319	1833.065865	43.501000
0.341296	1832.796370	43.601000
0.341331	1832.531676	43.701000
0.341388	1832.257255	43.801000
0.341379	1831.972945	43.901000
0.341350	1831.725408	44.001000
0.341362	1831.509917	44.101000
0.341365	1831.207269	44.201000
0.341417	1830.896958	44.301000
0.341458	1830.610746	44.401000
0.341445	1830.346804	44.501000
0.341463	1830.078512	44.601000
0.341422	1829.825383	44.701000
0.341427	1829.562261	44.801000
0.341440	1829.276848	44.901000
0.341448	1828.982561	45.001000
0.341446	1828.713877	45.101000
0.341434	1828.529621	45.201000
0.341453	1828.159505	45.301000
0.341469	1827.886231	45.401000
0.341447	1827.616893	45.501000
0.341419	1827.365992	45.601000
0.341347	1827.096481	45.701000
0.341262	1826.830650	45.801000
0.341207	1826.562606	45.901000
0.341204	1826.294076	46.001000
0.341198	1826.038324	46.101000
0.341223	1825.756633	46.201000
0.341274	1825.510106	46.301000
0.341315	1825.166775	46.401000
0.341228	1824.887807	46.501000
0.341235	1824.612966	46.601000
0.341253	1824.337089	46.701000
0.341243	1824.071931	46.801000
0.341265	1823.801061	46.901000
0.341322	1823.516509	47.001000
0.341371	1823.234563	47.101000
0.341395	1822.995547	47.201000
0.341432	1822.763417	47.301000
0.341413	1822.486399	47.401000
0.341406	1822.179094	47.501000
0.341461	1822.364571	47.601000
0.341493	1822.255542	47.701000
0.341472	1821.675371	47.801000
0.341455	1821.150429	47.901000
0.341410	1820.882219	48.001000
0.341409	1820.620082	48.101000
0.341387	1820.340974	48.201000
0.341369	1820.066355	48.301000
0.341385	1819.868357	48.401000
0.341438	1819.529845	48.501000
0.341381	1819.247530	48.601000
0.341374	1818.966238	48.701000
0.341388	1818.693531	48.801000
0.341376	1818.403330	48.901000
0.341394	1818.126034	49.001000
0.341379	1817.850764	49.101000
0.341411	1817.581828	49.201000
0.341435	1817.291448	49.301000
0.341414	1817.035008	49.401000
0.341438	1816.784386	49.501000
0.341409	1816.479269	49.601000
0.341412	1816.186819	49.701000
0.341440	1815.901776	49.801000
0.341421	1815.652463	49.901000
0.341461	1815.393032	50.001000
0.341479	1815.146734	50.101000
0.341534	1814.880354	50.201000
0.341485	1814.605701	50.301000
0.341512	1814.332486	50.401000
0.341513	1814.090629	50.501000
0.341521	1813.817325	50.601000
0.341522	1813.507719	50.701000
0.341544	1813.225270	50.801000
0.341525	1812.945343	50.901000
0.341524	1812.689474	51.001000
0.341508	1812.428893	51.101000
0.341541	1812.168872	51.201000
0.341537	1811.904230	51.301000
0.341513	1811.658632	51.401000
0.341488	1811.399286	51.501000
0.341537	1811.177360	51.601000
0.341595	1810.855143	51.701000
0.341614	1810.570934	51.801000
0.341596	1810.301509	51.901000
0.341499	1810.035468	52.001000
0.341434	1809.771277	52.101000
0.341399	1809.491141	52.201000
0.341367	1809.216997	52.301000
0.341321	1808.941767	52.401000
0.341297	1808.673784	52.501000
0.341448	1808.400741	52.601000
0.341565	1808.168465	52.701000
0.341575	1807.854969	52.801000
0.341563	1808.286488	52.901000
0.341517	1807.800122	53.001000
0.341572	1807.061176	53.101000
0.341602	1806.746877	53.201000
0.341548	1806.462827	53.301000
0.341453	1806.200428	53.401000
0.341425	1805.937051	53.501000
0.341459	1805.664300	53.601000
0.341446	1805.402828	53.701000
0.341503	1805.144124	53.801000
0.341463	1804.821202	53.901000
0.341359	1804.555639	54.001000
0.341336	1804.298881	54.101000
0.341327	1804.021067	54.201000
0.341339	1803.765088	54.301000
0.341366	1803.500185	54.401000
0.341343	1803.246904	54.501000
0.341294	1802.985767	54.601000
0.341271	1802.717427	54.701000
0.341251	1802.464051	54.801000
0.341219	1802.213284	54.901000
0.341224	1801.903583	55.001000
0.341216	1801.651143	55.101000
0.341225	1801.402829	55.201000
0.341302	1801.116901	55.301000
0.341333	1800.851020	55.401000
0.341308	1800.600754	55.501000
0.341316	1800.338053	55.601000
0.341302	1800.062370	55.701000
0.341340	1799.789531	55.801000
0.341377	1799.551535	55.901000
0.341396	1799.267084	56.001000
0.341391	1798.998709	56.101000
0.341400	1798.737130	56.201000
0.341408	1799.061357	56.301000
0.341443	1798.685260	56.401000
0.341441	1797.885592	56.501000
0.341485	1797.626225	56.601000
0.341521	1797.362649	56.701000
0.341612	1797.096054	56.801000
0.341748	1796.816503	56.901000
0.341735	1796.593048	57.001000
0.341675	1796.266278	57.101000
0.341659	1796.003413	57.201000
0.341665	1795.712867	57.301000
0.341688	1795.430443	57.401000
0.341704	1795.151658	57.501000
0.341700	1794.892734	57.601000
0.341721	1794.623984	57.701000
0.341712	1794.351413	57.801000
0.341766	1794.069863	57.901000
0.341765	1793.827237	58.001000
0.341721	1794.074903	58.101000
0.341733	1793.840798	58.201000
0.341797	1793.266458	58.301000
0.341847	1792.750070	58.401000
0.341905	1792.475463	58.501000
0.341860	1792.208664	58.601000
0.341812	1791.953597	58.701000
0.341727	1791.700103	58.801000
0.341597	1791.443554	58.901000
0.341526	1791.186020	59.001000
0.341505	1790.935562	59.101000
0.341579	1790.672753	59.201000
0.341590	1790.386047	59.301000
0.341462	1790.095280	59.401000
0.341447	1789.818297	59.501000
0.341405	1789.543937	59.601000
0.341367	1789.262283	59.701000
0.341291	1789.007695	59.801000
0.341298	1788.741665	59.901000
0.341352	1788.463828	60.001000
0.341381	1788.210432	60.101000
0.341339	1787.950413	60.201000
0.341261	1787.625839	60.301000
0.341346	1787.339303	60.401000
0.341487	1787.061826	60.501000
0.341572	1786.794330	60.601000
0.341649	1786.528543	60.701000
0.341679	1786.257680	60.801000
0.341645	1785.994836	60.901000
0.341637	1785.713338	61.001000
0.341702	1785.447715	61.101000
0.341601	1785.162126	61.201000
0.341594	1784.896863	61.301000
0.341560	1784.567423	61.401000
0.341534	1784.295890	61.501000
0.341551	1784.024216	61.601000
0.341626	1783.765395	61.701000
0.341657	1783.500294	61.801000
0.341655	1783.237759	61.901000
0.341637	1782.979551	62.001000
0.341593	1782.742642	62.101000
0.341575	1782.477488	62.201000
0.341610	1782.233010	62.301000
0.341616	1781.931860	62.401000
0.341609	1781.641790	62.501000
0.341609	1781.369130	62.601000
0.341584	1781.094551	62.701000
0.341600	1780.824425	62.801000
0.341582	1780.556077	62.901000
0.341554	1780.304311	63.001000
0.341507	1780.046741	63.101000
0.341479	1779.801727	63.201000
0.341442	1779.614077	63.301000
0.341635	1779.954821	63.401000
0.341681	1779.358937	63.501000
0.341653	1778.682077	63.601000
0.341650	1778.413880	63.701000
0.341761	1778.147814	63.801000
0.341787	1777.889808	63.901000
0.341800	1777.606811	64.001000
0.341837	1777.342725	64.101000
0.341831	1777.062898	64.201000
0.341843	1776.760932	64.301000
0.341888	1776.504462	64.401000
0.341990	1776.162761	64.501000
0.342023	1775.856536	64.601000
0.342086	1775.562654	64.701000
0.342047	1775.317628	64.801000
0.342056	1775.037989	64.901000
0.342077	1774.763696	65.001000
0.342010	1774.491631	65.101000
0.342017	1774.227553	65.201000
0.342040	1773.978969	65.301000
0.342046	1773.720065	65.401000
0.342112	1773.433356	65.501000
0.342154	1773.081407	65.601000
0.342118	1772.783838	65.701000
0.342059	1772.526114	65.801000
0.342037	1772.263745	65.901000
0.342048	1772.004114	66.001000
0.342030	1771.761545	66.101000
0.342044	1771.472927	66.201000
0.342032	1771.197350	66.301000
0.341958	1770.930074	66.401000
0.341912	1770.665580	66.501000
0.342072	1770.328896	66.601000
0.342072	1769.974034	66.701000
0.342066	1769.691470	66.801000
0.342035	1769.427799	66.901000
0.341961	1769.167864	67.001000
0.341953	1768.898731	67.101000
0.341967	1768.621400	67.201000
0.342020	1768.353576	67.301000
0.342030	1768.095261	67.402000
0.342072	1767.846437	67.501000
0.342148	1767.564689	67.601000
0.342286	1767.192881	67.701000
0.342264	1766.845297	67.801000
0.342223	1766.584615	67.901000
0.342229	1766.317445	68.001000
0.342238	1766.061747	68.101000
0.342220	1765.774677	68.201000
0.342240	1765.483512	68.301000
0.342242	1765.220769	68.401000
0.342299	1764.964637	68.501000
0.342378	1765.320026	68.601000
0.342557	1764.930859	68.701000
0.342632	1764.172559	68.801000
0.342615	1763.739071	68.901000
0.342584	1763.455545	69.001000
0.342561	1763.195575	69.101000
0.342546	1762.946524	69.201000
0.342536	1762.672177	69.301000
0.342577	1762.403640	69.401000
0.342587	1762.153793	69.501000
0.342604	1761.879322	69.601000
0.342630	1761.626047	69.701000
0.342860	1761.258896	69.801000
0.342956	1760.899126	69.901000
0.342952	1760.646088	70.001000
0.342923	1760.393945	70.101000
0.342899	1760.106379	70.201000
0.342917	1759.837572	70.301000
0.342950	1759.563482	70.401000
0.342960	1759.299037	70.501000
0.342915	1759.058880	70.601000
0.342870	1758.782322	70.701000
0.342860	1758.498951	70.801000
0.343092	1758.160304	70.901000
0.343230	1757.808190	71.001000
0.343339	1757.529291	71.101000
0.343337	1757.259327	71.201000
0.343288	1756.984564	71.301000
0.343273	1756.714655	71.402000
0.343289	1756.456511	71.501000
0.343313	1756.184531	71.601000
0.343331	1755.937591	71.701000
0.343326	1755.680875	71.801000
0.343366	1755.418209	71.901000
0.343473	1755.091878	72.001000
0.343537	1754.772007	72.101000
0.343543	1754.497808	72.201000
0.343468	1754.229318	72.301000
0.343483	1753.968964	72.401000
0.343556	1753.709612	72.501000
0.343608	1753.455212	72.601000
0.343629	1753.200140	72.701000
0.343561	1752.944131	72.801000
0.343455	1752.691168	72.901000
0.343420	1752.484075	73.001000
0.343458	1752.212585	73.101000
0.343405	1751.924068	73.201000
0.343299	1751.649814	73.301000
0.343213	1751.375919	73.401000
0.343157	1751.126754	73.501000
0.343140	1750.864499	73.601000
0.343170	1750.612034	73.701000
0.343125	1750.601166	73.801000
0.343114	1750.666138	73.901000
0.343144	1750.245244	74.001000
0.343197	1749.639393	74.101000
0.343262	1749.259327	74.201000
0.343281	1748.990468	74.301000
0.343276	1748.719543	74.401000
0.343300	1748.454925	74.501000
0.343342	1748.178205	74.601000
0.343371	1747.902153	74.701000
0.343380	1747.623438	74.801000
0.343404	1747.359364	74.901000
0.343378	1747.106212	75.001000
0.343404	1746.868323	75.101000
0.343411	1746.620006	75.201000
0.343418	1746.318032	75.301000
0.343445	1746.062338	75.401000
0.343448	1745.787415	75.501000
0.343411	1745.521967	75.601000
0.343426	1745.273933	75.701000
0.343427	1745.019319	75.801000
0.343420	1744.746439	75.901000
0.343385	1744.509855	76.001000
0.343339	1744.271959	76.101000
0.343291	1744.075427	76.201000
0.343267	1743.748290	76.301000
0.343272	1743.468479	76.401000
0.343257	1743.222868	76.501000
0.343202	1742.966999	76.601000
0.343168	1742.711145	76.701000
0.343102	1742.439833	76.801000
0.343080	1742.153913	76.901000
0.343052	1741.891707	77.001000
0.343053	1741.632202	77.101000
0.343048	1741.390436	77.201000
0.343067	1741.146748	77.301000
0.343129	1740.818282	77.401000
0.343159	1740.552688	77.501000
0.343136	1740.277621	77.601000
0.343091	1740.007991	77.701000
0.343126	1739.728833	77.801000
0.343123	1739.465036	77.901000
0.343199	1739.179335	78.001000
0.343242	1738.926501	78.101000
0.343275	1738.641637	78.201000
0.343273	1738.436632	78.301000
0.343324	1738.143517	78.401000
0.343350	1737.859709	78.501000
0.343372	1737.613638	78.601000
0.343424	1737.356385	78.701000
0.343454	1737.095706	78.801000
0.343482	1736.843648	78.901000
0.343506	1736.588523	79.001000
0.343481	1736.918406	79.101000
0.343394	1736.587364	79.201000
0.343371	1735.933128	79.301000
0.343370	1735.590969	79.401000
0.343394	1735.284994	79.501000
0.343404	1735.030428	79.601000
0.343361	1734.757084	79.701000
0.343289	1734.482025	79.801000
0.343251	1734.227931	79.901000
0.343252	1733.952497	80.001000
0.343273	1733.702558	80.101000
0.343314	1733.453348	80.201000
0.343284	1733.183144	80.301000
0.343262	1732.954310	80.401000
0.343262	1732.693020	80.501000
0.343286	1732.423455	80.601000
0.343297	1732.185565	80.701000
0.343274	1731.931928	80.801000
0.343239	1731.688733	80.901000
0.343194	1731.399989	81.001000
0.343197	1731.126896	81.101000
0.343255	1730.845369	81.201000
0.343285	1730.574376	81.301000
0.343278	1730.318344	81.401000
0.343305	1730.092145	81.501000
0.343328	1729.773878	81.601000
0.343347	1729.519606	81.701000
0.343344	1729.264065	81.801000
0.343314	1729.003724	81.901000
0.343270	1728.746386	82.001000
0.343287	1728.480300	82.101000
0.343298	1728.201913	82.201000
0.343286	1727.943147	82.301000
0.343261	1727.686722	82.401000
0.343235	1727.455907	82.501000
0.343212	1727.209415	82.601000
0.343208	1726.913517	82.701000
0.343173	1726.670628	82.801000
0.343169	1726.422882	82.901000
0.343158	1726.163311	83.001000
0.343194	1725.904675	83.101000
0.343165	1725.625743	83.201000
0.343165	1725.346792	83.301000
0.343099	1725.106379	83.401000
0.343071	1724.856697	83.501000
0.343051	1724.641682	83.601000
0.343072	1724.338154	83.701000
0.343100	1724.062268	83.801000
0.343101	1723.798923	83.901000
0.343096	1723.535940	84.001000
0.343129	1723.292757	84.101000
0.343118	1723.030533	84.201000
0.343097	1723.053215	84.301000
0.343015	1723.127296	84.401000
0.342982	1722.542782	84.501000
0.342980	1721.974770	84.601000
0.343069	1721.761003	84.701000
0.343165	1721.428914	84.801000
0.343187	1721.166688	84.901000
0.343141	1720.912642	85.001000
0.343103	1720.665170	85.101000
0.343046	1720.403973	85.201000
0.343010	1720.148715	85.301000
0.343004	1719.887984	85.401000
0.342987	1719.611853	85.501000
0.342987	1719.366274	85.601000
0.343026	1719.150430	85.701000
0.343041	1718.885258	85.801000
0.343043	1718.567075	85.901000
0.343052	1718.312295	86.001000
0.343048	1718.055061	86.101000
0.343036	1717.804692	86.201000
0.343019	1717.573262	86.301000
0.343006	1717.296921	86.401000
0.343020	1717.022214	86.501000
0.343012	1716.766518	86.601000
0.343008	1716.504737	86.701000
0.342956	1716.302053	86.801000
0.342991	1715.968292	86.901000
0.342970	1715.722359	87.001000
0.343014	1715.459712	87.101000
0.343090	1715.186286	87.201000
0.343170	1714.930467	87.301000
0.343225	1714.684544	87.401000
0.343294	1714.426947	87.501000
0.343255	1714.178001	87.601000
0.343248	1713.929582	87.701000
0.343276	1713.682484	87.801000
0.343272	1713.463099	87.901000
0.343242	1713.159388	88.001000
0.343225	1712.892281	88.101000
0.343231	1712.614154	88.201000
0.343257	1712.334535	88.301000
0.343279	1712.058622	88.401000
0.343274	1711.796113	88.501000
0.343245	1711.556488	88.601000
0.343325	1711.295880	88.701000
0.343418	1711.037442	88.801000
0.343442	1710.832794	88.901000
0.343366	1710.519969	89.001000
0.343330	1710.240604	89.101000
0.343265	1710.005491	89.201000
0.343299	1709.747264	89.301000
0.343337	1709.477944	89.401000
0.343339	1709.415508	89.501000
0.343355	1709.636816	89.601000
0.343343	1709.160630	89.701000
0.343319	1708.497663	89.801000
0.343317	1708.241711	89.901000
0.343330	1708.040694	90.001000
0.343384	1707.712822	90.101000
0.343330	1707.463468	90.201000
0.343270	1707.192865	90.301000
0.343241	1706.946431	90.401000
0.343244	1706.689906	90.501000
0.343248	1706.412319	90.601000
0.343239	1706.160971	90.701000
0.343205	1705.913943	90.801000
0.343182	1705.671502	90.901000
0.343200	1705.447047	91.001000
0.343230	1705.206946	91.101000
0.343269	1704.920298	91.201000
0.343264	1704.648079	91.301000
0.343259	1704.388544	91.401000
0.343273	1704.131933	91.501000
0.343280	1703.883268	91.601000
0.343244	1703.604093	91.701000
0.343200	1703.346306	91.801000
0.343225	1703.102616	91.901000
0.343295	1702.846900	92.001000
0.343352	1702.653481	92.101000
0.343429	1702.317979	92.201000
0.343483	1702.058154	92.301000
0.343461	1701.807696	92.401000
0.343485	1701.562697	92.501000
0.343507	1701.311963	92.601000
0.343501	1701.049819	92.701000
0.343445	1700.795097	92.801000
0.343427	1700.545264	92.901000
0.343384	1700.287164	93.001000
0.343346	1700.065059	93.101000
0.343335	1699.839103	93.201000
0.343351	1699.550134	93.301000
0.343341	1699.306694	93.401000
0.343319	1699.070600	93.501000
0.343277	1698.822289	93.601000
0.343249	1698.557852	93.701000
0.343211	1698.297559	93.801000
0.343220	1698.044931	93.901000
0.343182	1697.803219	94.001000
0.343161	1697.547961	94.101000
0.343145	1697.342540	94.201000
0.343112	1697.063483	94.301000
0.343122	1696.807854	94.401000
0.343071	1696.573342	94.501000
0.343043	1696.335398	94.601000
0.343076	1696.060724	94.701000
0.343102	1696.487717	94.801000
0.343095	1696.041748	94.901000
0.343087	1695.370599	95.001000
0.343077	1695.023446	95.101000
0.343106	1694.778923	95.201000
0.343122	1694.548308	95.301000
0.343144	1694.236352	95.401000
0.343168	1693.984261	95.501000
0.343169	1693.749987	95.601000
0.343219	1693.477254	95.701000
0.343261	1693.216794	95.801000
0.343295	1692.940139	95.901000
0.343264	1692.690803	96.001000
