-7.000000E+01,-4.878559E-06,+9.910000E+37,+4.634840E+03,+2.150800E+04,
-6.900000E+01,-4.714245E-06,+9.910000E+37,+4.635925E+03,+2.150800E+04,
-6.800000E+01,-4.614224E-06,+9.910000E+37,+4.636980E+03,+2.150800E+04,
-6.700000E+01,-4.532526E-06,+9.910000E+37,+4.638042E+03,+2.150800E+04,
-6.600000E+01,-4.459266E-06,+9.910000E+37,+4.639123E+03,+2.150800E+04,
-6.500000E+01,-4.391165E-06,+9.910000E+37,+4.640185E+03,+2.150800E+04,
-6.400000E+01,-4.325103E-06,+9.910000E+37,+4.641246E+03,+2.150800E+04,
-6.300000E+01,-4.260514E-06,+9.910000E+37,+4.642336E+03,+2.150800E+04,
-6.200000E+01,-4.197110E-06,+9.910000E+37,+4.643396E+03,+2.150800E+04,
-6.100000E+01,-4.134354E-06,+9.910000E+37,+4.644456E+03,+2.150800E+04,
-6.000000E+01,-4.071802E-06,+9.910000E+37,+4.645540E+03,+2.150800E+04,
-5.900000E+01,-4.009175E-06,+9.910000E+37,+4.646599E+03,+2.150800E+04,
-5.800000E+01,-3.946811E-06,+9.910000E+37,+4.647683E+03,+2.150800E+04,
-5.700000E+01,-3.884317E-06,+9.910000E+37,+4.648740E+03,+2.150800E+04,
-5.600000E+01,-3.821495E-06,+9.910000E+37,+4.649800E+03,+2.150800E+04,
-5.500000E+01,-3.758266E-06,+9.910000E+37,+4.650857E+03,+2.150800E+04,
-5.400000E+01,-3.694754E-06,+9.910000E+37,+4.651936E+03,+2.150800E+04,
-5.300000E+01,-3.630430E-06,+9.910000E+37,+4.652994E+03,+2.150800E+04,
-5.200000E+01,-3.566229E-06,+9.910000E+37,+4.654055E+03,+2.150800E+04,
-5.100000E+01,-3.501716E-06,+9.910000E+37,+4.655113E+03,+2.150800E+04,
-5.000000E+01,-3.435910E-06,+9.910000E+37,+4.656172E+03,+2.150800E+04,
-4.900000E+01,-3.369657E-06,+9.910000E+37,+4.657256E+03,+2.150800E+04,
-4.800000E+01,-3.303367E-06,+9.910000E+37,+4.658316E+03,+2.150800E+04,
-4.700000E+01,-3.235983E-06,+9.910000E+37,+4.659400E+03,+2.150800E+04,
-4.600000E+01,-3.167735E-06,+9.910000E+37,+4.660459E+03,+2.150800E+04,
-4.500000E+01,-3.098628E-06,+9.910000E+37,+4.661519E+03,+2.150800E+04,
-4.400000E+01,-3.028348E-06,+9.910000E+37,+4.662581E+03,+2.150800E+04,
-4.300000E+01,-2.957222E-06,+9.910000E+37,+4.663640E+03,+2.150800E+04,
-4.200000E+01,-2.884855E-06,+9.910000E+37,+4.664720E+03,+2.150800E+04,
-4.100000E+01,-2.811431E-06,+9.910000E+37,+4.665777E+03,+2.150800E+04,
-4.000000E+01,-2.736545E-06,+9.910000E+37,+4.666839E+03,+2.150800E+04,
-3.900000E+01,-2.660330E-06,+9.910000E+37,+4.667900E+03,+2.150800E+04,
-3.800000E+01,-2.582605E-06,+9.910000E+37,+4.668989E+03,+2.150800E+04,
-3.700000E+01,-2.503399E-06,+9.910000E+37,+4.670072E+03,+2.150800E+04,
-3.600000E+01,-2.421941E-06,+9.910000E+37,+4.671134E+03,+2.150800E+04,
-3.500000E+01,-2.338353E-06,+9.910000E+37,+4.672193E+03,+2.150800E+04,
-3.400000E+01,-2.252527E-06,+9.910000E+37,+4.673252E+03,+2.150800E+04,
-3.300000E+01,-2.163676E-06,+9.910000E+37,+4.674310E+03,+2.150800E+04,
-3.200000E+01,-2.071940E-06,+9.910000E+37,+4.675368E+03,+2.150800E+04,
-3.100000E+01,-1.976969E-06,+9.910000E+37,+4.676428E+03,+2.150800E+04,
-3.000000E+01,-1.878528E-06,+9.910000E+37,+4.677518E+03,+2.150800E+04,
-2.900000E+01,-1.776335E-06,+9.910000E+37,+4.678604E+03,+2.150800E+04,
-2.800000E+01,-1.668934E-06,+9.910000E+37,+4.679662E+03,+2.150800E+04,
-2.700000E+01,-1.556179E-06,+9.910000E+37,+4.680749E+03,+2.150800E+04,
-2.600000E+01,-1.436189E-06,+9.910000E+37,+4.681807E+03,+2.150800E+04,
-2.500000E+01,-1.307750E-06,+9.910000E+37,+4.682866E+03,+2.150800E+04,
-2.400000E+01,-1.170020E-06,+9.910000E+37,+4.683952E+03,+2.150800E+04,
-2.300000E+01,-1.019952E-06,+9.910000E+37,+4.685013E+03,+2.150800E+04,
-2.200000E+01,-8.563196E-07,+9.910000E+37,+4.686074E+03,+2.150800E+04,
-2.100000E+01,-6.767483E-07,+9.910000E+37,+4.687134E+03,+2.150800E+04,
-2.000000E+01,-4.794945E-07,+9.910000E+37,+4.688195E+03,+2.150800E+04,
-1.900000E+01,-2.654939E-07,+9.910000E+37,+4.689273E+03,+2.150800E+04,
-1.800000E+01,-3.368606E-08,+9.910000E+37,+4.690332E+03,+2.150800E+04,
-1.700000E+01,+1.984708E-07,+9.910000E+37,+4.691390E+03,+2.150800E+04,
-1.600000E+01,+4.127930E-07,+9.910000E+37,+4.692445E+03,+2.150800E+04,
-1.500000E+01,+6.265801E-07,+9.910000E+37,+4.693509E+03,+2.150800E+04,
-1.400000E+01,+8.779993E-07,+9.910000E+37,+4.694586E+03,+2.150800E+04,
-1.300000E+01,+1.183476E-06,+9.910000E+37,+4.695665E+03,+2.150800E+04,
-1.200000E+01,+1.548948E-06,+9.91000
































current through plasma (-mA) <tab> voltage across plasma (-V) <tab> time (sec)
1.013349	2245.801096	0.001000
1.012508	2245.516647	0.101000
1.011903	2245.634937	0.201000
1.011476	2245.604265	0.301000
1.011462	2245.253348	0.401000
1.011394	2244.954072	0.501000
1.011333	2244.636689	0.601000
1.011257	2244.330067	0.701000
1.011202	2244.043766	0.801000
1.011172	2243.722213	0.901000
1.011195	2243.369912	1.001000
1.011150	2243.062446	1.101000
1.011116	2242.721708	1.201000
1.011098	2242.457986	1.301000
1.011055	2242.080787	1.401000
1.010981	2241.769458	1.501000
1.010930	2241.434680	1.601000
1.010918	2241.115164	1.701000
1.010928	2240.782485	1.801000
1.010917	2240.452687	1.901000
1.010877	2240.127588	2.001000
1.010888	2239.782382	2.101000
1.010850	2239.446102	2.201000
1.010841	2239.132816	2.301000
1.010845	2238.842990	2.401000
1.010844	2238.452947	2.501000
1.010855	2238.106187	2.601000
1.010871	2237.764660	2.701000
1.010853	2237.421695	2.801000
1.010808	2237.086244	2.901000
1.010847	2236.741777	3.001000
1.010846	2236.398606	3.101000
1.010773	2236.074312	3.201000
1.010782	2235.737749	3.301000
1.010760	2235.451904	3.401000
1.010759	2235.114878	3.501000
1.010771	2234.740960	3.601000
1.010764	2234.413860	3.701000
1.010758	2234.072360	3.801000
1.010741	2233.731560	3.901000
1.010748	2233.382996	4.001000
1.010757	2233.054788	4.101000
1.010711	2232.728638	4.201000
1.010725	2232.383476	4.301000
1.010728	2232.598726	4.401000
1.010730	2232.297322	4.501000
1.010706	2231.528373	4.601000
1.010711	2231.011428	4.701000
1.010720	2230.679432	4.801000
1.010740	2230.336848	4.901000
1.010706	2230.018224	5.001000
1.010678	2229.705244	5.101000
1.010676	2229.396954	5.201000
1.010659	2229.070488	5.301000
1.010635	2228.740955	5.401000
1.010642	2228.407969	5.501000
1.010677	2228.119003	5.601000
1.010697	2227.708259	5.701000
1.010687	2227.378447	5.802000
1.010667	2227.056996	5.901000
1.010694	2226.711647	6.001000
1.010748	2226.391500	6.101000
1.010777	2226.019875	6.201000
1.010789	2225.685648	6.301000
1.010736	2225.367445	6.401000
1.010761	2225.024137	6.501000
1.010795	2224.703695	6.601000
1.010789	2224.389213	6.701000
1.010738	2224.044438	6.801000
1.010700	2223.720605	6.901000
1.010714	2223.382225	7.001000
1.010701	2223.047706	7.101000
1.010702	2222.703055	7.201000
1.010637	2222.366240	7.301000
1.010597	2222.030892	7.401000
1.010630	2221.691296	7.501000
1.010630	2221.351232	7.601000
1.010642	2221.048332	7.701000
1.010605	2220.693672	7.801000
1.010575	2220.340954	7.901000
1.010607	2220.001148	8.002000
1.010617	2219.676540	8.101000
1.010608	2219.364959	8.201000
1.010629	2219.017629	8.301000
1.010625	2218.679072	8.401000
1.010618	2218.352046	8.501000
1.010575	2218.043312	8.601000
1.010563	2217.726294	8.701000
1.010574	2217.440150	8.801000
1.010570	2217.070921	8.901000
1.010540	2216.737191	9.001000
1.010543	2216.385912	9.101000
1.010554	2216.040343	9.201000
1.010560	2215.709977	9.301000
1.010532	2215.361320	9.401000
1.010492	2215.047585	9.501000
1.010535	2215.212109	9.601000
1.010526	2214.896968	9.701000
1.010594	2214.246834	9.801000
1.010620	2213.768239	9.901000
1.010638	2213.360887	10.001000
1.010653	2213.024099	10.101000
1.010658	2212.682695	10.201000
1.010671	2212.368834	10.301000
1.010671	2212.018729	10.401000
1.010654	2211.681374	10.501000
1.010695	2211.324825	10.601000
1.010730	2210.980187	10.701000
1.010748	2210.659248	10.801000
1.010733	2210.352537	10.901000
1.010754	2210.028402	11.001000
1.010723	2209.666093	11.101000
1.010748	2209.320996	11.201000
1.010732	2209.011625	11.301000
1.010718	2208.697873	11.401000
1.010700	2208.374056	11.501000
1.010707	2208.064928	11.601000
1.010708	2207.694312	11.701000
1.010727	2207.358684	11.801000
1.010707	2207.046224	11.901000
1.010698	2206.750320	12.001000
1.010654	2206.445963	12.101000
1.010595	2206.104448	12.201000
1.010574	2205.793359	12.301000
1.010558	2205.470530	12.401000
1.010575	2205.147570	12.501000
1.010561	2204.828727	12.601000
1.010553	2204.496658	12.701000
1.010572	2204.155132	12.801000
1.010554	2203.840916	12.901000
1.010529	2203.519444	13.001000
1.010516	2203.249978	13.101000
1.010527	2202.876859	13.201000
1.010571	2202.528626	13.301000
1.010589	2202.185594	13.401000
1.010552	2201.862632	13.501000
1.010545	2201.538160	13.601000
1.010546	2201.212176	13.701000
1.010578	2200.879312	13.801000
1.010577	2200.549491	13.901000
1.010504	2200.252109	14.001000
1.010484	2199.947200	14.101000
1.010481	2199.667253	14.201000
1.010475	2199.272599	14.301000
1.010460	2198.947263	14.401000
1.010421	2198.629394	14.501000
1.010471	2198.290698	14.601000
1.010446	2197.981343	14.701000
1.010453	2198.122227	14.801000
1.010461	2197.870892	14.901000
1.010468	2197.230619	15.001000
1.010476	2196.653894	15.101000
1.010538	2196.325218	15.201000
1.010546	2196.035773	15.301000
1.010565	2195.665720	15.401000
1.010575	2195.336994	15.501000
1.010573	2195.009922	15.601000
1.010582	2194.671661	15.701000
1.010538	2194.371528	15.801000
1.010507	2194.065015	15.901000
1.010536	2193.729802	16.001000
1.010546	2193.417878	16.101000
1.010551	2193.079181	16.201000
1.010557	2192.803144	16.301000
1.010601	2192.434409	16.401000
1.010582	2192.101993	16.501000
1.010573	2191.770240	16.601000
1.010563	2191.472294	16.701000
1.010585	2191.174419	16.801000
1.010607	2190.834694	16.901000
1.010643	2190.511618	17.001000
1.010645	2190.193578	17.101000
1.010629	2189.857529	17.201000
1.010602	2189.544511	17.301000
1.010591	2189.277363	17.401000
1.010551	2188.897975	17.501000
1.010523	2188.581979	17.601000
1.010533	2188.280505	17.701000
1.010564	2187.946504	17.801000
1.010557	2187.629248	17.901000
1.010562	2187.310035	18.001000
1.010545	2186.987880	18.101000
1.010543	2186.677031	18.201000
1.010540	2186.331546	18.301000
1.010531	2186.007958	18.401000
1.010517	2185.726054	18.501000
1.010460	2185.385271	18.601000
1.010444	2185.083620	18.701000
1.010418	2184.770956	18.801000
1.010391	2184.443569	18.901000
1.010399	2184.111645	19.001000
1.010379	2183.792488	19.101000
1.010365	2183.472299	19.201000
1.010358	2183.146617	19.301000
1.010337	2182.817113	19.401000
1.010314	2182.551817	19.501000
1.010302	2182.226426	19.601000
1.010307	2181.882893	19.701000
1.010332	2181.570228	19.801000
1.010350	2181.258314	19.901000
1.010357	2181.329885	20.001000
1.010378	2181.234293	20.101000
1.010357	2180.617212	20.201000
1.010353	2179.989514	20.301000
1.010347	2179.658020	20.401000
1.010383	2179.334228	20.501000
1.010432	2179.070214	20.601000
1.010461	2178.684287	20.701000
1.010478	2178.356459	20.801000
1.010471	2178.047579	20.901000
1.010471	2177.736704	21.001000
1.010482	2177.407065	21.101000
1.010489	2177.076550	21.201000
1.010483	2176.768179	21.301000
1.010473	2176.486650	21.401000
1.010484	2176.164301	21.501000
1.010498	2175.844391	21.601000
1.010513	2175.553655	21.701000
1.010456	2175.203974	21.801000
1.010466	2174.871177	21.901000
1.010450	2174.578539	22.001000
1.010443	2174.244808	22.101000
1.010418	2173.931756	22.201000
1.010428	2173.589981	22.301000
1.010432	2173.277574	22.401000
1.010435	2172.950500	22.501000
1.010447	2172.630675	22.601000
1.010444	2172.354661	22.701000
1.010459	2172.032423	22.801000
1.010469	2171.678320	22.901000
1.010438	2171.359656	23.001000
1.010412	2171.062124	23.101000
1.010381	2170.764777	23.201000
1.010353	2170.469264	23.301000
1.010359	2170.147297	23.401000
1.010357	2169.817030	23.501000
1.010322	2169.497171	23.601000
1.010278	2169.175855	23.701000
1.010260	2168.913488	23.801000
1.010291	2168.561262	23.901000
1.010312	2168.223364	24.001000
1.010283	2167.909800	24.101000
1.010293	2167.599316	24.201000
1.010319	2167.312284	24.301000
1.010380	2167.009961	24.401000
1.010404	2166.659070	24.501000
1.010381	2166.355827	24.601000
1.010409	2166.024145	24.701000
1.010380	2165.710900	24.801000
1.010393	2165.438002	24.901000
1.010366	2165.068506	25.001000
1.010391	2164.748622	25.101000
1.010389	2164.585454	25.201000
1.010368	2164.821982	25.301000
1.010411	2164.168474	25.401000
1.010423	2163.457227	25.501000
1.010439	2163.141305	25.601000
1.010432	2162.814604	25.701000
1.010437	2162.480182	25.801000
1.010457	2162.173679	25.901000
1.010459	2161.915936	26.001000
1.010459	2161.558446	26.101000
1.010464	2161.244060	26.201000
1.010470	2160.934354	26.301000
1.010444	2160.610875	26.401000
1.010463	2160.278821	26.501000
1.010494	2159.960187	26.601000
1.010507	2159.640649	26.701000
1.010479	2159.332311	26.801000
1.010456	2159.032029	26.901000
1.010423	2158.771288	27.001000
1.010414	2158.481978	27.101000
1.010408	2158.134290	27.201000
1.010418	2157.841743	27.301000
1.010426	2157.511789	27.401000
1.010411	2157.199190	27.501000
1.010394	2156.884657	27.601000
1.010389	2156.561060	27.701000
1.010382	2156.250095	27.801000
1.010352	2155.930570	27.901000
1.010393	2155.606265	28.001000
1.010421	2155.368740	28.101000
1.010468	2154.969209	28.201000
1.010417	2154.656669	28.301000
1.010380	2154.355005	28.401000
1.010388	2154.020065	28.501000
1.010395	2153.691022	28.601000
1.010385	2153.384950	28.701000
1.010312	2153.102237	28.801000
1.010308	2152.782328	28.901000
1.010275	2152.478880	29.001000
1.010250	2152.192982	29.101000
1.010234	2151.902474	29.201000
1.010173	2151.541319	29.301000
1.010139	2151.238599	29.401000
1.010172	2150.910025	29.501000
1.010208	2150.576550	29.601000
1.010193	2150.271019	29.701000
1.010202	2149.943337	29.801000
1.010195	2149.646106	29.901000
1.010253	2149.301398	30.001000
1.010279	2148.984971	30.101000
1.010271	2148.669822	30.201000
1.010263	2148.366876	30.301000
1.010263	2148.154014	30.401000
1.010265	2148.255839	30.501000
1.010303	2147.897320	30.601000
1.010250	2147.197861	30.701000
1.010257	2146.783753	30.801000
1.010284	2146.467114	30.901000
1.010283	2146.146010	31.001000
1.010297	2145.844986	31.101000
1.010295	2145.519356	31.201000
1.010281	2145.258352	31.301000
1.010292	2145.118149	31.401000
1.010276	2145.396698	31.501000
1.010278	2144.363427	31.601000
1.010290	2143.922242	31.701000
1.010307	2143.624456	31.801000
1.010343	2143.319335	31.901000
1.010385	2142.987363	32.001000
1.010419	2142.682958	32.101000
1.010449	2142.331515	32.201000
1.010474	2142.006518	32.301000
1.010434	2141.797258	32.401000
1.010409	2141.423249	32.501000
1.010373	2141.085656	32.601000
1.010380	2140.766548	32.701000
1.010399	2140.438494	32.801000
1.010374	2140.127690	32.901000
1.010332	2139.821542	33.001000
1.010355	2139.518196	33.101000
1.010370	2139.189861	33.201000
1.010392	2138.879553	33.301000
1.010359	2138.577604	33.401000
1.010328	2138.306882	33.501000
1.010284	2137.967912	33.601000
1.010293	2137.670724	33.701000
1.010317	2137.367070	33.801000
1.010296	2137.048644	33.901000
1.010271	2136.727254	34.001000
1.010225	2136.438457	34.101000
1.010224	2136.105450	34.201000
1.010179	2135.793798	34.301000
1.010162	2135.500510	34.401000
1.010166	2135.241794	34.501000
1.010140	2134.919216	34.601000
1.010147	2134.593681	34.701000
1.010171	2134.260246	34.801000
1.010156	2133.947262	34.901000
1.010086	2133.655989	35.001000
1.010116	2133.346640	35.101000
1.010135	2133.000023	35.201000
1.010141	2132.679165	35.301000
1.010120	2132.369806	35.401000
1.010122	2132.072392	35.501000
1.010161	2131.803889	35.601000
1.010165	2131.886917	35.701000
1.010181	2131.709890	35.801000
1.010147	2131.089275	35.901000
1.010182	2130.502983	36.001000
1.010194	2130.205297	36.101000
1.010192	2129.887828	36.201000
1.010199	2129.575375	36.301000
1.010208	2129.242474	36.401000
1.010233	2128.941177	36.501000
1.010282	2128.611826	36.601000
1.010285	2128.347107	36.701000
1.010294	2127.979562	36.801000
1.010287	2127.674516	36.901000
1.010302	2127.360689	37.001000
1.010313	2127.053752	37.101000
1.010307	2126.721789	37.201000
1.010305	2126.420604	37.301000
1.010312	2126.096200	37.401000
1.010274	2125.803757	37.501000
1.010242	2125.502054	37.601000
1.010218	2125.227479	37.701000
1.010243	2124.935460	37.801000
1.010261	2124.574552	37.901000
1.010243	2124.270211	38.001000
1.010233	2123.965078	38.101000
1.010183	2123.675068	38.201000
1.010168	2123.386583	38.301000
1.010146	2123.091964	38.401000
1.010159	2122.776389	38.501000
1.010144	2122.466444	38.601000
1.010153	2122.154939	38.701000
1.010107	2121.888788	38.801000
1.010108	2121.583493	38.901000
1.010103	2121.261607	39.001000
1.010103	2120.955326	39.101000
1.010109	2120.654018	39.201000
1.010121	2120.348655	39.301000
1.010154	2120.045712	39.401000
1.010193	2119.718721	39.501000
1.010230	2119.405671	39.601000
1.010225	2119.090106	39.701000
1.010194	2118.789953	39.801000
1.010198	2118.533839	39.901000
1.010180	2118.161354	40.001000
1.010169	2117.857522	40.101000
1.010144	2117.562539	40.201000
1.010198	2117.234419	40.301000
1.010216	2116.925210	40.401000
1.010209	2116.621260	40.501000
1.010177	2116.330898	40.601000
1.010174	2116.022796	40.701000
1.010170	2115.712231	40.801000
1.010217	2115.660720	40.901000
1.010211	2115.786699	41.001000
1.010227	2115.175633	41.101000
1.010190	2114.477172	41.201000
1.010217	2114.176773	41.301000
1.010258	2113.854740	41.401000
1.010265	2113.540546	41.501000
1.010275	2113.218200	41.601000
1.010250	2112.922419	41.701000
1.010260	2112.615092	41.801000
1.010279	2112.303914	41.901000
1.010293	2112.020778	42.001000
1.010232	2111.721688	42.101000
1.010158	2111.428800	42.201000
1.010130	2111.143821	42.301000
1.010126	2110.828659	42.401000
1.010112	2110.547965	42.501000
1.010103	2110.241806	42.601000
1.010077	2109.943913	42.701000
1.010089	2109.630640	42.801000
1.010088	2109.339043	42.901000
1.010114	2108.997686	43.001000
1.010076	2108.767937	43.101000
1.010052	2108.430655	43.201000
1.010064	2108.138953	43.301000
1.010072	2107.845329	43.401000
1.010015	2107.547093	43.501000
1.010024	2107.236699	43.601000
1.010052	2106.924740	43.701000
1.010054	2106.612409	43.801000
1.010022	2106.299463	43.901000
1.009993	2106.005261	44.001000
1.010002	2105.698365	44.101000
1.009977	2105.463788	44.201000
1.010002	2105.106077	44.301000
1.010033	2104.798662	44.401000
1.010051	2104.472956	44.501000
1.010050	2104.168649	44.601000
1.010051	2103.859219	44.701000
1.010041	2103.553595	44.801000
1.010074	2103.227976	44.901000
1.010094	2102.928959	45.001000
1.010103	2102.630407	45.101000
1.010108	2102.334353	45.201000
1.010092	2102.093489	45.301000
1.010065	2101.745173	45.401000
1.010103	2101.425040	45.501000
1.010134	2101.110106	45.601000
1.010131	2100.808126	45.701000
1.010104	2100.513150	45.801000
1.010094	2100.208476	45.901000
1.010100	2099.891608	46.001000
1.010066	2099.630289	46.101000
1.010068	2099.999288	46.201000
1.010053	2099.522598	46.301000
1.010104	2098.829271	46.401000
1.010102	2098.398433	46.501000
1.010093	2098.107263	46.601000
1.010119	2097.786444	46.701000
1.010142	2097.473403	46.801000
1.010152	2097.179403	46.901000
1.010140	2096.865132	47.001000
1.010162	2096.563680	47.101000
1.010171	2096.252231	47.201000
1.010178	2095.939424	47.301000
1.010194	2095.638583	47.401000
1.010207	2095.331220	47.501000
1.010190	2095.009431	47.601000
1.010186	2094.708777	47.701000
1.010197	2094.405734	47.801000
1.010150	2094.104065	47.901000
1.010124	2093.811564	48.001000
1.010148	2093.513530	48.101000
1.010107	2093.255442	48.201000
1.010044	2092.936477	48.301000
1.010003	2092.641654	48.401000
1.009989	2092.391536	48.501000
1.010006	2092.029351	48.601000
1.010020	2091.725419	48.701000
1.009974	2091.438385	48.801000
1.009973	2091.129584	48.901000
1.009963	2090.840656	49.001000
1.009960	2090.540955	49.102000
1.009989	2090.233170	49.201000
1.010004	2089.929129	49.301000
1.010008	2089.613452	49.401000
1.009998	2089.300843	49.501000
1.009981	2089.062648	49.601000
1.009982	2088.679828	49.701000
1.009968	2088.380108	49.801000
1.009927	2088.080831	49.901000
1.009928	2087.783821	50.001000
1.009922	2087.494683	50.101000
1.009934	2087.160095	50.201000
1.009927	2086.852834	50.301000
1.009933	2086.537317	50.401000
1.009956	2086.227775	50.501000
1.009981	2085.927336	50.601000
1.009980	2085.662404	50.701000
1.009940	2085.309338	50.801000
1.009967	2085.008325	50.901000
1.009996	2084.700261	51.001000
1.010016	2084.405534	51.101000
1.010030	2084.102096	51.201000
1.010034	2083.788843	51.301000
1.010019	2083.945481	51.402000
1.010014	2083.748093	51.501000
1.010010	2083.100196	51.601000
1.010041	2082.594331	51.701000
1.010044	2082.267848	51.801000
1.010014	2081.962551	51.901000
1.010043	2081.650217	52.001000
1.010072	2081.360027	52.101000
1.010092	2081.045622	52.201000
1.010105	2080.727694	52.301000
1.010092	2080.448376	52.401000
1.010056	2080.133881	52.501000
1.010078	2079.817804	52.601000
1.010102	2079.504770	52.701000
1.010085	2079.266464	52.801000
1.010074	2078.912997	52.901000
1.010051	2078.632660	53.001000
1.010033	2078.352216	53.101000
1.010023	2078.065169	53.201000
1.010014	2077.771742	53.301000
1.010018	2077.488422	53.401000
1.010003	2077.175284	53.501000
1.009976	2076.865506	53.601000
1.009950	2076.581907	53.701000
1.009954	2076.292766	53.801000
1.009916	2076.046640	53.901000
1.009907	2075.725792	54.001000
1.009929	2075.424908	54.101000
1.009924	2075.116497	54.201000
1.009926	2074.811726	54.301000
1.009899	2074.533958	54.401000
1.009894	2074.230356	54.501000
1.009911	2073.911018	54.601000
1.009922	2073.606144	54.701000
1.009949	2073.307634	54.801000
1.009949	2073.045377	54.901000
1.009991	2072.743035	55.001000
1.010012	2072.414566	55.101000
1.010078	2072.094670	55.201000
1.010104	2071.790903	55.301000
1.010075	2071.494803	55.401000
1.010072	2071.193288	55.501000
1.010082	2070.889651	55.601000
1.010118	2070.591106	55.701000
1.010138	2070.283263	55.801000
1.010141	2069.992431	55.901000
1.010154	2069.754895	56.001000
1.010148	2069.516188	56.101000
1.010143	2069.106972	56.201000
1.010130	2068.818927	56.301000
1.010114	2068.532848	56.401000
1.010125	2068.233318	56.501000
1.010126	2068.288378	56.601000
1.010107	2068.227752	56.701000
1.010092	2067.628598	56.801000
1.010067	2067.035603	56.901000
1.010079	2066.750125	57.001000
1.010100	2066.505476	57.101000
1.010112	2066.130299	57.201000
1.010102	2065.835508	57.301000
1.010089	2065.566122	57.401000
1.010087	2065.255923	57.501000
1.010072	2064.971763	57.601000
1.010078	2064.675597	57.701000
1.010059	2064.392582	57.801000
1.010054	2064.112493	57.901000
1.009954	2063.861127	58.001000
1.009936	2063.620683	58.101000
1.009916	2063.308461	58.201000
1.009906	2062.976379	58.301000
1.009878	2062.690795	58.401000
1.009868	2062.388811	58.501000
1.009865	2062.117370	58.601000
1.009850	2061.789891	58.701000
1.009863	2061.495668	58.801000
1.009867	2061.215398	58.901000
1.009874	2060.929356	59.001000
1.009847	2060.659448	59.101000
1.009840	2060.430178	59.201000
1.009848	2060.076958	59.301000
1.009870	2059.772644	59.401000
1.009861	2059.469272	59.501000
1.009853	2059.178197	59.601000
1.009859	2058.878419	59.701000
1.009862	2058.582358	59.801000
1.009851	2058.286135	59.901000
1.009836	2057.996972	60.001000
1.009845	2057.714584	60.101000
1.009889	2057.380476	60.201000
1.009911	2057.143168	60.301000
1.009902	2056.792787	60.401000
1.009906	2056.510620	60.501000
1.009903	2056.214315	60.601000
1.009936	2055.904364	60.701000
1.009936	2055.608620	60.801000
1.009933	2055.308300	60.901000
1.009952	2055.005323	61.001000
1.009927	2054.727367	61.101000
1.009905	2054.441131	61.201000
1.009928	2054.155796	61.301000
1.009909	2053.896871	61.401000
1.009956	2053.525412	61.501000
1.009948	2053.243634	61.601000
1.009940	2052.953310	61.701000
1.009937	2052.841739	61.801000
1.009951	2052.923572	61.901000
1.009935	2052.545944	62.001000
1.009939	2051.877390	62.101000
1.009954	2051.498475	62.201000
1.009955	2051.208612	62.301000
1.009939	2050.944797	62.401000
1.009948	2050.651478	62.501000
1.009917	2050.332871	62.601000
1.009898	2050.039486	62.701000
1.009909	2049.751333	62.801000
1.009920	2049.457126	62.901000
1.009953	2049.169845	63.001000
1.009977	2048.882170	63.101000
1.009988	2048.581843	63.201000
1.009992	2048.295965	63.301000
1.009999	2047.989796	63.401000
1.010007	2047.720657	63.501000
1.009994	2047.412758	63.601000
1.009980	2047.105832	63.701000
1.009971	2046.821799	63.801000
1.009969	2046.512001	63.901000
1.009969	2046.229339	64.001000
1.009992	2045.957477	64.101000
1.009995	2045.665574	64.201000
1.009977	2045.385477	64.301000
1.009996	2045.084671	64.401000
1.009996	2044.797676	64.501000
1.009977	2044.559677	64.601000
1.009979	2044.212070	64.701000
1.009997	2043.918512	64.801000
1.010004	2043.618791	64.901000
1.010009	2043.322688	65.001000
1.009994	2043.029991	65.101000
1.009996	2042.728328	65.201000
1.009966	2042.437260	65.301000
1.009973	2042.136398	65.401000
1.010006	2041.840311	65.501000
1.009993	2041.555065	65.601000
1.010012	2041.288757	65.701000
1.010022	2040.945784	65.801000
1.010010	2040.661542	65.901000
1.010033	2040.393793	66.001000
1.010021	2040.143662	66.101000
1.009973	2039.853864	66.201000
1.010004	2039.556365	66.301000
1.010037	2039.256907	66.401000
1.010028	2038.971092	66.501000
1.010022	2038.681308	66.601000
1.010038	2038.399335	66.701000
1.010039	2038.116682	66.801000
1.010047	2037.787263	66.901000
1.010071	2037.504809	67.001000
1.010092	2037.780441	67.101000
1.010093	2037.437529	67.201000
1.010116	2036.780166	67.301000
1.010103	2036.326562	67.401000
1.010126	2036.026024	67.501000
1.010117	2035.737515	67.601000
1.010127	2035.443376	67.701000
1.010122	2035.193341	67.801000
1.010103	2034.858324	67.901000
1.010055	2034.584333	68.001000
1.010049	2034.319394	68.101000
1.010035	2034.024996	68.201000
1.010029	2033.731303	68.301000
1.010002	2033.442058	68.401000
1.009982	2033.157571	68.501000
1.009989	2032.876570	68.601000
1.010002	2032.581918	68.701000
1.010010	2032.285851	68.801000
1.009991	2032.041762	68.901000
1.009988	2031.705136	69.001000
1.010007	2031.416936	69.101000
1.010023	2031.107009	69.201000
1.010026	2030.814854	69.301000
1.010029	2030.530111	69.401000
1.010020	2030.231360	69.501000
1.010025	2029.949294	69.601000
1.010057	2029.644934	69.701000
1.010053	2029.353344	69.801000
1.010058	2029.076336	69.901000
1.010051	2028.829905	70.001000
1.010061	2028.521249	70.101000
1.010070	2028.217491	70.201000
1.010027	2027.932061	70.301000
1.010041	2027.625999	70.401000
1.010044	2027.319649	70.501000
1.010030	2027.033679	70.601000
1.010067	2026.725717	70.701000
1.010099	2026.420879	70.801000
1.010065	2026.128096	70.901000
1.010108	2025.868015	71.001000
1.010105	2025.577458	71.101000
1.010139	2025.272799	71.201000
1.010171	2024.978135	71.301000
1.010188	2024.684451	71.401000
1.010213	2024.399098	71.501000
1.010203	2024.105002	71.601000
1.010227	2023.804184	71.701000
1.010226	2023.520732	71.801000
1.010210	2023.233163	71.901000
1.010162	2022.967756	72.001000
1.010210	2022.732628	72.101000
1.010227	2022.378274	72.201000
1.010234	2022.371208	72.301000
1.010230	2022.398560	72.401000
1.010240	2021.905595	72.501000
1.010242	2021.222530	72.601000
1.010218	2020.937009	72.701000
1.010245	2020.636205	72.801000
1.010239	2020.327407	72.901000
1.010206	2020.057388	73.001000
1.010184	2019.780499	73.101000
1.010203	2019.519399	73.201000
1.010177	2019.203003	73.301000
1.010148	2018.941098	73.401000
1.010128	2018.631585	73.501000
1.010141	2018.330943	73.601000
1.010167	2018.033173	73.701000
1.010169	2017.740132	73.801000
1.010185	2017.471647	73.901000
1.010157	2017.196091	74.001000
1.010115	2016.938601	74.101000
1.010133	2016.674770	74.201000
1.010145	2016.418266	74.301000
1.010148	2016.087351	74.401000
1.010142	2015.816836	74.501000
1.010158	2015.515350	74.601000
1.010151	2015.219837	74.701000
1.010155	2014.926637	74.801000
1.010167	2014.619284	74.901000
1.010161	2014.315961	75.001000
1.010145	2014.042762	75.101000
1.010170	2013.758094	75.201000
1.010226	2013.492382	75.301000
1.010310	2013.143009	75.401000
1.010297	2012.839780	75.501000
1.010267	2012.559617	75.601000
1.010276	2012.260416	75.701000
1.010301	2011.969875	75.801000
1.010324	2011.667089	75.901000
1.010340	2011.357092	76.001000
1.010326	2011.088770	76.101000
1.010294	2010.802980	76.201000
1.010319	2010.509989	76.301000
1.010346	2010.261364	76.401000
1.010317	2009.922247	76.501000
1.010332	2009.620260	76.601000
1.010276	2009.351263	76.701000
1.010286	2009.056741	76.801000
1.010305	2008.772857	76.901000
1.010298	2008.485161	77.001000
1.010289	2008.203545	77.101000
1.010281	2007.909003	77.201000
1.010297	2007.615346	77.301000
1.010304	2007.335783	77.401000
1.010338	2007.092472	77.501000
1.010299	2007.340576	77.601000
1.010333	2006.925492	77.701000
1.010340	2006.292791	77.801000
1.010366	2005.868692	77.901000
1.010352	2005.589639	78.001000
1.010328	2005.303614	78.101000
1.010313	2005.033192	78.201000
1.010303	2004.770562	78.301000
1.010301	2004.515754	78.401000
1.010349	2004.245834	78.501000
1.010336	2003.908773	78.601000
1.010317	2003.607742	78.701000
1.010303	2003.314891	78.801000
1.010348	2003.010050	78.901000
1.010360	2002.709995	79.001000
1.010337	2002.425472	79.101000
1.010310	2002.147669	79.201000
1.010340	2001.870469	79.301000
1.010390	2001.574990	79.401000
1.010421	2001.285856	79.501000
1.010435	2001.078504	79.601000
1.010499	2000.680066	79.701000
1.010481	2000.393710	79.801000
1.010506	2000.090323	79.901000
1.010526	1999.797455	80.001000
1.010516	1999.529339	80.101000
1.010476	1999.239142	80.201000
1.010474	1998.949814	80.301000
1.010513	1998.652485	80.401000
1.010558	1998.354580	80.501000
1.010588	1998.091017	80.601000
1.010594	1997.791822	80.701000
1.010621	1997.468127	80.801000
1.010635	1997.173940	80.901000
1.010657	1996.882431	81.001000
1.010663	1996.584910	81.101000
1.010627	1996.317910	81.201000
1.010601	1996.042893	81.301000
1.010567	1995.787195	81.401000
1.010549	1995.514633	81.501000
1.010530	1995.244257	81.601000
1.010542	1995.000806	81.701000
1.010545	1994.661810	81.801000
1.010546	1994.356668	81.901000
1.010553	1994.068310	82.001000
1.010561	1993.781205	82.101000
1.010539	1993.518676	82.201000
1.010485	1993.238863	82.301000
1.010466	1992.966772	82.401000
1.010448	1992.696431	82.501000
1.010462	1992.410471	82.601000
1.010453	1992.125509	82.701000
1.010465	1992.267217	82.801000
1.010496	1992.137039	82.901000
1.010488	1991.508487	83.001000
1.010497	1990.942120	83.101000
1.010493	1990.659005	83.201000
1.010502	1990.376108	83.301000
1.010492	1990.108921	83.401000
1.010518	1989.793294	83.501000
1.010578	1989.469344	83.601000
1.010605	1989.173603	83.701000
1.010639	1988.901809	83.801000
1.010693	1988.608293	83.901000
1.010697	1988.276740	84.001000
1.010711	1987.977483	84.101000
1.010719	1987.709979	84.201000
1.010684	1987.409695	84.301000
1.010650	1987.138125	84.401000
1.010660	1986.872513	84.501000
1.010680	1986.568795	84.601000
1.010730	1986.263866	84.701000
1.010715	1985.977465	84.801000
1.010726	1985.712100	84.901000
1.010771	1985.376860	85.001000
1.010791	1985.067601	85.101000
1.010822	1984.765153	85.201000
1.010787	1984.494923	85.301000
1.010763	1984.203162	85.401000
1.010758	1983.915992	85.501000
1.010754	1983.640738	85.601000
1.010790	1983.346813	85.701000
1.010808	1983.059671	85.801000
1.010802	1982.783710	85.901000
1.010865	1982.507558	86.001000
1.010876	1982.159422	86.101000
1.010895	1981.862773	86.201000
1.010891	1981.577976	86.301000
1.010837	1981.324160	86.401000
1.010788	1981.054468	86.501000
1.010789	1980.781400	86.601000
1.010819	1980.479543	86.701000
1.010795	1980.201252	86.801000
1.010765	1979.910660	86.901000
1.010788	1979.632292	87.001000
1.010892	1979.311358	87.101000
1.010891	1978.980324	87.201000
1.010925	1978.671220	87.301000
1.010881	1978.404500	87.401000
1.010894	1978.118030	87.501000
1.010894	1977.844696	87.601000
1.010936	1977.547309	87.701000
1.010959	1977.275973	87.801000
1.011001	1976.978818	87.901000
1.011002	1977.065737	88.001000
1.011114	1976.985718	88.101000
1.011195	1976.277769	88.201000
1.011201	1975.705099	88.301000
1.011207	1975.431872	88.401000
1.011203	1975.128068	88.501000
1.011238	1974.819226	88.601000
1.011260	1974.529223	88.701000
1.011286	1974.240724	88.801000
1.011315	1973.938975	88.901000
1.011311	1973.675352	89.001000
1.011344	1973.375939	89.101000
1.011539	1973.006765	89.201000
1.011523	1972.659036	89.301000
1.011504	1972.388287	89.401000
1.011526	1972.106239	89.501000
1.011524	1971.831533	89.601000
1.011538	1971.540954	89.701000
1.011562	1971.252105	89.801000
1.011579	1970.965234	89.901000
1.011579	1970.714683	90.001000
1.011589	1970.414034	90.101000
1.011646	1970.068449	90.201000
1.011785	1969.696363	90.301000
1.011736	1969.404529	90.401000
1.011702	1969.136295	90.501000
1.011648	1968.869788	90.601000
1.011651	1968.573029	90.701000
1.011661	1968.284552	90.801000
1.011660	1967.996964	90.901000
1.011678	1967.710001	91.001000
1.011701	1967.411321	91.101000
1.011697	1967.120588	91.201000
1.011755	1966.854851	91.301000
1.011744	1966.530069	91.401000
1.011739	1966.233441	91.501000
1.011767	1966.482115	91.601000
1.011788	1966.279268	91.701000
1.011830	1965.348145	91.801000
1.011829	1965.056127	91.901000
1.011858	1964.776847	92.001000
1.011893	1964.484237	92.101000
1.011934	1964.177820	92.201000
1.011960	1963.889009	92.301000
1.011962	1963.650532	92.401000
1.011948	1963.323584	92.501000
1.011933	1963.053629	92.601000
1.011927	1962.752340	92.701000
1.011933	1962.452275	92.801000
1.011950	1962.164319	92.901000
1.011980	1961.874165	93.001000
1.011985	1961.600614	93.101000
1.011999	1961.470089	93.201000
1.012016	1961.720190	93.301000
1.012022	1961.150480	93.401000
1.012017	1960.453478	93.501000
1.012034	1960.144182	93.601000
1.012077	1959.836276	93.701000
1.012073	1959.553708	93.801000
1.012074	1959.252037	93.901000
1.012043	1958.994232	94.001000
1.012058	1958.721224	94.101000
1.012094	1958.438334	94.201000
1.012103	1958.149125	94.301000
1.012134	1957.852793	94.401000
1.012095	1957.654959	94.501000
1.012055	1957.366388	94.601000
1.012051	1957.070782	94.701000
1.012043	1956.786601	94.801000
1.012046	1956.487842	94.901000
1.012044	1956.227242	95.001000
1.012069	1955.942835	95.101000
1.012037	1955.667212	95.201000
1.012075	1955.367648	95.301000
1.012085	1955.077452	95.401000
1.012056	1954.841484	95.501000
1.012009	1954.593160	95.601000
1.012018	1954.292227	95.701000
1.012031	1954.001031	95.801000
1.012029	1953.703906	95.901000
1.012038	1953.403116	96.001000
