-3.500000E+01,-3.319856E-06,+9.910000E+37,+5.741941E+03,+2.150800E+04,
-3.400000E+01,-3.206196E-06,+9.910000E+37,+5.743003E+03,+2.150800E+04,
-3.300000E+01,-3.110441E-06,+9.910000E+37,+5.744060E+03,+2.150800E+04,
-3.200000E+01,-3.017741E-06,+9.910000E+37,+5.745122E+03,+2.150800E+04,
-3.100000E+01,-2.925190E-06,+9.910000E+37,+5.746200E+03,+2.150800E+04,
-3.000000E+01,-2.830747E-06,+9.910000E+37,+5.747261E+03,+2.150800E+04,
-2.900000E+01,-2.734127E-06,+9.910000E+37,+5.748348E+03,+2.150800E+04,
-2.800000E+01,-2.634597E-06,+9.910000E+37,+5.749407E+03,+2.150800E+04,
-2.700000E+01,-2.531926E-06,+9.910000E+37,+5.750467E+03,+2.150800E+04,
-2.600000E+01,-2.424549E-06,+9.910000E+37,+5.751553E+03,+2.150800E+04,
-2.500000E+01,-2.311443E-06,+9.910000E+37,+5.752615E+03,+2.150800E+04,
-2.400000E+01,-2.192160E-06,+9.910000E+37,+5.753675E+03,+2.150800E+04,
-2.300000E+01,-2.065081E-06,+9.910000E+37,+5.754737E+03,+2.150800E+04,
-2.200000E+01,-1.928568E-06,+9.910000E+37,+5.755823E+03,+2.150800E+04,
-2.100000E+01,-1.780214E-06,+9.910000E+37,+5.756884E+03,+2.150800E+04,
-2.000000E+01,-1.617748E-06,+9.910000E+37,+5.757965E+03,+2.150800E+04,
-1.900000E+01,-1.439012E-06,+9.910000E+37,+5.759023E+03,+2.150800E+04,
-1.800000E+01,-1.242375E-06,+9.910000E+37,+5.760083E+03,+2.150800E+04,
-1.700000E+01,-1.025540E-06,+9.910000E+37,+5.761144E+03,+2.150800E+04,
-1.600000E+01,-7.920414E-07,+9.910000E+37,+5.763259E+03,+2.150800E+04,
-1.500000E+01,-5.278848E-07,+9.910000E+37,+5.764321E+03,+2.150800E+04,
-1.400000E+01,-2.466807E-07,+9.910000E+37,+5.765380E+03,+2.150800E+04,
-1.300000E+01,+3.502402E-08,+9.910000E+37,+5.766441E+03,+2.150800E+04,
-1.200000E+01,+2.890961E-07,+9.910000E+37,+5.767499E+03,+2.150800E+04,
-1.100000E+01,+5.241312E-07,+9.910000E+37,+5.768557E+03,+2.150800E+04,
-1.000000E+01,+7.963542E-07,+9.910000E+37,+5.769625E+03,+2.150800E+04,
-9.000000E+00,+1.069784E-06,+9.910000E+37,+5.772788E+03,+2.150800E+04,
-8.000000E+00,+1.496121E-06,+9.910000E+37,+5.773874E+03,+2.150800E+04,
-7.000000E+00,+1.989919E-06,+9.910000E+37,+5.774935E+03,+2.150800E+04,
-6.000000E+00,+2.570534E-06,+9.910000E+37,+5.775993E+03,+2.150800E+04,
-5.000000E+00,+3.257220E-06,+9.910000E+37,+5.777072E+03,+2.150800E+04,
-4.000000E+00,+4.072993E-06,+9.910000E+37,+5.778132E+03,+2.150800E+04,
-3.000000E+00,+5.041338E-06,+9.910000E+37,+5.779194E+03,+2.150800E+04,
-2.000000E+00,+6.175334E-06,+9.910000E+37,+5.780254E+03,+2.150800E+04,
-1.000000E+00,+7.497938E-06,+9.910000E+37,+5.781313E+03,+2.150800E+04,
+0.000000E+00,+9.024518E-06,+9.910000E+37,+5.782376E+03,+2.150800E+04,
+1.000000E+00,+1.075027E-05,+9.910000E+37,+5.785542E+03,+2.150800E+04,
+2.000000E+00,+1.273364E-05,+9.910000E+37,+5.786603E+03,+2.150800E+04,
+3.000000E+00,+1.492585E-05,+9.910000E+37,+5.787659E+03,+2.150800E+04,
+4.000000E+00,+1.731445E-05,+9.910000E+37,+5.788720E+03,+2.150800E+04,
+5.000000E+00,+1.987628E-05,+9.910000E+37,+5.789806E+03,+2.150800E+04,
+6.000000E+00,+2.258855E-05,+9.910000E+37,+5.790865E+03,+2.150800E+04,
+7.000000E+00,+2.543116E-05,+9.910000E+37,+5.791925E+03,+2.150800E+04,
+8.000000E+00,+2.852131E-05,+9.910000E+37,+5.792985E+03,+2.150800E+04,
+9.000000E+00,+3.200097E-05,+9.910000E+37,+5.794048E+03,+2.150800E+04,
+1.000000E+01,+3.600042E-05,+9.910000E+37,+5.795109E+03,+2.150800E+04,
+1.100000E+01,+4.063514E-05,+9.910000E+37,+5.796172E+03,+2.150800E+04,
+1.200000E+01,+4.622885E-05,+9.910000E+37,+5.797233E+03,+2.150800E+04,
+1.300000E+01,+5.356978E-05,+9.910000E+37,+5.798295E+03,+2.150800E+04,
+1.400000E+01,+6.306744E-05,+9.910000E+37,+5.799354E+03,+2.150800E+04,
+1.500000E+01,+7.505766E-05,+9.910000E+37,+5.800416E+03,+2.150800E+04,
+1.600000E+01,+9.008757E-05,+9.910000E+37,+5.801477E+03,+2.150800E+04




current through plasma (-mA) <tab> voltage across plasma (-V) <tab> time (sec)
1.223208	4365.387352	0.001000
1.227006	4362.805230	0.101000
1.226955	4361.738440	0.201000
1.227015	4360.557182	0.301000
1.227001	4359.399634	0.401000
1.227023	4358.176542	0.501000
1.227034	4356.978540	0.601000
1.226969	4355.923616	0.701000
1.227003	4354.555965	0.801000
1.227032	4353.592509	0.901000
1.227062	4352.084935	1.001000
1.227089	4350.800756	1.101000
1.227035	4349.637054	1.201000
1.227113	4348.325727	1.301000
1.227132	4347.287296	1.401000
1.227132	4345.825426	1.501000
1.227092	4344.579782	1.601000
1.227078	4343.321030	1.701000
1.227144	4342.057949	1.801000
1.227123	4340.856121	1.901000
1.227231	4339.576404	2.001000
1.227121	4338.354161	2.101000
1.227012	4337.147237	2.201000
1.227004	4335.915496	2.301000
1.227012	4334.601309	2.401000
1.227062	4333.331883	2.501000
1.227005	4332.138848	2.601000
1.227036	4330.881208	2.701000
1.227043	4329.594871	2.801000
1.227057	4328.344747	2.901000
1.227096	4327.087305	3.001000
1.227027	4325.882430	3.101000
1.227085	4324.635303	3.201000
1.227037	4323.431265	3.301000
1.227097	4322.160454	3.401000
1.227085	4320.882050	3.501000
1.227075	4319.631430	3.601000
1.227090	4318.379056	3.701000
1.227015	4317.162602	3.801000
1.227044	4316.470218	3.901000
1.227056	4315.233152	4.001000
1.226996	4313.450335	4.101000
1.226939	4312.191515	4.201000
1.226870	4310.963860	4.301000
1.226916	4309.769123	4.401000
1.226932	4308.465794	4.501000
1.226960	4307.199366	4.601000
1.226936	4305.949432	4.701000
1.226967	4304.721530	4.801000
1.227049	4303.810327	4.901000
1.226995	4302.882436	5.001000
1.227049	4301.306348	5.101000
1.227036	4299.746343	5.201000
1.227088	4298.487954	5.301000
1.227106	4297.227842	5.401000
1.227057	4296.067904	5.501000
1.227093	4294.782583	5.601000
1.227083	4293.540914	5.701000
1.227147	4292.271903	5.801000
1.227060	4291.084954	5.901000
1.226976	4289.876526	6.001000
1.226948	4288.624590	6.101000
1.226905	4287.412409	6.201000
1.226968	4286.152888	6.301000
1.226939	4284.948810	6.401000
1.226951	4283.709785	6.501000
1.226916	4282.504331	6.601000
1.226919	4281.212772	6.701000
1.226944	4280.019160	6.801000
1.226898	4278.847525	6.901000
1.226956	4277.572499	7.001000
1.226954	4276.352282	7.101000
1.227004	4275.078145	7.201000
1.227006	4273.843702	7.301000
1.226953	4272.640869	7.401000
1.226954	4271.418561	7.501000
1.226924	4270.201483	7.601000
1.226975	4268.969299	7.701000
1.226970	4267.726615	7.801000
1.226908	4266.519296	7.901000
1.226883	4265.302864	8.001000
1.226833	4264.091700	8.101000
1.226871	4262.834060	8.201000
1.226880	4261.624561	8.301000
1.226893	4260.395462	8.401000
1.226943	4259.132651	8.501000
1.226894	4257.922993	8.601000
1.227023	4256.749514	8.701000
1.226975	4255.525732	8.801000
1.226976	4254.285558	8.901000
1.226964	4253.049323	9.001000
1.226992	4251.816290	9.101000
1.227116	4250.587219	9.201000
1.227158	4249.377613	9.301000
1.227176	4248.171011	9.401000
1.227170	4246.959145	9.501000
1.227209	4245.732433	9.601000
1.227299	4244.492089	9.701000
1.227183	4243.409070	9.801000
1.227183	4242.128328	9.901000
1.227186	4240.935657	10.001000
1.227153	4239.999565	10.101000
1.227179	4239.192024	10.201000
1.227163	4237.606582	10.301000
1.227201	4236.093372	10.401000
1.227205	4234.870243	10.501000
1.227189	4233.691716	10.601000
1.227240	4232.483259	10.701000
1.227154	4231.322434	10.801000
1.227166	4230.144040	10.901000
1.227110	4228.891187	11.001000
1.227139	4227.656730	11.101000
1.227229	4226.426182	11.201000
1.227178	4225.243297	11.301000
1.227181	4224.037847	11.401000
1.227137	4222.846530	11.501000
1.227165	4221.638861	11.601000
1.227199	4220.428929	11.701000
1.227069	4219.307090	11.801000
1.227112	4218.139385	11.901000
1.227106	4216.930176	12.001000
1.227110	4215.686445	12.101000
1.227089	4214.472526	12.201000
1.227025	4213.290837	12.301000
1.227129	4212.073803	12.401000
1.227129	4210.861897	12.501000
1.227152	4209.648046	12.601000
1.227105	4208.456120	12.701000
1.227066	4207.288135	12.801000
1.227123	4206.064425	12.901000
1.227115	4204.945821	13.001000
1.227185	4203.688918	13.101000
1.227188	4202.486305	13.201000
1.227161	4201.276918	13.301000
1.227155	4200.078937	13.401000
1.227088	4198.915189	13.501000
1.227126	4197.733872	13.601000
1.227084	4196.569310	13.701000
1.226984	4195.422261	13.801000
1.227004	4194.230731	13.901000
1.226983	4193.047756	14.001000
1.227007	4191.909657	14.101000
1.226942	4190.681619	14.201000
1.226879	4189.492775	14.301000
1.226930	4188.295459	14.401000
1.226924	4187.114118	14.501000
1.227006	4185.913599	14.601000
1.227016	4184.737726	14.701000
1.226923	4183.603292	14.801000
1.226979	4182.399681	14.901000
1.226985	4181.226542	15.001000
1.227047	4180.060213	15.101000
1.227029	4178.914630	15.201000
1.227007	4177.846909	15.301000
1.227017	4177.193253	15.401000
1.226988	4175.739178	15.501000
1.227029	4174.157693	15.601000
1.226992	4172.976477	15.701000
1.226896	4171.848289	15.801000
1.226932	4170.656087	15.901000
1.226950	4169.466799	16.001000
1.227006	4168.282091	16.101000
1.226990	4167.119165	16.201000
1.226935	4165.967853	16.301000
1.227061	4164.734233	16.401000
1.227070	4163.547752	16.501000
1.227174	4162.352952	16.601000
1.227232	4161.172502	16.701000
1.227184	4160.030367	16.801000
1.227239	4158.845746	16.901000
1.227202	4157.687643	17.001000
1.227208	4156.515522	17.101000
1.227207	4155.319037	17.201000
1.227163	4154.204178	17.301000
1.227177	4153.000885	17.401000
1.227123	4151.836897	17.501000
1.227100	4150.692031	17.601000
1.227120	4149.527743	17.701000
1.226977	4148.420248	17.801000
1.226937	4147.262221	17.901000
1.226897	4146.093753	18.001000
1.226886	4144.923141	18.101000
1.226944	4143.742084	18.201000
1.226882	4142.614879	18.301000
1.226871	4141.515078	18.401000
1.226858	4140.275584	18.501000
1.226884	4139.101169	18.601000
1.226965	4137.938263	18.701000
1.226904	4136.822524	18.801000
1.226954	4135.642140	18.901000
1.226940	4134.492379	19.001000
1.226956	4133.376235	19.101000
1.226982	4132.184898	19.201000
1.226961	4131.031206	19.301000
1.226978	4129.894641	19.401000
1.227023	4128.742632	19.501000
1.226984	4127.575849	19.601000
1.227083	4126.405582	19.701000
1.227058	4125.279462	19.801000
1.227039	4124.135914	19.901000
1.227012	4122.992525	20.001000
1.226989	4121.869443	20.101000
1.227031	4120.705071	20.201000
1.227066	4119.554621	20.301000
1.227058	4118.414138	20.401000
1.227093	4117.274882	20.501000
1.227089	4116.628707	20.602000
1.227072	4115.481586	20.701000
1.227127	4113.998113	20.801000
1.227025	4112.694866	20.901000
1.227111	4111.518285	21.001000
1.227054	4110.415201	21.101000
1.227138	4109.238804	21.201000
1.227143	4108.093742	21.301000
1.227100	4106.967827	21.401000
1.227072	4105.855818	21.501000
1.227031	4104.715290	21.601000
1.227023	4103.581104	21.701000
1.227082	4102.425768	21.801000
1.227020	4101.340532	21.901000
1.226959	4100.226797	22.001000
1.226920	4099.075942	22.101000
1.226821	4097.980838	22.201000
1.226879	4096.824691	22.301000
1.226900	4095.691897	22.401000
1.226889	4094.566888	22.501000
1.226909	4093.441692	22.601000
1.226861	4092.304545	22.701000
1.226982	4091.131875	22.801000
1.227005	4090.005265	22.901000
1.226939	4088.908718	23.001000
1.226993	4087.785594	23.101000
1.227004	4086.633719	23.201000
1.227062	4085.488757	23.301000
1.227094	4084.334625	23.401000
1.227051	4083.243467	23.501000
1.227071	4082.137237	23.601000
1.227098	4081.045035	23.701000
1.227118	4079.875872	23.801000
1.227201	4078.720770	23.901000
1.227146	4077.659687	24.001000
1.227141	4076.543191	24.101000
1.227107	4075.404631	24.201000
1.227069	4074.319564	24.301000
1.227139	4073.173936	24.401000
1.227142	4072.052976	24.501000
1.227119	4070.924664	24.601000
1.227129	4069.789363	24.701000
1.227101	4068.748770	24.801000
1.227154	4067.571786	24.901000
1.227217	4066.464850	25.001000
1.227161	4065.404161	25.101000
1.227125	4064.301014	25.201000
1.227085	4063.174838	25.301000
1.227089	4062.032902	25.401000
1.227134	4060.904202	25.501000
1.227097	4059.809895	25.601000
1.227082	4058.718023	25.701000
1.227101	4057.859006	25.801000
1.227083	4057.151452	25.901000
1.227150	4055.805334	26.001000
1.227127	4054.326069	26.101000
1.227063	4053.233946	26.201000
1.227134	4052.110840	26.301000
1.227115	4051.013903	26.401000
1.227139	4049.911977	26.501000
1.227160	4048.772465	26.601000
1.227151	4047.677916	26.701000
1.227194	4046.547156	26.801000
1.227196	4045.469331	26.901000
1.227188	4044.339356	27.001000
1.227303	4043.226429	27.101000
1.227283	4042.164159	27.201000
1.227266	4041.041995	27.301000
1.227269	4039.930471	27.401000
1.227287	4038.807605	27.501000
1.227384	4037.702032	27.601000
1.227407	4036.600468	27.701000
1.227333	4035.567044	27.801000
1.227325	4034.446379	27.901000
1.227276	4033.391114	28.001000
1.227317	4032.233430	28.101000
1.227339	4031.127897	28.201000
1.227240	4030.108471	28.301000
1.227211	4029.039447	28.401000
1.227229	4027.945335	28.501000
1.227211	4026.867147	28.601000
1.227246	4025.762482	28.701000
1.227231	4024.671892	28.801000
1.227210	4023.598074	28.901000
1.227274	4022.547791	29.001000
1.227285	4021.469920	29.101000
1.227326	4020.331013	29.201000
1.227345	4019.232008	29.301000
1.227210	4018.195296	29.401000
1.227171	4017.102110	29.501000
1.227164	4016.008715	29.601000
1.227139	4014.941811	29.701000
1.227211	4013.833554	29.801000
1.227211	4012.758290	29.901000
1.227206	4011.668604	30.001000
1.227227	4010.570105	30.101000
1.227191	4009.512185	30.201000
1.227234	4008.420335	30.301000
1.227250	4007.334361	30.401000
1.227172	4006.317345	30.501000
1.227200	4005.262523	30.601000
1.227233	4004.161730	30.701000
1.227289	4003.052170	30.801000
1.227305	4001.958460	30.901000
1.227279	4000.905988	31.001000
1.227273	4000.521973	31.101000
1.227283	3999.272649	31.201000
1.227314	3997.771437	31.301000
1.227372	3996.565946	31.401000
1.227421	3995.509950	31.501000
1.227369	3994.455715	31.601000
1.227379	3993.380675	31.701000
1.227350	3992.289650	31.801000
1.227286	3991.250192	31.901000
1.227320	3990.172679	32.001000
1.227275	3989.126660	32.101000
1.227239	3988.072871	32.201000
1.227245	3986.960704	32.301000
1.227180	3985.919972	32.401000
1.227198	3984.852648	32.501000
1.227222	3983.797861	32.601000
1.227178	3982.764354	32.701000
1.227236	3981.665950	32.801000
1.227236	3980.591460	32.901000
1.227224	3979.514069	33.001000
1.227233	3978.505361	33.101000
1.227180	3977.410174	33.201000
1.227104	3976.428037	33.301000
1.227160	3975.290966	33.401000
1.227165	3974.207637	33.501000
1.227172	3973.144551	33.601000
1.227209	3972.063084	33.701000
1.227200	3971.046417	33.801000
1.227227	3969.984911	33.901000
1.227303	3968.912620	34.001000
1.227266	3967.884998	34.101000
1.227272	3966.809416	34.201000
1.227274	3965.761021	34.301000
1.227270	3964.719637	34.401000
1.227320	3963.602939	34.501000
1.227343	3962.541171	34.601000
1.227312	3961.518740	34.701000
1.227367	3960.439725	34.801000
1.227346	3959.411187	34.901000
1.227278	3958.382888	35.001000
1.227256	3957.352852	35.101000
1.227205	3956.299400	35.201000
1.227225	3955.226471	35.301000
1.227289	3954.196194	35.401000
1.227270	3953.178023	35.501000
1.227272	3952.112643	35.601000
1.227285	3951.057938	35.701000
1.227274	3950.008790	35.801000
1.227342	3948.954471	35.901000
1.227352	3947.915422	36.001000
1.227273	3946.913649	36.101000
1.227281	3945.868742	36.201000
1.227266	3945.184860	36.301000
1.227222	3944.414305	36.401000
1.227236	3943.075814	36.501000
1.227210	3941.722506	36.601000
1.227217	3940.677013	36.701000
1.227240	3939.630534	36.801000
1.227234	3938.591399	36.901000
1.227227	3937.567555	37.001000
1.227278	3936.540881	37.101000
1.227233	3935.514212	37.201000
1.227200	3934.484133	37.301000
1.227219	3933.431808	37.401000
1.227186	3932.404342	37.501000
1.227207	3931.393685	37.601000
1.227250	3930.295102	37.701000
1.227207	3929.268638	37.801000
1.227254	3928.210587	37.901000
1.227282	3927.161378	38.001000
1.227277	3926.151453	38.101000
1.227371	3925.096373	38.201000
1.227340	3924.093978	38.301000
1.227267	3923.074482	38.401000
1.227322	3922.029097	38.501000
1.227336	3921.006600	38.601000
1.227379	3919.962248	38.701000
1.227412	3918.875603	38.801000
1.227387	3917.859632	38.901000
1.227365	3916.838742	39.001000
1.227409	3915.797114	39.101000
1.227382	3914.784241	39.201000
1.227436	3913.728563	39.301000
1.227500	3912.691450	39.401000
1.227420	3911.721219	39.501000
1.227397	3910.708638	39.601000
1.227373	3909.720257	39.701000
1.227320	3908.671423	39.801000
1.227301	3907.648191	39.901000
1.227314	3906.625531	40.001000
1.227292	3905.606819	40.101000
1.227332	3904.555706	40.201000
1.227314	3903.525568	40.301000
1.227262	3902.551031	40.401000
1.227348	3901.525016	40.501000
1.227361	3900.506409	40.601000
1.227273	3899.532673	40.701000
1.227298	3898.556180	40.801000
1.227294	3897.481275	40.901000
1.227260	3896.453517	41.001000
1.227284	3895.411724	41.101000
1.227236	3894.396313	41.201000
1.227165	3893.403799	41.301000
1.227173	3892.387600	41.401000
1.227186	3891.389136	41.501000
1.227191	3891.039245	41.601000
1.227264	3889.839837	41.701000
1.227283	3888.459006	41.801000
1.227240	3887.353745	41.901000
1.227232	3886.301751	42.001000
1.227204	3885.317212	42.101000
1.227216	3884.307655	42.201000
1.227271	3883.275688	42.301000
1.227301	3882.257756	42.401000
1.227285	3881.242233	42.501000
1.227288	3880.215758	42.601000
1.227235	3879.227736	42.701000
1.227276	3878.196945	42.801000
1.227379	3877.180956	42.901000
1.227312	3876.209863	43.001000
1.227283	3875.198422	43.101000
1.227296	3874.171590	43.201000
1.227280	3873.168132	43.301000
1.227308	3872.130139	43.401000
1.227309	3871.108656	43.501000
1.227254	3870.160604	43.601000
1.227224	3869.145078	43.701000
1.227232	3868.129789	43.801000
1.227244	3867.135164	43.901000
1.227293	3866.124923	44.001000
1.227291	3865.131143	44.101000
1.227193	3864.183907	44.201000
1.227205	3863.165844	44.301000
1.227198	3862.159305	44.401000
1.227113	3861.198809	44.501000
1.227082	3860.194442	44.601000
1.227097	3859.195194	44.701000
1.227105	3858.206319	44.801000
1.227158	3857.191071	44.901000
1.227202	3856.230230	45.001000
1.227164	3855.208198	45.101000
1.227227	3854.194714	45.201000
1.227294	3853.198246	45.301000
1.227253	3852.232935	45.401000
1.227265	3851.238956	45.501000
1.227216	3850.239470	45.601000
1.227192	3849.236228	45.701000
1.227221	3848.218495	45.801000
1.227254	3847.203054	45.901000
1.227215	3846.241376	46.001000
1.227221	3845.323476	46.101000
1.227231	3844.232495	46.201000
1.227218	3843.237389	46.301000
1.227290	3842.225520	46.401000
1.227308	3841.229391	46.501000
1.227202	3840.309228	46.601000
1.227192	3839.336340	46.701000
1.227222	3838.684862	46.801000
1.227194	3837.892737	46.901000
1.227201	3836.699046	47.001000
1.227212	3835.358480	47.101000
1.227170	3834.403382	47.201000
1.227212	3833.373395	47.301000
1.227248	3832.361559	47.401000
1.227245	3831.354358	47.501000
1.227284	3830.376018	47.601000
1.227203	3829.403213	47.701000
1.227130	3828.445018	47.801000
1.227169	3827.451455	47.901000
1.227162	3826.470369	48.001000
1.227075	3825.532112	48.101000
1.227150	3824.568387	48.201000
1.227133	3823.565024	48.301000
1.227151	3822.567505	48.401000
1.227170	3821.583009	48.501000
1.227136	3820.596783	48.601000
1.227090	3819.642847	48.701000
1.227116	3818.689051	48.801000
1.227103	3817.678198	48.901000
1.227017	3816.751861	49.001000
1.227028	3815.791844	49.101000
1.227015	3814.803872	49.201000
1.227018	3813.896645	49.301000
1.227071	3812.839454	49.401000
1.227057	3811.847160	49.501000
1.226992	3810.907234	49.601000
1.227051	3809.913268	49.701000
1.227015	3808.935994	49.801000
1.226961	3807.957851	49.901000
1.227010	3806.957789	50.001000
1.227042	3805.979891	50.101000
1.226961	3805.018408	50.201000
1.226977	3804.043129	50.301000
1.226973	3803.086720	50.401000
1.226962	3802.069171	50.501000
1.227008	3801.084947	50.601000
1.227044	3800.104336	50.701000
1.227063	3799.144931	50.801000
1.227097	3798.164374	50.901000
1.227140	3797.167460	51.001000
1.227104	3796.237004	51.101000
1.227123	3795.247103	51.201000
1.227116	3794.281684	51.301000
1.227004	3793.407697	51.401000
1.226938	3792.463136	51.501000
1.226970	3791.462184	51.601000
1.226919	3790.503538	51.701000
1.226906	3789.527182	51.801000
1.226890	3788.564491	51.901000
1.226842	3787.720704	52.001000
1.226829	3787.312709	52.101000
1.226848	3786.113824	52.201000
1.226870	3784.752151	52.301000
1.226885	3783.758760	52.401000
1.227012	3782.828145	52.501000
1.226974	3781.858682	52.601000
1.226916	3780.910275	52.701000
1.226953	3779.934070	52.801000
1.226921	3778.967606	52.901000
1.226930	3778.005721	53.001000
1.227003	3777.025902	53.101000
1.227017	3776.051512	53.201000
1.226923	3775.119890	53.301000
1.226928	3774.160631	53.401000
1.226933	3773.202851	53.501000
1.226952	3772.277247	53.601000
1.227022	3771.258262	53.701000
1.227016	3770.286391	53.801000
1.226873	3769.394413	53.901000
1.226878	3768.456907	54.001000
1.226876	3767.500358	54.101000
1.226817	3766.521326	54.201000
1.226852	3765.558436	54.301000
1.226870	3764.598062	54.401000
1.226837	3763.651003	54.501000
1.226889	3762.710662	54.601000
1.226920	3761.726352	54.701000
1.226903	3760.754333	54.801000
1.226937	3759.794604	54.901000
1.226963	3758.843556	55.001000
1.226945	3757.931082	55.101000
1.226942	3756.997019	55.201000
1.226975	3756.025684	55.301000
1.226944	3755.070337	55.401000
1.226984	3754.100005	55.501000
1.226982	3753.148907	55.601000
1.227002	3752.237608	55.701000
1.226914	3751.273535	55.801000
1.226885	3750.325598	55.901000
1.226829	3749.373295	56.001000
1.226840	3748.436201	56.101000
1.226923	3747.479084	56.201000
1.226926	3746.538165	56.301000
1.226812	3745.630141	56.401000
1.226746	3744.722073	56.501000
1.226706	3743.769105	56.601000
1.226668	3742.837679	56.701000
1.226735	3741.887802	56.801000
1.226768	3740.887718	56.901000
1.226694	3739.987609	57.001000
1.226705	3739.048878	57.101000
1.226676	3738.093906	57.201000
1.226690	3737.769588	57.301000
1.226708	3736.699215	57.401000
1.226779	3735.359992	57.501000
1.226709	3734.325562	57.601000
1.226710	3733.412681	57.701000
1.226838	3732.440764	57.801000
1.226808	3731.476746	57.901000
1.226809	3730.507044	58.001000
1.226792	3729.541805	58.101000
1.226749	3728.598462	58.201000
1.226746	3727.642909	58.301000
1.226804	3726.695505	58.401000
1.226778	3725.746870	58.501000
1.226740	3724.834838	58.601000
1.226824	3723.880833	58.701000
1.226861	3722.948586	58.801000
1.226822	3722.090498	58.901000
1.226829	3721.098991	59.001000
1.226780	3720.146633	59.101000
1.226735	3719.219891	59.201000
1.226823	3718.272926	59.301000
1.226881	3717.304282	59.401000
1.226824	3716.409538	59.501000
1.226785	3715.497750	59.601000
1.226770	3714.557339	59.701000
1.226783	3713.612147	59.801000
1.226849	3712.662504	59.901000
1.226981	3711.719736	60.001000
1.226916	3710.774822	60.101000
1.226886	3709.840336	60.201000
1.226934	3708.905335	60.301000
1.226880	3707.976004	60.401000
1.226840	3707.055811	60.501000
1.226839	3706.114840	60.601000
1.226828	3705.201327	60.701000
1.226829	3704.278742	60.801000
1.226886	3703.330195	60.901000
1.226936	3702.402386	61.001000
