-7.000000E+01,-5.959800E-06,+9.910000E+37,+4.906049E+03,+2.150800E+04,
-6.900000E+01,-5.792057E-06,+9.910000E+37,+4.907109E+03,+2.150800E+04,
-6.800000E+01,-5.688287E-06,+9.910000E+37,+4.908167E+03,+2.150800E+04,
-6.700000E+01,-5.603180E-06,+9.910000E+37,+4.909226E+03,+2.150800E+04,
-6.600000E+01,-5.526206E-06,+9.910000E+37,+4.910282E+03,+2.150800E+04,
-6.500000E+01,-5.453782E-06,+9.910000E+37,+4.911342E+03,+2.150800E+04,
-6.400000E+01,-5.383497E-06,+9.910000E+37,+4.912403E+03,+2.150800E+04,
-6.300000E+01,-5.314312E-06,+9.910000E+37,+4.913488E+03,+2.150800E+04,
-6.200000E+01,-5.246130E-06,+9.910000E+37,+4.914549E+03,+2.150800E+04,
-6.100000E+01,-5.178400E-06,+9.910000E+37,+4.915608E+03,+2.150800E+04,
-6.000000E+01,-5.110970E-06,+9.910000E+37,+4.916691E+03,+2.150800E+04,
-5.900000E+01,-5.043088E-06,+9.910000E+37,+4.917748E+03,+2.150800E+04,
-5.800000E+01,-4.975453E-06,+9.910000E+37,+4.918808E+03,+2.150800E+04,
-5.700000E+01,-4.907612E-06,+9.910000E+37,+4.919869E+03,+2.150800E+04,
-5.600000E+01,-4.839661E-06,+9.910000E+37,+4.920954E+03,+2.150800E+04,
-5.500000E+01,-4.771504E-06,+9.910000E+37,+4.922014E+03,+2.150800E+04,
-5.400000E+01,-4.702506E-06,+9.910000E+37,+4.923072E+03,+2.150800E+04,
-5.300000E+01,-4.633636E-06,+9.910000E+37,+4.924134E+03,+2.150800E+04,
-5.200000E+01,-4.564233E-06,+9.910000E+37,+4.925192E+03,+2.150800E+04,
-5.100000E+01,-4.494651E-06,+9.910000E+37,+4.926255E+03,+2.150800E+04,
-5.000000E+01,-4.424214E-06,+9.910000E+37,+4.927313E+03,+2.150800E+04,
-4.900000E+01,-4.353544E-06,+9.910000E+37,+4.928374E+03,+2.150800E+04,
-4.800000E+01,-4.282614E-06,+9.910000E+37,+4.929459E+03,+2.150800E+04,
-4.700000E+01,-4.210743E-06,+9.910000E+37,+4.930515E+03,+2.150800E+04,
-4.600000E+01,-4.138388E-06,+9.910000E+37,+4.931574E+03,+2.150800E+04,
-4.500000E+01,-4.065612E-06,+9.910000E+37,+4.932661E+03,+2.150800E+04,
-4.400000E+01,-3.992213E-06,+9.910000E+37,+4.933747E+03,+2.150800E+04,
-4.300000E+01,-3.917813E-06,+9.910000E+37,+4.934808E+03,+2.150800E+04,
-4.200000E+01,-3.842656E-06,+9.910000E+37,+4.935867E+03,+2.150800E+04,
-4.100000E+01,-3.766764E-06,+9.910000E+37,+4.936926E+03,+2.150800E+04,
-4.000000E+01,-3.690225E-06,+9.910000E+37,+4.937989E+03,+2.150800E+04,
-3.900000E+01,-3.612685E-06,+9.910000E+37,+4.939069E+03,+2.150800E+04,
-3.800000E+01,-3.533906E-06,+9.910000E+37,+4.940126E+03,+2.150800E+04,
-3.700000E+01,-3.453833E-06,+9.910000E+37,+4.941183E+03,+2.150800E+04,
-3.600000E+01,-3.372988E-06,+9.910000E+37,+4.942241E+03,+2.150800E+04,
-3.500000E+01,-3.290537E-06,+9.910000E+37,+4.943303E+03,+2.150800E+04,
-3.400000E+01,-3.206721E-06,+9.910000E+37,+4.944361E+03,+2.150800E+04,
-3.300000E+01,-3.121060E-06,+9.910000E+37,+4.945420E+03,+2.150800E+04,
-3.200000E+01,-3.033871E-06,+9.910000E+37,+4.946478E+03,+2.150800E+04,
-3.100000E+01,-2.944600E-06,+9.910000E+37,+4.947563E+03,+2.150800E+04,
-3.000000E+01,-2.852840E-06,+9.910000E+37,+4.948625E+03,+2.150800E+04,
-2.900000E+01,-2.758242E-06,+9.910000E+37,+4.949716E+03,+2.150800E+04,
-2.800000E+01,-2.660790E-06,+9.910000E+37,+4.950796E+03,+2.150800E+04,
-2.700000E+01,-2.559579E-06,+9.910000E+37,+4.951853E+03,+2.150800E+04,
-2.600000E+01,-2.454303E-06,+9.910000E+37,+4.952911E+03,+2.150800E+04,
-2.500000E+01,-2.343476E-06,+9.910000E+37,+4.953970E+03,+2.150800E+04,
-2.400000E+01,-2.226729E-06,+9.910000E+37,+4.955028E+03,+2.150800E+04,
-2.300000E+01,-2.102765E-06,+9.910000E+37,+4.956109E+03,+2.150800E+04,
-2.200000E+01,-1.969375E-06,+9.910000E+37,+4.957168E+03,+2.150800E+04,
-2.100000E+01,-1.824888E-06,+9.910000E+37,+4.958229E+03,+2.150800E+04,
-2.000000E+01,-1.666190E-06,+9.910000E+37,+4.959312E+03,+2.150800E+04,
-1.900000E+01,-1.491088E-06,+9.910000E+37,+4.960370E+03,+2.150800E+04,
-1.800000E+01,-1.295966E-06,+9.910000E+37,+4.961428E+03,+2.150800E+04,
-1.700000E+01,-1.078067E-06,+9.910000E+37,+4.962488E+03,+2.150800E+04,
-1.600000E+01,-8.346478E-07,+9.910000E+37,+4.963566E+03,+2.150800E+04,
-1.500000E+01,-5.666338E-07,+9.910000E+37,+4.964624E+03,+2.150800E+04,
-1.400000E+01,-2.760746E-07,+9.910000E+37,+4.965684E+03,+2.150800E+04,
-1.300000E+01,+1.988653E-08,+9.910000E+37,+4.966744E+03,+2.150800E+04,
-1.200000E+01,+2.917116E-07,+9.91000
































current through plasma (-mA) <tab> voltage across plasma (-V) <tab> time (sec)
1.230145	1980.357148	0.001000
1.229786	1979.760661	0.101000
1.229507	1979.658937	0.201000
1.229245	1979.578017	0.301000
1.229221	1979.305118	0.401000
1.229251	1979.001217	0.501000
1.229232	1978.804073	0.601000
1.229236	1978.417520	0.701000
1.229215	1978.141481	0.801000
1.229194	1977.922314	0.901000
1.229174	1977.585621	1.001000
1.229175	1977.280476	1.101000
1.229162	1977.007464	1.201000
1.229154	1976.784484	1.301000
1.229150	1976.483490	1.401000
1.229155	1976.156926	1.501000
1.229155	1975.880607	1.601000
1.229129	1975.595710	1.701000
1.229148	1975.315658	1.801000
1.229128	1975.053521	1.901000
1.229144	1974.749731	2.001000
1.229154	1974.469871	2.101000
1.229154	1974.168703	2.201000
1.229111	1973.915913	2.301000
1.229095	1973.674867	2.401000
1.229092	1973.333267	2.501000
1.229095	1973.045567	2.601000
1.229088	1972.771732	2.701000
1.229067	1972.517617	2.801000
1.229034	1972.247972	2.901000
1.229009	1971.975181	3.001000
1.228995	1971.710570	3.101000
1.228989	1971.423261	3.201000
1.228983	1971.131672	3.301000
1.228999	1970.900604	3.401000
1.229014	1970.577006	3.501000
1.229007	1970.277532	3.601000
1.228963	1970.010966	3.701000
1.228965	1969.745129	3.801000
1.228981	1969.483912	3.901000
1.229002	1969.218376	4.001000
1.228987	1969.218220	4.101000
1.228999	1969.308152	4.201000
1.228946	1968.713156	4.301000
1.228928	1968.122554	4.401000
1.228948	1967.874208	4.501000
1.228946	1967.539777	4.601000
1.228956	1967.241758	4.701000
1.228962	1966.958444	4.801000
1.228952	1966.682383	4.901000
1.228953	1966.413081	5.001000
1.228974	1966.124456	5.101000
1.228978	1965.841980	5.201000
1.228984	1965.558872	5.301000
1.228990	1965.258564	5.401000
1.228988	1965.006825	5.501000
1.229021	1964.720771	5.601000
1.229040	1964.402143	5.701000
1.229061	1964.105431	5.801000
1.229027	1963.841172	5.901000
1.229005	1963.574131	6.001000
1.229015	1963.338025	6.101000
1.228994	1963.028237	6.201000
1.229012	1962.735123	6.301000
1.228996	1962.458079	6.401000
1.229013	1962.173242	6.501000
1.229019	1961.948119	6.601000
1.229017	1961.628573	6.701000
1.229004	1961.334712	6.801000
1.228977	1961.061701	6.901000
1.228997	1960.763979	7.001000
1.228996	1960.511547	7.101000
1.229042	1960.223215	7.201000
1.229077	1959.927695	7.301000
1.229048	1959.663847	7.401000
1.229004	1959.393037	7.501000
1.229021	1959.111062	7.601000
1.228998	1958.903084	7.701000
1.228997	1958.567317	7.801000
1.229003	1958.270386	7.901000
1.229017	1958.002316	8.001000
1.229027	1957.738548	8.101000
1.229037	1957.459045	8.201000
1.229022	1957.205115	8.301000
1.229023	1956.918815	8.401000
1.228998	1956.619559	8.501000
1.229028	1956.335360	8.601000
1.229024	1956.061233	8.701000
1.229022	1955.830453	8.801000
1.228978	1955.511283	8.901000
1.228991	1955.224125	9.001000
1.229025	1954.947959	9.101000
1.229019	1954.664884	9.201000
1.229004	1954.473597	9.301000
1.229024	1954.807867	9.401000
1.229010	1954.346857	9.501000
1.228982	1953.595733	9.601000
1.228985	1953.260898	9.701000
1.229007	1953.006319	9.801000
1.228995	1952.721271	9.901000
1.229008	1952.419584	10.001000
1.229000	1952.155677	10.101000
1.229026	1951.858162	10.201000
1.229053	1951.571834	10.301000
1.229075	1951.289703	10.401000
1.229097	1950.984436	10.501000
1.229109	1950.700674	10.601000
1.229132	1950.420256	10.701000
1.229137	1950.145463	10.801000
1.229128	1949.907106	10.901000
1.229105	1949.590737	11.001000
1.229113	1949.298311	11.101000
1.229137	1948.999649	11.201000
1.229158	1948.724894	11.301000
1.229132	1948.492385	11.401000
1.229110	1948.187888	11.501000
1.229096	1947.902105	11.601000
1.229115	1947.626692	11.701000
1.229124	1947.335656	11.801000
1.229109	1947.066982	11.901000
1.229094	1946.841805	12.001000
1.229084	1946.490012	12.101000
1.229098	1946.202153	12.201000
1.229101	1945.940370	12.301000
1.229089	1945.673376	12.401000
1.229062	1945.415454	12.501000
1.229013	1945.156506	12.601000
1.229008	1944.871685	12.701000
1.229020	1944.592306	12.801000
1.229003	1944.315187	12.901000
1.228985	1944.068855	13.001000
1.228958	1943.824367	13.101000
1.228930	1943.487634	13.201000
1.228966	1943.191267	13.301000
1.228952	1942.922920	13.401000
1.228945	1942.655214	13.501000
1.228908	1942.399177	13.601000
1.228896	1942.131475	13.701000
1.228926	1941.838068	13.801000
1.228905	1941.561568	13.901000
1.228898	1941.285128	14.001000
1.228886	1941.066647	14.101000
1.228898	1940.743287	14.201000
1.228901	1940.444274	14.301000
1.228915	1940.163162	14.401000
1.228902	1939.886107	14.502000
1.228884	1940.184768	14.601000
1.228881	1939.857492	14.701000
1.228889	1939.245685	14.801000
1.228920	1938.718510	14.901000
1.228916	1938.463191	15.001000
1.228884	1938.193367	15.101000
1.228885	1937.941258	15.201000
1.228913	1937.576319	15.301000
1.228969	1937.305434	15.401000
1.228962	1937.016518	15.501000
1.228968	1936.728873	15.601000
1.228938	1936.471923	15.701000
1.228961	1936.200116	15.801000
1.228985	1935.908486	15.901000
1.228973	1935.615502	16.001000
1.228981	1935.333274	16.101000
1.228989	1935.051001	16.201000
1.229008	1934.822675	16.301000
1.229033	1934.473890	16.401000
1.229031	1934.208914	16.501000
1.229021	1933.978850	16.601000
1.229021	1933.670012	16.701000
1.229002	1933.393068	16.801000
1.229005	1933.124299	16.901000
1.229009	1932.847795	17.001000
1.228987	1932.568961	17.101000
1.228975	1932.294144	17.201000
1.228968	1932.039098	17.301000
1.228999	1931.761190	17.401000
1.228984	1931.452909	17.501000
1.228993	1931.173947	17.601000
1.228990	1930.901537	17.701000
1.228977	1930.626549	17.801000
1.228948	1930.346296	17.901000
1.228982	1930.056473	18.001000
1.228930	1929.791641	18.101000
1.228921	1929.514201	18.201000
1.228932	1929.236701	18.301000
1.228933	1929.003977	18.401000
1.228954	1928.677157	18.501000
1.228958	1928.391814	18.601000
1.228941	1928.132988	18.701000
1.228954	1927.847844	18.801000
1.228945	1927.583991	18.901000
1.228920	1927.326480	19.001000
1.228896	1927.061620	19.101000
1.228907	1926.780628	19.201000
1.228904	1926.498585	19.301000
1.228893	1926.228253	19.401000
1.228900	1926.003405	19.501000
1.228899	1925.655731	19.601000
1.228897	1925.382205	19.701000
1.228875	1925.617000	19.801000
1.228883	1925.390316	19.901000
1.228852	1924.805875	20.001000
1.228852	1924.326291	20.101000
1.228836	1924.023295	20.201000
1.228871	1923.730793	20.301000
1.228903	1923.461163	20.401000
1.228885	1923.219643	20.501000
1.228897	1922.925517	20.601000
1.228929	1922.591183	20.701000
1.228924	1922.329393	20.801000
1.228954	1922.068874	20.901000
1.228949	1921.819405	21.001000
1.228929	1921.563157	21.101000
1.228903	1921.293909	21.201000
1.228913	1920.993019	21.301000
1.228934	1920.712684	21.401000
1.228920	1920.436808	21.501000
1.228922	1920.204296	21.601000
1.228934	1919.880462	21.701000
1.228927	1919.602297	21.801000
1.228927	1919.356735	21.901000
1.228952	1919.076025	22.001000
1.228939	1918.815390	22.101000
1.228939	1918.534401	22.201000
1.228935	1918.257143	22.301000
1.228903	1918.002575	22.401000
1.228928	1917.711797	22.501000
1.228931	1917.447113	22.601000
1.228915	1917.231485	22.701000
1.228901	1916.904887	22.801000
1.228909	1916.626423	22.901000
1.228909	1916.353006	23.001000
1.228894	1916.097287	23.101000
1.228894	1915.817081	23.201000
1.228874	1915.548445	23.301000
1.228861	1915.278228	23.401000
1.228866	1914.989851	23.501000
1.228887	1914.713107	23.601000
1.228835	1914.467288	23.701000
1.228803	1914.205236	23.801000
1.228814	1913.890270	23.901000
1.228829	1913.605891	24.001000
1.228850	1913.352311	24.101000
1.228843	1913.074740	24.201000
1.228822	1912.818706	24.301000
1.228828	1912.551058	24.401000
1.228822	1912.279394	24.501000
1.228830	1911.998924	24.601000
1.228785	1911.730005	24.701000
1.228806	1911.483226	24.801000
1.228796	1911.201535	24.901000
1.228829	1911.296400	25.001000
1.228834	1911.224762	25.101000
1.228877	1910.596943	25.201000
1.228889	1910.100250	25.301000
1.228882	1909.859997	25.401000
1.228894	1909.571050	25.501000
1.228911	1909.289794	25.601000
1.228937	1909.003191	25.701000
1.228905	1908.747740	25.801000
1.228914	1908.536778	25.901000
1.228908	1908.206281	26.001000
1.228941	1907.929554	26.101000
1.228959	1907.636615	26.201000
1.228951	1907.369979	26.301000
1.228932	1907.114733	26.401000
1.228946	1906.831280	26.501000
1.228956	1906.558784	26.601000
1.228974	1906.272504	26.701000
1.229011	1905.995405	26.801000
1.228986	1905.754729	26.901000
1.229003	1905.535457	27.001000
1.228992	1905.207958	27.101000
1.229025	1904.895432	27.201000
1.229021	1904.632924	27.301000
1.229016	1904.382578	27.401000
1.229047	1904.110819	27.501000
1.229030	1903.853469	27.601000
1.229011	1903.594735	27.701000
1.228967	1903.342952	27.801000
1.228962	1903.080161	27.901000
1.228976	1902.820442	28.001000
1.228955	1902.594418	28.101000
1.228951	1902.279141	28.201000
1.228957	1901.993852	28.301000
1.228946	1901.738221	28.401000
1.228895	1901.498245	28.501000
1.228884	1901.240996	28.601000
1.228879	1900.972396	28.701000
1.228858	1900.701867	28.801000
1.228856	1900.427179	28.901000
1.228876	1900.154635	29.001000
1.228897	1899.912485	29.101000
1.228870	1899.650878	29.201000
1.228865	1899.348082	29.301000
1.228837	1899.092949	29.401000
1.228868	1898.806240	29.501000
1.228892	1898.548997	29.601000
1.228904	1898.297495	29.701000
1.228875	1898.055138	29.801000
1.228832	1897.801526	29.901000
1.228807	1897.538719	30.001000
1.228815	1897.286494	30.101000
1.228837	1897.393542	30.201000
1.228857	1897.338002	30.301000
1.228837	1896.829680	30.401000
1.228812	1896.209155	30.501000
1.228848	1895.925216	30.601000
1.228878	1895.657480	30.701000
1.228902	1895.399857	30.801000
1.228887	1895.141855	30.901000
1.228864	1894.889597	31.001000
1.228860	1894.635471	31.101000
1.228878	1894.353821	31.201000
1.228861	1894.137422	31.301000
1.228907	1893.836812	31.401000
1.228914	1893.532832	31.501000
1.228908	1893.267558	31.601000
1.228889	1893.010859	31.701000
1.228902	1892.735807	31.801000
1.228900	1892.478301	31.901000
1.228867	1892.211213	32.001000
1.228902	1891.947518	32.101000
1.228911	1891.679994	32.201000
1.228935	1891.406112	32.302000
1.228918	1891.151730	32.401000
1.228900	1890.854985	32.501000
1.228894	1890.586206	32.601000
1.228923	1890.301852	32.701000
1.228913	1890.048078	32.801000
1.228943	1889.765873	32.901000
1.228959	1889.512044	33.001000
1.228947	1889.269713	33.101000
1.228941	1888.995457	33.201000
1.228958	1888.738568	33.301000
1.228948	1888.537743	33.401000
1.228924	1888.239289	33.501000
1.228934	1887.967059	33.601000
1.228929	1887.707106	33.701000
1.228940	1887.436899	33.801000
1.228913	1887.177283	33.901000
1.228912	1886.922528	34.001000
1.228888	1886.683133	34.101000
1.228878	1886.438678	34.201000
1.228879	1886.182366	34.301000
1.228864	1885.939692	34.401000
1.228859	1885.723552	34.501000
1.228852	1885.409204	34.601000
1.228873	1885.137021	34.701000
1.228840	1884.885413	34.801000
1.228821	1884.618043	34.901000
1.228832	1884.342817	35.001000
1.228832	1884.098383	35.101000
1.228844	1883.815268	35.201000
1.228876	1883.546778	35.301000
1.228876	1883.478630	35.401000
1.228854	1883.721390	35.501000
1.228883	1883.252413	35.601000
1.228932	1882.493899	35.701000
1.228944	1882.192974	35.801000
1.228924	1881.929269	35.901000
1.228940	1881.665013	36.001000
1.228914	1881.432113	36.101000
1.228942	1881.125542	36.201000
1.228977	1880.844194	36.301000
1.228984	1880.578975	36.401000
1.228961	1880.319335	36.501000
1.228956	1880.113012	36.601000
1.228959	1879.831575	36.701000
1.228964	1879.550671	36.801000
1.228989	1879.281458	36.901000
1.228969	1879.023145	37.001000
1.228976	1878.765570	37.101000
1.228966	1878.481947	37.201000
1.229003	1878.208065	37.301000
1.229007	1877.953862	37.401000
1.229012	1877.728325	37.501000
1.228988	1877.443340	37.601000
1.229018	1877.236154	37.701000
1.229039	1876.901361	37.801000
1.229060	1876.612357	37.901000
1.229014	1876.362855	38.001000
1.229003	1876.120205	38.101000
1.228995	1875.842884	38.201000
1.229014	1875.564221	38.301000
1.229017	1875.296085	38.401000
1.229025	1875.041234	38.501000
1.229017	1874.783710	38.601000
1.228988	1874.573306	38.701000
1.228962	1874.350487	38.801000
1.228954	1874.055009	38.901000
1.228948	1873.806371	39.001000
1.228926	1873.552667	39.101000
1.228921	1873.278896	39.201000
1.228900	1873.023741	39.301000
1.228907	1872.751566	39.401000
1.228903	1872.486540	39.501000
1.228877	1872.229439	39.601000
1.228879	1871.973555	39.701000
1.228888	1871.772091	39.801000
1.228860	1871.486062	39.901000
1.228821	1871.220373	40.001000
1.228785	1870.988262	40.101000
1.228772	1870.714153	40.201000
1.228809	1870.447109	40.301000
1.228816	1870.182752	40.401000
1.228819	1869.923207	40.501000
1.228774	1869.669679	40.601000
1.228790	1870.078273	40.701000
1.228778	1869.616771	40.801000
1.228792	1869.004792	40.901000
1.228817	1868.598519	41.001000
1.228834	1868.315217	41.101000
1.228804	1868.066128	41.201000
1.228852	1867.784802	41.301000
1.228879	1867.532645	41.401000
1.228864	1867.247493	41.501000
1.228858	1866.961165	41.601000
1.228852	1866.701790	41.701000
1.228892	1866.416951	41.801000
1.228920	1866.171366	41.901000
1.228938	1865.929569	42.002000
1.228944	1865.630760	42.101000
1.228930	1865.374056	42.201000
1.228916	1865.115929	42.301000
1.228916	1864.850790	42.401000
1.228945	1864.575918	42.501000
1.228935	1864.319119	42.601000
1.228951	1864.070599	42.701000
1.228925	1863.796240	42.801000
1.228944	1863.525299	42.901000
1.228967	1863.283851	43.001000
1.228979	1863.016367	43.101000
1.228978	1862.754594	43.201000
1.228986	1862.509172	43.301000
1.228984	1862.246021	43.401000
1.228979	1861.976487	43.501000
1.228974	1861.717776	43.601000
1.228965	1861.452994	43.701000
1.228947	1861.199966	43.801000
1.228963	1860.926499	43.901000
1.228941	1860.660367	44.001000
1.228986	1860.433474	44.101000
1.228969	1860.143839	44.201000
1.228941	1859.891670	44.301000
1.228955	1859.623120	44.401000
1.228971	1859.361613	44.501000
1.228995	1859.072403	44.601000
1.228955	1858.821744	44.701000
1.228955	1858.550912	44.801000
1.228941	1858.289344	44.901000
1.228952	1858.028490	45.001000
1.228962	1857.770280	45.101000
1.228957	1857.552012	45.201000
1.228959	1857.245146	45.301000
1.228964	1856.972474	45.401000
1.228970	1856.708387	45.501000
1.228964	1856.448217	45.601000
1.228899	1856.210404	45.701000
1.228896	1855.950378	45.801000
1.228908	1856.161496	45.901000
1.228911	1855.968246	46.001000
1.228893	1855.389543	46.101000
1.228882	1854.885039	46.201000
1.228876	1854.681885	46.301000
1.228885	1854.382265	46.401000
1.228897	1854.093788	46.501000
1.228926	1853.819699	46.601000
1.228903	1853.582174	46.701000
1.228943	1853.314546	46.801000
1.228921	1853.030119	46.901000
1.228947	1852.755425	47.001000
1.228944	1852.487207	47.101000
1.228960	1852.212533	47.201000
1.228943	1851.971798	47.301000
1.228960	1851.719132	47.401000
1.229010	1851.398973	47.501000
1.229037	1851.149640	47.601000
1.229032	1850.905891	47.701000
1.229017	1850.658290	47.801000
1.228991	1850.442252	47.901000
1.228976	1850.154567	48.001000
1.229002	1849.892917	48.101000
1.228977	1849.625178	48.201000
1.228956	1849.368284	48.301000
1.228964	1849.152304	48.401000
1.228945	1848.848394	48.501000
1.228939	1848.572972	48.601000
1.228968	1848.301536	48.701000
1.228950	1848.057553	48.801000
1.228951	1847.796178	48.901000
1.228947	1847.529341	49.001000
1.228958	1847.283905	49.101000
1.228966	1846.999426	49.201000
1.228953	1846.747360	49.301000
1.228940	1846.490720	49.401000
1.228897	1846.299407	49.502000
1.228901	1845.963228	49.601000
1.228887	1845.706959	49.701000
1.228894	1845.451118	49.801000
1.228909	1845.185468	49.901000
1.228880	1844.953594	50.001000
1.228889	1844.737037	50.101000
1.228910	1844.431069	50.201000
1.228899	1844.169739	50.301000
1.228879	1843.912416	50.401000
1.228877	1843.662922	50.501000
1.228855	1843.416963	50.601000
1.228840	1843.113235	50.701000
1.228836	1842.843481	50.801000
1.228843	1842.580715	50.901000
1.228853	1842.328912	51.001000
1.228863	1842.278261	51.101000
1.228881	1842.406650	51.201000
1.228870	1842.036496	51.301000
1.228859	1841.319126	51.401000
1.228865	1841.008037	51.501000
1.228873	1840.782172	51.601000
1.228849	1840.516518	51.701000
1.228849	1840.235441	51.801000
1.228820	1839.980516	51.901000
1.228859	1839.695235	52.001000
1.228886	1839.450888	52.101000
1.228929	1839.189459	52.201000
1.228925	1838.950348	52.301000
1.228891	1838.712130	52.401000
1.228895	1838.442193	52.501000
1.228908	1838.164313	52.601000
1.228928	1837.955498	52.701000
1.228938	1837.635757	52.801000
1.228930	1837.373506	52.901000
1.228912	1837.131698	53.001000
1.228921	1836.867087	53.101000
1.228975	1836.584010	53.201000
1.228969	1836.304488	53.301000
1.228986	1836.066291	53.401000
1.228996	1835.811039	53.501000
1.229021	1835.551079	53.601000
1.229017	1835.293670	53.701000
1.229012	1835.069261	53.801000
1.228981	1834.755404	53.901000
1.228991	1834.493452	54.001000
1.228992	1834.247721	54.101000
1.228999	1833.976298	54.201000
1.229016	1833.713616	54.301000
1.229017	1833.464883	54.401000
1.228997	1833.214939	54.501000
1.229010	1832.959716	54.601000
1.228987	1832.703596	54.701000
1.228985	1832.454074	54.801000
1.228979	1832.210312	54.901000
1.228983	1831.920074	55.001000
1.228977	1831.670309	55.101000
1.228968	1831.402853	55.201000
1.228956	1831.139890	55.301000
1.228944	1830.881851	55.401000
1.228932	1830.626901	55.501000
1.228921	1830.388167	55.601000
1.228928	1830.127196	55.701000
1.228925	1829.883440	55.801000
1.228903	1829.682487	55.901000
1.228907	1829.390098	56.001000
1.228870	1829.152034	56.101000
1.228886	1828.860895	56.201000
1.228886	1828.598124	56.301000
1.228867	1829.039286	56.401000
1.228892	1828.574096	56.501000
1.228880	1827.921893	56.601000
1.228875	1827.577147	56.701000
1.228923	1827.319080	56.801000
1.228887	1827.097519	56.901000
1.228887	1826.903815	57.001000
1.228837	1826.601575	57.101000
1.228864	1826.346341	57.201000
1.228866	1826.090648	57.301000
1.228883	1825.844743	57.401000
1.228880	1825.558942	57.501000
1.228847	1825.306816	57.601000
1.228851	1825.043625	57.701000
1.228886	1824.775409	57.801000
1.228892	1824.511927	57.901000
1.228887	1824.274568	58.001000
1.228885	1824.049821	58.101000
1.228878	1823.746005	58.201000
1.228917	1823.459599	58.301000
1.228899	1823.227751	58.401000
1.228934	1822.939896	58.501000
1.228915	1822.698697	58.601000
1.228912	1822.432094	58.701000
1.228913	1822.163119	58.801000
1.228909	1821.892500	58.901000
1.228910	1821.644493	59.001000
1.228909	1821.439405	59.101000
1.228896	1821.179854	59.201000
1.228926	1820.887967	59.301000
1.228926	1820.635999	59.402000
1.228945	1820.371036	59.501000
1.228926	1820.121484	59.601000
1.228918	1819.865722	59.701000
1.228932	1819.596608	59.801000
1.228927	1819.415537	59.901000
1.228928	1819.813981	60.001000
1.228917	1819.199898	60.101000
1.228932	1818.643727	60.201000
1.228952	1818.322247	60.301000
1.228933	1818.070367	60.401000
1.228925	1817.825777	60.501000
1.228924	1817.548317	60.601000
1.228925	1817.290473	60.701000
1.228923	1817.035667	60.801000
1.228918	1816.781605	60.901000
1.228906	1816.533657	61.001000
1.228876	1816.287893	61.101000
1.228896	1816.035118	61.201000
1.228918	1815.809841	61.301000
1.228920	1815.540981	61.401000
1.228903	1815.311653	61.501000
1.228893	1815.671530	61.601000
1.228904	1815.324851	61.701000
1.228893	1814.695375	61.801000
1.228902	1814.299802	61.901000
1.228908	1814.037509	62.001000
1.228892	1813.814982	62.101000
1.228881	1813.532504	62.201000
1.228900	1813.308743	62.301000
1.228936	1813.023925	62.401000
1.228935	1812.772368	62.501000
1.228927	1812.513409	62.601000
1.228942	1812.262485	62.701000
1.228928	1812.034591	62.801000
1.228971	1811.752408	62.901000
1.228940	1811.518214	63.001000
1.228964	1811.233044	63.102000
1.228973	1810.969329	63.201000
1.228989	1810.712435	63.301000
1.229015	1810.503141	63.402000
1.229019	1810.188551	63.501000
1.228991	1809.937000	63.601000
1.229011	1809.668224	63.701000
1.228996	1809.410222	63.801000
1.228992	1809.151082	63.901000
1.229009	1808.890809	64.001000
1.229003	1808.640485	64.101000
1.229014	1808.369786	64.201000
1.229026	1808.123105	64.301000
1.229040	1807.874768	64.401000
1.229048	1807.630930	64.501000
1.229022	1807.326372	64.601000
1.229031	1807.056493	64.701000
1.229019	1806.813089	64.801000
1.229021	1806.560453	64.901000
1.229029	1806.305241	65.001000
1.229004	1806.068146	65.101000
1.229008	1805.829221	65.201000
1.228991	1805.574462	65.301000
1.229005	1805.318571	65.401000
1.229006	1805.084019	65.501000
1.229007	1804.819693	65.601000
1.229001	1804.544007	65.701000
1.229018	1804.281814	65.801000
1.229033	1804.019787	65.901000
1.229035	1803.780247	66.001000
1.229031	1803.558253	66.101000
1.229008	1803.306987	66.201000
1.228997	1803.059897	66.301000
1.229006	1802.809068	66.401000
1.229003	1802.554245	66.501000
1.228979	1802.364581	66.601000
1.228972	1802.071878	66.701000
1.228957	1802.372329	66.801000
1.228955	1802.096344	66.901000
1.228949	1801.440488	67.001000
1.228934	1801.026155	67.101000
1.228926	1800.787973	67.201000
1.228910	1800.529392	67.301000
1.228890	1800.275232	67.401000
1.228910	1800.025815	67.501000
1.228899	1799.768409	67.601000
1.228891	1799.574866	67.701000
1.228894	1799.275285	67.801000
1.228905	1798.995597	67.901000
1.228903	1798.741787	68.001000
1.228898	1798.494676	68.101000
1.228909	1798.239716	68.201000
1.228921	1797.967031	68.301000
1.228913	1797.726174	68.401000
1.228916	1797.480208	68.501000
1.228928	1797.244979	68.601000
1.228906	1797.001492	68.701000
1.228928	1796.790085	68.801000
1.228969	1796.446586	68.901000
1.228969	1796.195962	69.001000
1.228959	1795.941947	69.101000
1.228950	1795.682961	69.201000
1.228948	1795.409092	69.301000
1.228953	1795.146884	69.401000
1.228989	1794.886204	69.501000
1.229012	1794.630558	69.601000
1.228990	1794.380297	69.701000
1.228994	1794.137578	69.801000
1.229019	1793.852540	69.901000
1.229040	1793.582756	70.001000
1.229036	1793.327928	70.101000
1.229051	1793.063807	70.201000
1.229047	1792.810134	70.301000
1.229035	1792.551645	70.401000
1.229083	1792.289886	70.501000
1.229125	1792.032549	70.601000
1.229128	1791.811775	70.701000
1.229120	1791.572266	70.801000
1.229132	1791.392062	70.901000
1.229166	1791.071956	71.001000
1.229191	1790.802622	71.101000
1.229165	1790.551771	71.201000
1.229169	1790.299334	71.301000
1.229159	1790.057567	71.401000
1.229177	1789.785025	71.501000
1.229173	1789.525674	71.601000
1.229162	1789.287516	71.701000
1.229163	1789.035542	71.801000
1.229165	1788.792640	71.901000
1.229160	1788.857732	72.001000
1.229162	1788.912712	72.101000
1.229140	1788.419131	72.201000
1.229086	1787.836015	72.301000
1.229085	1787.564240	72.401000
1.229097	1787.315333	72.501000
1.229114	1787.032186	72.601000
1.229089	1786.791186	72.701000
1.229067	1786.537982	72.801000
1.229047	1786.280652	72.901000
1.229086	1786.049829	73.001000
1.229103	1785.820171	73.101000
1.229112	1785.526642	73.201000
1.229112	1785.267637	73.301000
1.229091	1785.020478	73.401000
1.229114	1784.767926	73.501000
1.229096	1784.527956	73.601000
1.229088	1784.284264	73.701000
1.229075	1784.044898	73.801000
1.229053	1783.798506	73.901000
1.229093	1783.529699	74.001000
1.229081	1783.342701	74.101000
1.229104	1783.026870	74.201000
1.229085	1782.771464	74.301000
1.229053	1782.538360	74.401000
1.229034	1782.295626	74.501000
1.229038	1782.036674	74.601000
1.229067	1781.768455	74.701000
1.229052	1781.528095	74.801000
1.229065	1781.276276	74.901000
1.229066	1781.017962	75.001000
1.229069	1780.769134	75.101000
1.229082	1780.560620	75.201000
1.229093	1780.258204	75.301000
1.229092	1780.017884	75.401000
1.229113	1779.784293	75.501000
1.229130	1779.545400	75.601000
1.229107	1779.312770	75.701000
1.229073	1779.075086	75.801000
1.229087	1778.829149	75.901000
1.229070	1778.574969	76.001000
1.229104	1778.312554	76.101000
1.229128	1778.070222	76.201000
1.229109	1777.814937	76.301000
1.229083	1777.539986	76.401000
1.229101	1777.287330	76.501000
1.229127	1777.032805	76.601000
1.229153	1776.780868	76.701000
1.229146	1776.532602	76.801000
1.229142	1776.282909	76.901000
1.229143	1776.019916	77.001000
1.229145	1775.769701	77.101000
1.229166	1775.563826	77.201000
1.229173	1776.040198	77.301000
1.229151	1775.491778	77.401000
1.229144	1774.780305	77.501000
1.229151	1774.505827	77.601000
1.229139	1774.262853	77.701000
1.229132	1774.026204	77.801000
1.229120	1773.789053	77.901000
1.229082	1773.548395	78.001000
1.229066	1773.306552	78.101000
1.229089	1773.039827	78.201000
1.229072	1772.805082	78.301000
1.229066	1772.613622	78.401000
1.229061	1772.308487	78.501000
1.229057	1772.058635	78.601000
1.229065	1771.794744	78.701000
1.229063	1771.541710	78.801000
1.229045	1771.307054	78.901000
1.229061	1771.057229	79.001000
1.229080	1770.812776	79.101000
1.229093	1770.558611	79.201000
1.229094	1770.338401	79.301000
1.229083	1770.079947	79.401000
1.229061	1769.845147	79.501000
1.229071	1769.560368	79.601000
1.229053	1769.309304	79.701000
1.229071	1769.057536	79.801000
1.229091	1768.800738	79.901000
1.229075	1768.548106	80.001000
1.229146	1768.297250	80.101000
1.229129	1768.057316	80.201000
1.229147	1767.815506	80.301000
1.229115	1767.595907	80.401000
1.229151	1767.389193	80.501000
1.229178	1767.078228	80.602000
1.229226	1766.806834	80.701000
1.229224	1766.570567	80.801000
1.229206	1766.319544	80.901000
1.229200	1766.061314	81.001000
1.229218	1765.799554	81.101000
1.229220	1765.543251	81.201000
1.229242	1765.287534	81.301000
1.229241	1765.053418	81.401000
1.229222	1764.814233	81.501000
1.229246	1764.607780	81.601000
1.229254	1764.293677	81.701000
1.229222	1764.044176	81.801000
1.229237	1763.801366	81.901000
1.229252	1763.553377	82.001000
1.229234	1763.302342	82.101000
1.229255	1763.040432	82.201000
1.229260	1762.790393	82.301000
1.229249	1762.545887	82.401000
1.229243	1763.676183	82.501000
1.229293	1763.197285	82.601000
1.229278	1762.243881	82.701000
1.229329	1761.565946	82.801000
1.229305	1761.304468	82.901000
1.229307	1761.065855	83.001000
1.229291	1760.811694	83.101000
1.229326	1760.570626	83.201000
1.229323	1760.319255	83.301000
1.229320	1760.066452	83.401000
1.229296	1759.829197	83.501000
1.229283	1759.575090	83.601000
1.229260	1759.380952	83.701000
1.229247	1759.086296	83.802000
1.229237	1758.897051	83.901000
1.229194	1758.627355	84.001000
1.229162	1758.388452	84.101000
1.229173	1758.136455	84.201000
1.229162	1757.889770	84.301000
1.229165	1757.652399	84.401000
1.229159	1757.427702	84.501000
1.229152	1757.157345	84.601000
1.229145	1756.904165	84.701000
1.229150	1756.687383	84.801000
1.229150	1756.414462	84.901000
1.229167	1756.180067	85.001000
1.229153	1755.964163	85.101000
1.229139	1755.723711	85.201000
1.229153	1755.462461	85.301000
1.229128	1755.221846	85.401000
1.229117	1754.964715	85.501000
1.229111	1754.723061	85.601000
1.229116	1754.472364	85.701000
1.229128	1754.237163	85.801000
1.229130	1753.984360	85.901000
1.229109	1753.714020	86.001000
1.229123	1753.470084	86.101000
1.229137	1753.231409	86.201000
1.229137	1752.980416	86.301000
1.229136	1752.746905	86.401000
1.229147	1752.494362	86.501000
1.229107	1752.251796	86.601000
1.229114	1751.998840	86.701000
1.229148	1751.734699	86.801000
1.229192	1751.510104	86.901000
1.229171	1751.244194	87.001000
1.229157	1750.983577	87.101000
1.229193	1750.785777	87.201000
1.229201	1750.560392	87.301000
1.229208	1750.224504	87.401000
1.229200	1749.968672	87.501000
1.229169	1749.720631	87.601000
1.229188	1749.726834	87.701000
1.229199	1749.848010	87.801000
1.229196	1749.316672	87.901000
1.229227	1748.746689	88.001000
1.229225	1748.454366	88.101000
1.229245	1748.191842	88.201000
1.229234	1747.952259	88.301000
1.229237	1747.688991	88.401000
1.229232	1747.454019	88.501000
1.229251	1747.197437	88.601000
1.229243	1746.965718	88.701000
1.229247	1746.725219	88.801000
1.229261	1746.474087	88.901000
1.229247	1746.245207	89.001000
1.229263	1745.993417	89.101000
1.229248	1745.747447	89.201000
1.229244	1745.486928	89.301000
1.229223	1745.222316	89.401000
1.229239	1744.957462	89.501000
1.229230	1744.719678	89.602000
1.229214	1744.494605	89.701000
1.229205	1744.256580	89.801000
1.229206	1744.018004	89.901000
1.229221	1743.769302	90.001000
1.229234	1743.542023	90.101000
1.229260	1743.243520	90.201000
1.229277	1742.966680	90.301000
1.229266	1742.722560	90.401000
1.229229	1742.489579	90.501000
1.229262	1742.226618	90.601000
1.229259	1741.976382	90.701000
1.229258	1741.726035	90.801000
1.229281	1741.478925	90.901000
1.229261	1741.250345	91.001000
1.229291	1740.969186	91.101000
1.229371	1740.725287	91.201000
1.229365	1740.403356	91.301000
1.229387	1740.131250	91.401000
1.229395	1739.884821	91.501000
1.229396	1739.631995	91.601000
1.229393	1739.389342	91.701000
1.229395	1739.131066	91.801000
1.229400	1738.879160	91.901000
1.229435	1738.623102	92.001000
1.229439	1738.370292	92.101000
1.229471	1738.129083	92.201000
1.229565	1737.834384	92.301000
1.229580	1737.547853	92.401000
1.229574	1737.316854	92.501000
1.229566	1737.070500	92.601000
1.229584	1736.819904	92.701000
1.229621	1736.554912	92.801000
1.229619	1736.320797	92.901000
1.229620	1736.710819	93.001000
1.229637	1736.355547	93.101000
1.229624	1735.725967	93.201000
1.229583	1735.393888	93.301000
1.229607	1735.058033	93.401000
1.229606	1734.790829	93.501000
1.229613	1734.531715	93.601000
1.229596	1734.283245	93.701000
1.229589	1734.050514	93.801000
1.229600	1733.819604	93.901000
1.229611	1733.567538	94.001000
1.229594	1733.334185	94.101000
1.229589	1733.079470	94.201000
1.229557	1732.861250	94.301000
1.229551	1732.675177	94.401000
1.229536	1732.411626	94.501000
1.229521	1732.201989	94.601000
1.229523	1731.970594	94.701000
1.229480	1731.724666	94.801000
1.229481	1731.475547	94.901000
1.229501	1731.240527	95.001000
1.229506	1730.999234	95.101000
1.229476	1730.752328	95.201000
1.229459	1730.504139	95.301000
1.229475	1730.285759	95.401000
1.229481	1730.021811	95.501000
1.229465	1729.763328	95.601000
1.229453	1729.530899	95.701000
1.229453	1729.296936	95.801000
1.229438	1729.074715	95.901000
1.229451	1728.825802	96.001000
