-7.000000E+01,-2.871537E-06,+9.910000E+37,+4.469632E+03,+2.150800E+04,
-6.900000E+01,-2.743453E-06,+9.910000E+37,+4.470709E+03,+2.150800E+04,
-6.800000E+01,-2.659983E-06,+9.910000E+37,+4.471768E+03,+2.150800E+04,
-6.700000E+01,-2.588173E-06,+9.910000E+37,+4.472829E+03,+2.150800E+04,
-6.600000E+01,-2.521937E-06,+9.910000E+37,+4.473889E+03,+2.150800E+04,
-6.500000E+01,-2.457730E-06,+9.910000E+37,+4.474967E+03,+2.150800E+04,
-6.400000E+01,-2.395278E-06,+9.910000E+37,+4.476028E+03,+2.150800E+04,
-6.300000E+01,-2.332797E-06,+9.910000E+37,+4.477089E+03,+2.150800E+04,
-6.200000E+01,-2.271038E-06,+9.910000E+37,+4.478170E+03,+2.150800E+04,
-6.100000E+01,-2.208853E-06,+9.910000E+37,+4.479228E+03,+2.150800E+04,
-6.000000E+01,-2.146880E-06,+9.910000E+37,+4.480289E+03,+2.150800E+04,
-5.900000E+01,-2.083841E-06,+9.910000E+37,+4.481349E+03,+2.150800E+04,
-5.800000E+01,-2.020220E-06,+9.910000E+37,+4.482430E+03,+2.150800E+04,
-5.700000E+01,-1.956271E-06,+9.910000E+37,+4.483492E+03,+2.150800E+04,
-5.600000E+01,-1.891545E-06,+9.910000E+37,+4.484550E+03,+2.150800E+04,
-5.500000E+01,-1.825881E-06,+9.910000E+37,+4.485611E+03,+2.150800E+04,
-5.400000E+01,-1.759266E-06,+9.910000E+37,+4.486671E+03,+2.150800E+04,
-5.300000E+01,-1.691930E-06,+9.910000E+37,+4.487757E+03,+2.150800E+04,
-5.200000E+01,-1.623476E-06,+9.910000E+37,+4.488816E+03,+2.150800E+04,
-5.100000E+01,-1.553650E-06,+9.910000E+37,+4.489878E+03,+2.150800E+04,
-5.000000E+01,-1.482938E-06,+9.910000E+37,+4.490936E+03,+2.150800E+04,
-4.900000E+01,-1.410833E-06,+9.910000E+37,+4.491997E+03,+2.150800E+04,
-4.800000E+01,-1.337563E-06,+9.910000E+37,+4.493080E+03,+2.150800E+04,
-4.700000E+01,-1.263155E-06,+9.910000E+37,+4.494139E+03,+2.150800E+04,
-4.600000E+01,-1.186041E-06,+9.910000E+37,+4.495226E+03,+2.150800E+04,
-4.500000E+01,-1.107446E-06,+9.910000E+37,+4.496284E+03,+2.150800E+04,
-4.400000E+01,-1.026575E-06,+9.910000E+37,+4.497370E+03,+2.150800E+04,
-4.300000E+01,-9.434050E-07,+9.910000E+37,+4.498431E+03,+2.150800E+04,
-4.200000E+01,-8.570984E-07,+9.910000E+37,+4.499489E+03,+2.150800E+04,
-4.100000E+01,-7.678976E-07,+9.910000E+37,+4.500547E+03,+2.150800E+04,
-4.000000E+01,-6.750561E-07,+9.910000E+37,+4.501606E+03,+2.150800E+04,
-3.900000E+01,-5.780128E-07,+9.910000E+37,+4.502666E+03,+2.150800E+04,
-3.800000E+01,-4.755101E-07,+9.910000E+37,+4.503746E+03,+2.150800E+04,
-3.700000E+01,-3.661992E-07,+9.910000E+37,+4.504803E+03,+2.150800E+04,
-3.600000E+01,-2.491109E-07,+9.910000E+37,+4.505862E+03,+2.150800E+04,
-3.500000E+01,-1.232499E-07,+9.910000E+37,+4.506921E+03,+2.150800E+04,
-3.400000E+01,+1.277633E-08,+9.910000E+37,+4.507982E+03,+2.150800E+04,
-3.300000E+01,+1.601827E-07,+9.910000E+37,+4.509062E+03,+2.150800E+04,
-3.200000E+01,+3.174464E-07,+9.910000E+37,+4.510119E+03,+2.150800E+04,
-3.100000E+01,+4.754829E-07,+9.910000E+37,+4.511181E+03,+2.150800E+04,
-3.000000E+01,+6.318632E-07,+9.910000E+37,+4.512259E+03,+2.150800E+04,
-2.900000E+01,+8.071893E-07,+9.910000E+37,+4.513318E+03,+2.150800E+04,
-2.800000E+01,+1.010139E-06,+9.910000E+37,+4.514396E+03,+2.150800E+04,
-2.700000E+01,+1.246935E-06,+9.910000E+37,+4.515453E+03,+2.150800E+04,
-2.600000E+01,+1.518349E-06,+9.910000E+37,+4.516510E+03,+2.150800E+04,
-2.500000E+01,+1.829340E-06,+9.910000E+37,+4.517570E+03,+2.150800E+04,
-2.400000E+01,+2.183417E-06,+9.910000E+37,+4.518631E+03,+2.150800E+04,
-2.300000E+01,+2.588588E-06,+9.910000E+37,+4.519712E+03,+2.150800E+04,
-2.200000E+01,+3.053681E-06,+9.910000E+37,+4.520771E+03,+2.150800E+04,
-2.100000E+01,+3.586119E-06,+9.910000E+37,+4.521853E+03,+2.150800E+04,
-2.000000E+01,+4.195881E-06,+9.910000E+37,+4.522911E+03,+2.150800E+04,
-1.900000E+01,+4.888632E-06,+9.910000E+37,+4.523998E+03,+2.150800E+04,
-1.800000E+01,+5.678314E-06,+9.910000E+37,+4.525056E+03,+2.150800E+04,
-1.700000E+01,+6.568471E-06,+9.910000E+37,+4.526118E+03,+2.150800E+04,
-1.600000E+01,+7.566970E-06,+9.910000E+37,+4.527176E+03,+2.150800E+04,
-1.500000E+01,+8.669894E-06,+9.910000E+37,+4.528235E+03,+2.150800E+04,
-1.400000E+01,+9.876024E-06,+9.910000E+37,+4.529313E+03,+2.150800E+04,
-1.300000E+01,+1.117438E-05,+9.910000E+37,+4.530393E+03,+2.150800E+04,
-1.200000E+01,+1.256166E-05,+9.91000
































current through plasma (-mA) <tab> voltage across plasma (-V) <tab> time (sec)
0.787465	2318.395330	0.001000
0.786656	2318.072111	0.101000
0.786058	2318.116546	0.201000
0.785551	2318.104928	0.301000
0.785424	2317.823684	0.401000
0.785324	2317.527381	0.501000
0.785224	2317.199506	0.601000
0.785192	2316.849503	0.701000
0.785170	2316.490777	0.801000
0.785140	2316.152663	0.902000
0.785098	2315.782042	1.001000
0.785122	2315.403963	1.101000
0.785130	2315.024627	1.201000
0.785100	2314.720760	1.301000
0.785095	2314.296230	1.401000
0.785077	2313.927698	1.501000
0.785111	2313.551366	1.601000
0.785088	2313.194925	1.701000
0.785045	2312.851276	1.801000
0.785024	2312.495229	1.901000
0.785045	2312.109392	2.001000
0.785083	2311.725272	2.101000
0.785108	2311.353276	2.201000
0.785114	2311.002714	2.301000
0.785202	2310.643290	2.401000
0.785268	2310.217308	2.501000
0.785272	2309.866925	2.601000
0.785261	2309.508693	2.701000
0.785265	2309.300819	2.801000
0.785273	2309.474089	2.901000
0.785250	2308.831635	3.001000
0.785235	2308.044146	3.101000
0.785273	2307.635022	3.201000
0.785257	2307.275245	3.301000
0.785209	2306.970644	3.401000
0.785194	2306.569342	3.501000
0.785191	2306.186126	3.601000
0.785194	2305.817534	3.701000
0.785192	2305.458194	3.801000
0.785186	2305.093792	3.901000
0.785233	2304.708266	4.001000
0.785244	2304.351543	4.101000
0.785214	2303.998412	4.201000
0.785149	2303.667283	4.301000
0.785152	2303.323297	4.401000
0.785126	2303.021835	4.501000
0.785077	2302.601703	4.601000
0.785070	2302.238869	4.701000
0.785064	2301.887777	4.801000
0.785060	2301.539087	4.901000
0.785019	2301.188965	5.001000
0.784978	2300.855981	5.101000
0.784949	2300.497313	5.201000
0.784935	2300.136818	5.301000
0.784920	2299.782410	5.401000
0.784937	2299.441069	5.501000
0.784956	2299.122480	5.601000
0.785006	2298.710023	5.701000
0.784996	2298.355549	5.801000
0.784955	2298.008475	5.901000
0.784965	2297.640906	6.001000
0.784999	2297.254929	6.101000
0.785004	2296.868095	6.201000
0.784990	2296.516682	6.301000
0.785018	2296.149977	6.401000
0.785033	2295.777252	6.501000
0.785058	2295.441790	6.601000
0.785011	2295.105428	6.701000
0.784993	2294.728394	6.801000
0.785016	2294.362006	6.901000
0.785009	2293.998790	7.001000
0.785019	2293.657092	7.101000
0.785044	2293.275027	7.201000
0.785066	2292.902859	7.301000
0.785091	2292.539520	7.401000
0.785082	2292.193449	7.501000
0.785073	2291.828951	7.601000
0.785076	2291.520283	7.701000
0.785076	2291.123872	7.801000
0.785055	2290.767091	7.901000
0.785040	2290.411216	8.001000
0.785017	2290.715343	8.101000
0.785018	2290.199505	8.201000
0.785020	2289.493712	8.301000
0.784976	2289.042428	8.401000
0.784940	2288.702866	8.501000
0.784932	2288.334166	8.601000
0.784937	2287.981743	8.701000
0.784975	2287.685279	8.801000
0.785005	2287.290652	8.901000
0.785077	2286.919285	9.001000
0.785080	2286.589907	9.101000
0.785038	2286.231212	9.201000
0.785012	2285.899715	9.301000
0.785033	2285.548500	9.401000
0.785019	2285.175494	9.501000
0.785005	2284.824003	9.601000
0.785009	2284.487148	9.701000
0.785036	2284.118535	9.801000
0.785057	2283.776103	9.901000
0.785027	2283.398082	10.001000
0.785005	2283.052936	10.101000
0.785020	2282.681651	10.201000
0.785037	2282.332445	10.301000
0.785038	2281.970798	10.401000
0.785058	2281.611289	10.501000
0.785087	2281.238231	10.601000
0.785129	2280.872771	10.701000
0.785123	2280.535635	10.801000
0.785121	2280.248770	10.901000
0.785133	2279.878250	11.001000
0.785111	2279.533541	11.101000
0.785149	2279.157079	11.201000
0.785128	2278.819297	11.301000
0.785155	2278.459772	11.401000
0.785164	2278.107900	11.501000
0.785144	2277.761396	11.601000
0.785103	2277.435213	11.701000
0.785048	2277.126869	11.801000
0.785022	2276.810033	11.901000
0.785005	2276.530406	12.001000
0.784980	2276.125226	12.101000
0.784952	2275.789467	12.201000
0.784970	2275.441222	12.302000
0.785009	2275.096042	12.401000
0.785018	2274.761555	12.501000
0.784991	2274.428585	12.601000
0.784942	2274.094375	12.701000
0.784925	2273.759549	12.801000
0.784946	2273.384340	12.901000
0.784935	2273.051850	13.001000
0.784925	2272.752863	13.101000
0.784942	2272.345626	13.201000
0.784948	2272.250038	13.301000
0.784959	2272.264947	13.401000
0.784966	2271.767623	13.501000
0.784900	2271.012219	13.601000
0.784847	2270.659590	13.701000
0.784870	2270.308606	13.801000
0.784879	2269.972468	13.901000
0.784892	2269.597436	14.001000
0.784932	2269.267976	14.101000
0.784913	2268.921694	14.201000
0.784886	2268.559555	14.301000
0.784891	2268.199971	14.401000
0.784910	2267.842937	14.501000
0.784913	2267.480858	14.601000
0.784900	2267.138867	14.701000
0.784914	2266.793006	14.801000
0.784955	2266.431997	14.901000
0.785015	2266.062541	15.001000
0.785009	2265.737238	15.101000
0.785018	2265.439008	15.201000
0.784968	2265.090976	15.301000
0.784952	2264.714550	15.401000
0.784995	2264.348883	15.501000
0.785000	2264.002467	15.601000
0.785014	2263.657182	15.701000
0.785042	2263.312341	15.801000
0.785051	2262.950144	15.901000
0.784995	2262.625681	16.001000
0.785020	2262.281880	16.101000
0.785000	2261.952998	16.201000
0.784963	2261.675268	16.301000
0.784942	2261.265053	16.401000
0.784929	2260.932505	16.501000
0.784945	2260.590526	16.601000
0.784936	2260.621429	16.701000
0.784953	2260.691620	16.801000
0.784882	2259.629331	16.901000
0.784866	2259.241064	17.001000
0.784868	2258.904955	17.101000
0.784884	2258.538369	17.201000
0.784862	2258.238119	17.301000
0.784849	2257.909323	17.401000
0.784897	2257.511059	17.501000
0.784928	2257.152374	17.601000
0.784918	2256.824664	17.701000
0.784894	2256.488442	17.801000
0.784863	2256.150505	17.901000
0.784856	2255.805616	18.001000
0.784882	2255.455397	18.101000
0.784915	2255.098459	18.201000
0.784923	2254.747962	18.301000
0.784916	2254.454711	18.401000
0.784917	2254.179673	18.501000
0.784921	2254.437871	18.601000
0.784892	2253.836249	18.701000
0.784871	2253.106846	18.801000
0.784827	2252.752888	18.901000
0.784851	2252.373860	19.001000
0.784890	2252.044411	19.101000
0.784924	2251.689731	19.201000
0.784964	2251.327967	19.301000
0.784955	2250.984918	19.401000
0.784906	2250.700960	19.501000
0.784886	2250.319246	19.601000
0.784885	2249.980077	19.701000
0.784888	2249.627877	19.801000
0.784877	2249.286405	19.901000
0.784892	2248.941210	20.001000
0.784914	2248.614889	20.101000
0.784907	2248.274725	20.201000
0.784920	2247.950450	20.301000
0.784877	2247.607833	20.401000
0.784848	2247.269935	20.501000
0.784855	2246.962741	20.601000
0.784853	2246.590799	20.701000
0.784832	2246.237691	20.801000
0.784824	2245.896135	20.901000
0.784809	2245.547944	21.001000
0.784760	2245.226806	21.101000
0.784755	2244.863274	21.201000
0.784725	2244.528209	21.301000
0.784724	2244.204847	21.401000
0.784698	2243.884161	21.501000
0.784664	2243.582540	21.601000
0.784683	2243.212383	21.701000
0.784729	2242.846021	21.801000
0.784756	2242.495803	21.901000
0.784769	2242.179142	22.001000
0.784709	2241.869471	22.101000
0.784719	2241.523723	22.201000
0.784727	2241.166989	22.301000
0.784760	2240.802416	22.401000
0.784768	2240.470601	22.501000
0.784808	2240.132541	22.601000
0.784846	2239.844166	22.701000
0.784898	2239.438693	22.801000
0.784920	2239.098902	22.901000
0.784937	2238.745229	23.001000
0.784923	2238.420234	23.101000
0.784935	2238.062663	23.201000
0.784954	2237.696028	23.301000
0.784948	2237.353827	23.401000
0.784957	2237.015418	23.501000
0.784977	2236.662030	23.601000
0.784947	2236.323190	23.701000
0.784984	2236.613215	23.801000
0.784966	2236.177981	23.901000
0.784947	2235.496286	24.001000
0.784887	2234.993518	24.101000
0.784874	2234.649749	24.201000
0.784860	2234.318234	24.301000
0.784895	2233.966691	24.401000
0.784934	2233.609412	24.501000
0.784884	2233.289743	24.601000
0.784857	2232.955900	24.701000
0.784834	2232.657653	24.801000
0.784848	2232.337001	24.901000
0.784885	2231.938892	25.001000
0.784828	2231.633677	25.101000
0.784818	2231.297756	25.201000
0.784810	2230.955656	25.301000
0.784802	2230.608099	25.401000
0.784775	2230.289071	25.501000
0.784783	2229.972575	25.601000
0.784750	2229.666516	25.701000
0.784735	2229.377420	25.801000
0.784751	2229.045679	25.901000
0.784720	2228.681685	26.001000
0.784757	2228.339332	26.101000
0.784798	2227.994519	26.201000
0.784820	2227.650900	26.301000
0.784813	2227.305430	26.401000
0.784816	2226.961608	26.501000
0.784834	2226.618354	26.601000
0.784812	2226.283781	26.701000
0.784831	2225.927267	26.801000
0.784826	2225.592933	26.901000
0.784831	2225.297568	27.001000
0.784852	2224.920212	27.101000
0.784877	2224.549936	27.201000
0.784836	2224.238575	27.301000
0.784788	2223.907546	27.401000
0.784772	2223.584219	27.501000
0.784788	2223.247431	27.601000
0.784838	2222.894757	27.701000
0.784824	2222.576228	27.801000
0.784806	2222.248092	27.901000
0.784823	2221.893200	28.001000
0.784827	2221.652055	28.101000
0.784794	2221.224935	28.201000
0.784778	2220.900821	28.301000
0.784768	2220.561707	28.401000
0.784748	2220.230870	28.501000
0.784711	2219.893740	28.601000
0.784732	2219.550444	28.701000
0.784723	2219.227018	28.801000
0.784744	2218.893797	28.901000
0.784734	2218.922146	29.001000
0.784745	2218.849526	29.101000
0.784735	2218.272592	29.201000
0.784707	2217.598918	29.301000
0.784687	2217.275111	29.401000
0.784683	2216.935467	29.501000
0.784701	2216.591612	29.601000
0.784741	2216.257406	29.701000
0.784786	2215.916210	29.801000
0.784797	2215.584794	29.901000
0.784776	2215.252086	30.001000
0.784775	2214.943957	30.101000
0.784773	2214.632766	30.201000
0.784782	2214.278970	30.301000
0.784763	2213.895548	30.401000
0.784782	2213.555079	30.501000
0.784848	2213.206529	30.601000
0.784852	2212.873020	30.701000
0.784875	2212.529705	30.801000
0.784856	2212.214820	30.901000
0.784863	2211.896055	31.001000
0.784856	2211.570095	31.101000
0.784887	2211.204179	31.201000
0.784909	2210.926459	31.301000
0.784878	2210.543309	31.401000
0.784875	2210.195658	31.501000
0.784874	2209.858974	31.601000
0.784872	2209.526026	31.701000
0.784852	2209.217173	31.801000
0.784842	2208.911658	31.901000
0.784805	2208.592956	32.001000
0.784766	2208.276787	32.101000
0.784752	2207.941755	32.201000
0.784768	2207.616061	32.301000
0.784762	2207.321082	32.401000
0.784763	2206.935771	32.501000
0.784734	2206.624711	32.601000
0.784706	2206.325085	32.701000
0.784700	2206.019585	32.801000
0.784653	2205.701628	32.901000
0.784639	2205.383240	33.001000
0.784622	2205.055061	33.101000
0.784607	2204.725025	33.201000
0.784636	2204.393055	33.301000
0.784671	2204.088113	33.401000
0.784676	2203.752484	33.501000
0.784674	2203.395245	33.601000
0.784680	2203.064744	33.701000
0.784707	2202.709601	33.801000
0.784707	2202.352295	33.901000
0.784684	2202.029236	34.001000
0.784691	2201.706494	34.101000
0.784733	2201.454794	34.201000
0.784719	2201.695253	34.301000
0.784733	2201.199621	34.401000
0.784688	2200.530715	34.501000
0.784665	2200.062294	34.601000
0.784664	2199.736680	34.701000
0.784678	2199.392243	34.801000
0.784695	2199.064073	34.901000
0.784693	2198.724053	35.001000
0.784724	2198.389677	35.101000
0.784753	2198.044286	35.201000
0.784787	2197.701886	35.301000
0.784802	2197.375523	35.401000
0.784791	2197.063127	35.501000
0.784806	2196.785197	35.601000
0.784794	2196.379048	35.701000
0.784778	2196.049704	35.801000
0.784817	2195.712241	35.901000
0.784847	2195.379909	36.001000
0.784824	2195.065210	36.101000
0.784804	2194.717962	36.201000
0.784773	2194.432090	36.301000
0.784712	2194.110016	36.401000
0.784741	2193.780319	36.501000
0.784735	2193.471292	36.601000
0.784716	2193.153296	36.701000
0.784709	2192.798014	36.801000
0.784747	2192.464845	36.901000
0.784771	2192.128417	37.001000
0.784759	2191.825952	37.101000
0.784696	2191.503305	37.201000
0.784686	2191.187964	37.301000
0.784683	2190.862306	37.401000
0.784657	2190.535879	37.501000
0.784669	2190.203145	37.601000
0.784671	2189.920035	37.701000
0.784693	2189.559297	37.801000
0.784696	2189.216669	37.901000
0.784748	2188.881898	38.001000
0.784732	2188.567438	38.101000
0.784737	2188.226697	38.201000
0.784718	2187.903381	38.302000
0.784747	2187.559258	38.401000
0.784749	2187.235172	38.501000
0.784750	2186.904373	38.601000
0.784752	2186.591149	38.701000
0.784777	2186.277478	38.801000
0.784780	2185.892780	38.901000
0.784765	2185.570925	39.001000
0.784781	2185.259314	39.101000
0.784766	2184.946572	39.201000
0.784743	2184.623200	39.301000
0.784773	2184.281603	39.401000
0.784793	2184.584162	39.501000
0.784781	2184.157612	39.601000
0.784788	2183.417487	39.701000
0.784798	2182.997294	39.801000
0.784784	2182.687880	39.901000
0.784780	2182.332202	40.001000
0.784768	2182.018598	40.101000
0.784774	2181.679032	40.201000
0.784758	2181.363699	40.301000
0.784747	2181.061822	40.401000
0.784787	2180.723454	40.501000
0.784825	2180.382242	40.601000
0.784833	2180.057600	40.701000
0.784775	2179.762892	40.801000
0.784752	2179.471853	40.901000
0.784773	2179.108944	41.001000
0.784757	2178.773243	41.101000
0.784752	2178.437906	41.201000
0.784726	2178.126815	41.301000
0.784750	2177.795712	41.401000
0.784726	2177.474586	41.501000
0.784719	2177.134495	41.601000
0.784681	2176.827312	41.701000
0.784615	2176.532482	41.801000
0.784609	2176.216228	41.901000
0.784625	2175.940402	42.001000
0.784614	2175.565923	42.101000
0.784596	2175.240583	42.201000
0.784608	2174.922442	42.301000
0.784635	2174.601133	42.401000
0.784634	2174.269619	42.501000
0.784656	2173.932641	42.601000
0.784663	2173.590204	42.701000
0.784672	2173.264128	42.801000
0.784694	2172.919745	42.901000
0.784678	2172.621531	43.001000
0.784728	2172.305743	43.101000
0.784746	2171.949802	43.201000
0.784774	2171.611215	43.301000
0.784778	2171.290860	43.401000
0.784741	2170.979500	43.501000
0.784710	2170.667051	43.601000
0.784724	2170.353234	43.702000
0.784731	2170.019460	43.801000
0.784728	2169.676886	43.901000
0.784721	2169.363208	44.001000
0.784745	2169.081141	44.101000
0.784805	2168.747939	44.201000
0.784841	2168.379831	44.301000
0.784810	2168.084809	44.401000
0.784776	2167.769941	44.501000
0.784763	2167.458185	44.601000
0.784783	2167.493405	44.701000
0.784773	2167.455236	44.801000
0.784735	2166.778392	44.901000
0.784735	2166.166168	45.001000
0.784742	2165.844432	45.101000
0.784772	2165.563528	45.201000
0.784764	2165.210462	45.301000
0.784738	2164.883139	45.401000
0.784710	2164.566004	45.501000
0.784710	2164.238320	45.601000
0.784714	2163.914967	45.701000
0.784718	2163.588570	45.801000
0.784673	2163.308711	45.901000
0.784670	2162.968777	46.001000
0.784677	2162.645135	46.101000
0.784695	2162.293798	46.201000
0.784673	2162.044728	46.301000
0.784652	2161.682002	46.401000
0.784621	2161.371115	46.501000
0.784622	2161.035260	46.601000
0.784602	2160.746799	46.701000
0.784628	2160.418652	46.801000
0.784615	2160.067990	46.901000
0.784621	2159.742501	47.001000
0.784655	2159.411889	47.101000
0.784642	2159.111831	47.201000
0.784665	2158.808827	47.301000
0.784649	2158.532250	47.401000
0.784608	2158.199213	47.501000
0.784620	2157.855473	47.601000
0.784628	2157.525259	47.701000
0.784675	2157.194383	47.801000
0.784707	2156.863615	47.901000
0.784719	2156.525052	48.001000
0.784696	2156.222963	48.101000
0.784691	2155.904565	48.201000
0.784709	2155.576573	48.301000
0.784730	2155.289764	48.401000
0.784734	2154.930528	48.501000
0.784705	2154.603701	48.601000
0.784695	2154.287435	48.701000
0.784712	2153.965644	48.801000
0.784710	2153.648721	48.901000
0.784676	2153.339086	49.001000
0.784629	2153.039383	49.101000
0.784588	2152.740880	49.201000
0.784572	2152.430774	49.301000
0.784588	2152.102696	49.401000
0.784604	2151.859103	49.501000
0.784552	2151.487863	49.601000
0.784566	2151.177209	49.701000
0.784600	2150.836448	49.801000
0.784628	2150.684929	49.901000
0.784629	2150.935944	50.001000
0.784611	2150.311247	50.101000
0.784616	2149.581351	50.201000
0.784604	2149.258797	50.301000
0.784615	2148.929840	50.401000
0.784618	2148.637647	50.501000
0.784613	2148.348269	50.601000
0.784614	2147.983752	50.701000
0.784631	2147.655963	50.801000
0.784644	2147.338588	50.901000
0.784600	2147.036906	51.002000
0.784603	2146.733433	51.101000
0.784609	2146.418711	51.201000
0.784641	2146.081563	51.301000
0.784635	2145.764552	51.401000
0.784674	2145.447489	51.501000
0.784713	2145.172259	51.601000
0.784795	2144.817746	51.701000
0.784792	2144.473171	51.801000
0.784765	2144.159008	51.901000
0.784761	2143.864144	52.002000
0.784753	2143.576643	52.101000
0.784780	2143.218124	52.201000
0.784763	2142.907426	52.301000
0.784799	2142.576733	52.401000
0.784795	2142.270118	52.501000
0.784807	2141.955570	52.601000
0.784796	2141.699478	52.701000
0.784771	2141.327077	52.801000
0.784744	2141.014310	52.901000
0.784716	2140.699231	53.001000
0.784688	2140.382486	53.101000
0.784684	2140.057051	53.201000
0.784678	2139.729646	53.301000
0.784683	2139.432046	53.401000
0.784713	2139.107740	53.501000
0.784709	2138.801477	53.601000
0.784654	2138.486636	53.701000
0.784637	2138.246167	53.801000
0.784613	2137.897712	53.901000
0.784602	2137.587598	54.001000
0.784566	2137.312590	54.101000
0.784570	2136.978700	54.201000
0.784590	2136.659834	54.301000
0.784588	2136.348331	54.401000
0.784624	2136.036558	54.501000
0.784623	2135.732701	54.601000
0.784621	2135.422886	54.701000
0.784607	2135.152047	54.801000
0.784592	2134.856972	54.901000
0.784564	2134.502968	55.001000
0.784587	2134.316586	55.101000
0.784591	2134.581591	55.201000
0.784625	2133.918627	55.301000
0.784697	2133.220623	55.401000
0.784747	2132.880801	55.501000
0.784770	2132.565284	55.601000
0.784743	2132.254902	55.701000
0.784717	2131.965970	55.801000
0.784730	2131.689857	55.901000
0.784761	2131.351391	56.001000
0.784759	2131.017918	56.101000
0.784761	2130.679849	56.201000
0.784793	2130.360019	56.301000
0.784793	2130.044832	56.401000
0.784772	2129.731575	56.501000
0.784719	2129.421813	56.601000
0.784696	2129.096645	56.701000
0.784681	2128.791634	56.801000
0.784707	2128.457302	56.901000
0.784694	2128.196332	57.001000
0.784713	2127.837861	57.101000
0.784703	2127.544220	57.201000
0.784737	2127.200389	57.301000
0.784749	2126.884265	57.401000
0.784746	2126.579557	57.501000
0.784739	2126.271773	57.601000
0.784712	2125.963309	57.701000
0.784688	2125.661664	57.801000
0.784668	2125.348183	57.901000
0.784644	2125.052596	58.001000
0.784686	2124.779727	58.101000
0.784717	2124.400216	58.201000
0.784697	2124.084286	58.301000
0.784660	2123.779189	58.401000
0.784625	2123.485963	58.501000
0.784627	2123.185563	58.601000
0.784617	2122.866593	58.701000
0.784621	2122.549321	58.801000
0.784599	2122.233657	58.901000
0.784625	2121.919706	59.001000
0.784696	2121.627226	59.101000
0.784769	2121.298209	59.201000
0.784830	2120.942138	59.301000
0.784825	2120.642471	59.401000
0.784806	2120.333960	59.501000
0.784833	2120.008011	59.601000
0.784846	2119.685694	59.701000
0.784862	2119.343820	59.801000
0.784871	2119.034735	59.901000
0.784874	2118.732240	60.001000
0.784898	2118.417234	60.101000
0.784920	2118.126175	60.201000
0.784920	2117.825538	60.301000
0.784934	2118.158672	60.401000
0.784912	2117.639167	60.501000
0.784891	2116.864003	60.601000
0.784881	2116.543287	60.701000
0.784854	2116.229183	60.801000
0.784854	2115.925462	60.901000
0.784837	2115.619158	61.001000
0.784851	2115.303907	61.101000
0.784824	2114.996895	61.201000
0.784856	2114.734590	61.301000
0.784806	2114.378855	61.401000
0.784799	2114.082433	61.501000
0.784797	2113.761797	61.601000
0.784782	2113.455110	61.701000
0.784753	2113.133638	61.801000
0.784741	2112.831551	61.901000
0.784734	2112.527908	62.001000
0.784748	2112.230980	62.101000
0.784717	2111.904348	62.201000
0.784688	2111.610493	62.301000
0.784678	2111.380636	62.401000
0.784634	2111.024798	62.501000
0.784606	2110.709831	62.601000
0.784596	2110.388471	62.701000
0.784628	2110.064498	62.801000
0.784688	2109.745310	62.901000
0.784721	2109.425555	63.001000
0.784740	2109.121633	63.101000
0.784704	2108.812153	63.201000
0.784720	2108.493241	63.301000
0.784730	2108.206381	63.401000
0.784718	2107.901728	63.501000
0.784684	2107.563121	63.601000
0.784702	2107.241818	63.701000
0.784723	2106.932738	63.801000
0.784757	2106.621799	63.901000
0.784779	2106.294861	64.001000
0.784765	2105.998974	64.101000
0.784762	2105.691474	64.201000
0.784758	2105.369068	64.301000
0.784763	2105.043942	64.401000
0.784818	2104.771002	64.501000
0.784866	2104.384999	64.601000
0.784851	2104.090926	64.701000
0.784876	2103.781759	64.801000
0.784857	2103.468527	64.901000
0.784850	2103.147123	65.001000
0.784805	2102.853477	65.101000
0.784785	2102.556832	65.201000
0.784766	2102.251773	65.301000
0.784749	2101.948633	65.401000
0.784738	2101.637181	65.501000
0.784744	2101.974449	65.601000
0.784747	2101.553278	65.701000
0.784746	2100.864969	65.801000
0.784763	2100.407783	65.901000
0.784780	2100.082291	66.001000
0.784718	2099.810464	66.101000
0.784655	2099.505077	66.201000
0.784635	2099.213034	66.301000
0.784654	2098.898448	66.401000
0.784635	2098.585755	66.501000
0.784682	2098.298673	66.601000
0.784692	2098.004053	66.701000
0.784755	2097.656515	66.801000
0.784809	2097.337023	66.901000
0.784781	2097.038343	67.001000
0.784772	2096.745393	67.101000
0.784798	2096.413334	67.201000
0.784801	2096.092135	67.301000
0.784834	2095.761641	67.401000
0.784843	2095.437808	67.501000
0.784827	2095.144305	67.601000
0.784868	2094.863720	67.701000
0.784907	2094.499439	67.801000
0.784929	2094.155489	67.901000
0.784930	2093.845096	68.001000
0.784915	2093.572877	68.101000
0.784918	2093.239005	68.201000
0.784892	2092.945365	68.301000
0.784868	2092.633050	68.401000
0.784877	2092.313646	68.501000
0.784897	2092.041860	68.601000
0.784950	2091.715370	68.701000
0.784981	2091.414897	68.801000
0.784993	2091.057894	68.901000
0.784958	2090.772844	69.001000
0.784967	2090.457316	69.101000
0.784997	2090.163965	69.201000
0.785006	2089.841445	69.301000
0.785000	2089.525714	69.401000
0.784945	2089.243192	69.501000
0.784952	2088.937649	69.601000
0.784957	2088.620256	69.701000
0.784959	2088.339229	69.801000
0.784920	2088.027716	69.901000
0.784892	2087.692791	70.001000
0.784868	2087.395327	70.101000
0.784887	2087.054876	70.201000
0.784874	2086.743338	70.301000
0.784805	2086.463309	70.401000
0.784836	2086.149932	70.501000
0.784904	2085.845075	70.601000
0.784961	2085.532786	70.701000
0.784918	2085.740283	70.801000
0.784969	2085.488454	70.901000
0.784938	2084.823073	71.001000
0.784902	2084.320964	71.101000
0.784901	2084.001286	71.201000
0.784871	2083.704875	71.301000
0.784869	2083.390274	71.401000
0.784866	2083.094551	71.501000
0.784921	2082.770581	71.601000
0.784945	2082.463850	71.701000
0.784948	2082.150676	71.801000
0.784922	2081.855703	71.901000
0.785000	2081.567152	72.001000
0.785036	2081.203193	72.101000
0.785062	2080.862355	72.201000
0.785047	2080.555875	72.301000
0.785045	2080.254904	72.401000
0.785062	2079.939891	72.501000
0.785061	2079.642197	72.601000
0.785101	2079.323105	72.701000
0.785104	2079.043641	72.801000
0.785069	2078.731633	72.901000
0.785061	2078.416370	73.001000
0.785145	2078.119858	73.101000
0.785152	2077.755723	73.201000
0.785172	2077.440990	73.301000
0.785167	2077.144016	73.401000
0.785174	2076.850405	73.501000
0.785174	2076.559504	73.601000
0.785196	2076.263679	73.701000
0.785174	2075.973733	73.801000
0.785125	2075.685761	73.901000
0.785101	2075.386620	74.001000
0.785158	2075.078815	74.101000
0.785228	2074.698808	74.201000
0.785238	2074.371631	74.301000
0.785269	2074.066540	74.401000
0.785276	2073.760991	74.501000
0.785321	2073.462310	74.601000
0.785335	2073.158541	74.701000
0.785315	2072.871329	74.801000
0.785312	2072.562294	74.901000
0.785303	2072.250476	75.001000
0.785321	2071.941971	75.101000
0.785454	2071.592353	75.201000
0.785508	2071.207924	75.301000
0.785490	2070.909575	75.401000
0.785525	2070.582888	75.501000
0.785515	2070.284691	75.601000
0.785513	2069.989536	75.701000
0.785507	2069.687811	75.801000
0.785488	2069.395562	75.901000
0.785491	2069.387455	76.001000
0.785511	2069.409571	76.101000
0.785531	2068.830937	76.201000
0.785687	2068.086175	76.301000
0.785738	2067.706662	76.401000
0.785784	2067.390039	76.501000
0.785767	2067.105529	76.601000
0.785800	2066.801869	76.701000
0.785836	2066.491064	76.808000
0.785857	2066.908531	76.901000
0.785873	2066.355330	77.001000
0.785853	2065.573508	77.101000
0.785843	2065.268331	77.201000
0.785911	2064.936701	77.301000
0.786051	2064.561433	77.401000
0.786039	2064.242890	77.501000
0.785991	2063.958550	77.601000
0.785978	2063.680886	77.701000
0.785962	2063.384257	77.801000
0.785960	2063.083723	77.901000
0.785960	2062.816949	78.001000
0.785957	2062.471779	78.101000
0.785944	2062.166303	78.201000
0.785960	2061.863381	78.301000
0.785973	2061.628649	78.401000
0.786008	2061.270835	78.501000
0.785974	2061.000083	78.601000
0.785948	2060.723357	78.701000
0.785940	2060.425703	78.801000
0.785958	2060.129744	78.901000
0.785959	2059.837910	79.001000
0.785944	2059.533124	79.101000
0.785891	2059.247311	79.201000
0.785865	2058.961445	79.301000
0.785892	2058.679085	79.401000
0.785898	2058.401858	79.501000
0.785906	2058.081793	79.601000
0.785895	2057.783048	79.701000
0.785885	2057.467801	79.801000
0.785901	2057.173418	79.901000
0.785888	2056.880399	80.001000
0.785867	2056.583282	80.101000
0.785876	2056.276228	80.201000
0.785895	2055.960066	80.301000
0.785889	2055.657996	80.401000
0.785887	2055.410446	80.501000
0.785865	2055.072290	80.601000
0.785853	2054.781865	80.701000
0.785849	2054.490545	80.801000
0.785870	2054.184923	80.901000
0.785931	2053.868607	81.001000
0.785936	2053.574743	81.101000
0.785938	2053.273812	81.201000
0.785939	2053.726312	81.301000
0.785958	2053.147897	81.401000
0.785968	2052.440742	81.501000
0.785950	2052.157357	81.601000
0.785956	2051.818810	81.701000
0.785943	2051.525503	81.801000
0.785944	2051.243979	81.901000
0.785991	2050.920754	82.001000
0.785954	2050.638875	82.101000
0.785950	2050.331373	82.201000
0.785956	2050.078381	82.301000
0.785978	2049.739974	82.401000
0.785991	2049.430109	82.501000
0.786006	2049.187007	82.601000
0.786016	2048.876885	82.701000
0.785998	2048.555381	82.801000
0.786000	2048.254859	82.901000
0.786012	2047.969193	83.001000
0.785993	2047.673839	83.101000
0.785953	2047.384337	83.201000
0.785928	2047.114445	83.301000
0.785932	2046.789542	83.401000
0.785948	2046.488347	83.501000
0.785926	2046.207957	83.601000
0.785904	2045.986203	83.701000
0.785861	2045.664133	83.801000
0.785862	2045.376815	83.901000
0.785864	2045.077494	84.001000
0.785873	2044.780993	84.101000
0.785842	2044.481643	84.201000
0.785841	2044.189814	84.301000
0.785849	2043.901740	84.401000
0.785850	2043.614161	84.501000
0.785853	2043.331841	84.601000
0.785883	2043.044775	84.701000
0.785878	2042.786165	84.801000
0.785869	2042.437450	84.901000
0.785884	2042.121912	85.001000
0.785869	2041.837965	85.101000
0.785841	2041.538670	85.201000
0.785866	2041.219766	85.301000
0.785873	2040.929517	85.401000
0.785865	2040.656811	85.501000
0.785816	2040.395644	85.601000
0.785774	2040.140013	85.701000
0.785772	2039.891445	85.801000
0.785786	2039.577046	85.901000
0.785784	2039.250104	86.001000
0.785792	2038.947255	86.101000
0.785817	2038.637392	86.201000
0.785819	2038.330679	86.301000
0.785812	2038.039717	86.401000
0.785808	2038.352960	86.501000
0.785808	2038.007400	86.601000
0.785828	2037.339631	86.701000
0.785818	2036.875892	86.801000
0.785823	2036.644614	86.901000
0.785840	2036.273233	87.001000
0.785846	2035.984147	87.101000
0.785825	2035.703278	87.201000
0.785819	2035.405895	87.301000
0.785817	2035.104135	87.401000
0.785825	2034.815410	87.501000
0.785809	2034.542256	87.601000
0.785806	2034.278908	87.701000
0.785769	2033.996042	87.801000
0.785748	2033.735509	87.901000
0.785727	2033.450191	88.001000
0.785707	2033.119730	88.101000
0.785715	2032.830729	88.201000
0.785702	2032.533848	88.301000
0.785709	2032.240717	88.401000
0.785691	2031.970938	88.501000
0.785677	2031.663907	88.601000
0.785703	2031.376967	88.701000
0.785698	2031.079501	88.801000
0.785683	2030.785435	88.901000
0.785702	2030.541285	89.001000
0.785721	2030.190624	89.101000
0.785670	2029.917780	89.201000
0.785624	2029.634479	89.301000
0.785646	2029.330544	89.401000
0.785645	2029.037940	89.501000
0.785656	2028.765199	89.601000
0.785649	2028.494547	89.701000
0.785669	2028.199988	89.801000
0.785642	2027.914553	89.901000
0.785637	2027.622969	90.001000
0.785658	2027.364915	90.101000
0.785661	2027.016801	90.201000
0.785702	2026.714971	90.301000
0.785712	2026.416854	90.401000
0.785745	2026.123757	90.501000
0.785754	2025.835821	90.601000
0.785762	2025.548100	90.701000
0.785759	2025.250953	90.801000
0.785744	2024.962252	90.901000
0.785759	2024.668177	91.001000
0.785782	2024.432340	91.101000
0.785824	2024.078439	91.201000
0.785811	2023.779884	91.301000
0.785821	2023.481819	91.401000
0.785857	2023.186733	91.501000
0.785873	2022.904691	91.601000
0.785858	2023.118529	91.701000
0.785860	2022.884500	91.801000
0.785853	2022.295563	91.901000
0.785905	2021.732845	92.001000
0.785889	2021.455045	92.101000
0.785880	2021.200234	92.201000
0.785881	2020.865190	92.301000
0.785903	2020.568797	92.401000
0.785887	2020.277713	92.501000
0.785872	2020.007140	92.601000
0.785867	2019.714282	92.701000
0.785814	2019.436141	92.801000
0.785771	2019.164212	92.901000
0.785743	2018.886112	93.001000
0.785764	2018.578903	93.101000
0.785756	2018.326203	93.201000
0.785732	2018.021182	93.301000
0.785716	2017.717488	93.401000
0.785695	2017.416528	93.501000
0.785662	2017.133400	93.601000
0.785650	2016.881591	93.701000
0.785656	2016.591542	93.801000
0.785646	2016.318323	93.901000
0.785612	2016.057134	94.001000
0.785581	2015.774693	94.101000
0.785585	2015.476453	94.201000
0.785579	2015.255794	94.301000
0.785587	2014.908773	94.401000
0.785596	2014.612608	94.501000
0.785596	2014.322461	94.601000
0.785588	2014.054724	94.701000
0.785635	2013.748793	94.801000
0.785619	2013.465335	94.901000
0.785635	2013.157988	95.001000
0.785630	2012.867696	95.101000
0.785624	2012.565583	95.201000
0.785622	2012.301381	95.301000
0.785618	2012.005468	95.401000
0.785618	2011.670964	95.501000
0.785665	2011.359191	95.601000
0.785651	2011.082770	95.701000
0.785631	2010.811400	95.801000
0.785603	2010.531316	95.901000
0.785582	2010.245924	96.001000
