-7.000000E+01,-1.031500E-06,+9.910000E+37,+4.302621E+03,+2.150800E+04,
-6.900000E+01,-9.731666E-07,+9.910000E+37,+4.303683E+03,+2.150800E+04,
-6.800000E+01,-9.291484E-07,+9.910000E+37,+4.304741E+03,+2.150800E+04,
-6.700000E+01,-8.875171E-07,+9.910000E+37,+4.305800E+03,+2.150800E+04,
-6.600000E+01,-8.458665E-07,+9.910000E+37,+4.306860E+03,+2.150800E+04,
-6.500000E+01,-8.037460E-07,+9.910000E+37,+4.307920E+03,+2.150800E+04,
-6.400000E+01,-7.604800E-07,+9.910000E+37,+4.308980E+03,+2.150800E+04,
-6.300000E+01,-7.165562E-07,+9.910000E+37,+4.310038E+03,+2.150800E+04,
-6.200000E+01,-6.725923E-07,+9.910000E+37,+4.311098E+03,+2.150800E+04,
-6.100000E+01,-6.271740E-07,+9.910000E+37,+4.312153E+03,+2.150800E+04,
-6.000000E+01,-5.807913E-07,+9.910000E+37,+4.313211E+03,+2.150800E+04,
-5.900000E+01,-5.333479E-07,+9.910000E+37,+4.314271E+03,+2.150800E+04,
-5.800000E+01,-4.850963E-07,+9.910000E+37,+4.315350E+03,+2.150800E+04,
-5.700000E+01,-4.358852E-07,+9.910000E+37,+4.316429E+03,+2.150800E+04,
-5.600000E+01,-3.848056E-07,+9.910000E+37,+4.317488E+03,+2.150800E+04,
-5.500000E+01,-3.332712E-07,+9.910000E+37,+4.318546E+03,+2.150800E+04,
-5.400000E+01,-2.793882E-07,+9.910000E+37,+4.319624E+03,+2.150800E+04,
-5.300000E+01,-2.247327E-07,+9.910000E+37,+4.320684E+03,+2.150800E+04,
-5.200000E+01,-1.681127E-07,+9.910000E+37,+4.321743E+03,+2.150800E+04,
-5.100000E+01,-1.098260E-07,+9.910000E+37,+4.322802E+03,+2.150800E+04,
-5.000000E+01,-4.896354E-08,+9.910000E+37,+4.323865E+03,+2.150800E+04,
-4.900000E+01,+1.353383E-08,+9.910000E+37,+4.324942E+03,+2.150800E+04,
-4.800000E+01,+7.867238E-08,+9.910000E+37,+4.326021E+03,+2.150800E+04,
-4.700000E+01,+1.464571E-07,+9.910000E+37,+4.327099E+03,+2.150800E+04,
-4.600000E+01,+2.175546E-07,+9.910000E+37,+4.328157E+03,+2.150800E+04,
-4.500000E+01,+2.925811E-07,+9.910000E+37,+4.329217E+03,+2.150800E+04,
-4.400000E+01,+3.713896E-07,+9.910000E+37,+4.330290E+03,+2.150800E+04,
-4.300000E+01,+4.542735E-07,+9.910000E+37,+4.331372E+03,+2.150800E+04,
-4.200000E+01,+5.435455E-07,+9.910000E+37,+4.332431E+03,+2.150800E+04,
-4.100000E+01,+6.364434E-07,+9.910000E+37,+4.333491E+03,+2.150800E+04,
-4.000000E+01,+7.341387E-07,+9.910000E+37,+4.334550E+03,+2.150800E+04,
-3.900000E+01,+8.393832E-07,+9.910000E+37,+4.335609E+03,+2.150800E+04,
-3.800000E+01,+9.559906E-07,+9.910000E+37,+4.336669E+03,+2.150800E+04,
-3.700000E+01,+1.086894E-06,+9.910000E+37,+4.337727E+03,+2.150800E+04,
-3.600000E+01,+1.232150E-06,+9.910000E+37,+4.338787E+03,+2.150800E+04,
-3.500000E+01,+1.394155E-06,+9.910000E+37,+4.339871E+03,+2.150800E+04,
-3.400000E+01,+1.575815E-06,+9.910000E+37,+4.340930E+03,+2.150800E+04,
-3.300000E+01,+1.780001E-06,+9.910000E+37,+4.342011E+03,+2.150800E+04,
-3.200000E+01,+2.007940E-06,+9.910000E+37,+4.343072E+03,+2.150800E+04,
-3.100000E+01,+2.263363E-06,+9.910000E+37,+4.344131E+03,+2.150800E+04,
-3.000000E+01,+2.549138E-06,+9.910000E+37,+4.345192E+03,+2.150800E+04,
-2.900000E+01,+2.870053E-06,+9.910000E+37,+4.346255E+03,+2.150800E+04,
-2.800000E+01,+3.226017E-06,+9.910000E+37,+4.347312E+03,+2.150800E+04,
-2.700000E+01,+3.619417E-06,+9.910000E+37,+4.348369E+03,+2.150800E+04,
-2.600000E+01,+4.050241E-06,+9.910000E+37,+4.349428E+03,+2.150800E+04,
-2.500000E+01,+4.522208E-06,+9.910000E+37,+4.350506E+03,+2.150800E+04,
-2.400000E+01,+5.031338E-06,+9.910000E+37,+4.351565E+03,+2.150800E+04,
-2.300000E+01,+5.577671E-06,+9.910000E+37,+4.352649E+03,+2.150800E+04,
-2.200000E+01,+6.159569E-06,+9.910000E+37,+4.353708E+03,+2.150800E+04,
-2.100000E+01,+6.777307E-06,+9.910000E+37,+4.354770E+03,+2.150800E+04,
-2.000000E+01,+7.433601E-06,+9.910000E+37,+4.355829E+03,+2.150800E+04,
-1.900000E+01,+8.143723E-06,+9.910000E+37,+4.356889E+03,+2.150800E+04,
-1.800000E+01,+8.929949E-06,+9.910000E+37,+4.357966E+03,+2.150800E+04,
-1.700000E+01,+9.804432E-06,+9.910000E+37,+4.359022E+03,+2.150800E+04,
-1.600000E+01,+1.078244E-05,+9.910000E+37,+4.360080E+03,+2.150800E+04,
-1.500000E+01,+1.191143E-05,+9.910000E+37,+4.361140E+03,+2.150800E+04,
-1.400000E+01,+1.331234E-05,+9.910000E+37,+4.362200E+03,+2.150800E+04,
-1.300000E+01,+1.509260E-05,+9.910000E+37,+4.363261E+03,+2.150800E+04,
-1.200000E+01,+1.733456E-05,+9.91000
































current through plasma (-mA) <tab> voltage across plasma (-V) <tab> time (sec)
0.566224	2506.265691	0.001000
0.567997	2505.150840	0.101000
0.567561	2505.156954	0.201000
0.567214	2505.044760	0.301000
0.567178	2504.700165	0.401000
0.567130	2504.322696	0.501000
0.567130	2503.915733	0.601000
0.567111	2503.552531	0.701000
0.567098	2503.116596	0.801000
0.567058	2502.718734	0.901000
0.567017	2502.342474	1.001000
0.567048	2501.934179	1.101000
0.567073	2501.500975	1.201000
0.567052	2501.131915	1.301000
0.567017	2500.665202	1.402000
0.567051	2500.217619	1.501000
0.567048	2499.790102	1.601000
0.567019	2499.383210	1.701000
0.567011	2498.971831	1.801000
0.567019	2498.543881	1.901000
0.567054	2498.102752	2.001000
0.567034	2497.693366	2.101000
0.567061	2497.244855	2.201000
0.567045	2496.856469	2.301000
0.567052	2496.425790	2.401000
0.567106	2495.969620	2.501000
0.567094	2496.239253	2.601000
0.567145	2495.617676	2.701000
0.567141	2494.792779	2.801000
0.567144	2494.251816	2.901000
0.567116	2493.833506	3.001000
0.567095	2493.420375	3.101000
0.567105	2493.013154	3.201000
0.567125	2492.608330	3.301000
0.567132	2492.224214	3.401000
0.567085	2491.765296	3.501000
0.567096	2491.330395	3.601000
0.567064	2490.923459	3.701000
0.567067	2490.863609	3.801000
0.567067	2490.885691	3.901000
0.566988	2489.742254	4.001000
0.566988	2489.293910	4.101000
0.566969	2488.885893	4.201000
0.566983	2488.481287	4.301000
0.566970	2488.021876	4.401000
0.566940	2487.656416	4.501000
0.566914	2487.191312	4.601000
0.566937	2486.744537	4.701000
0.566959	2486.306053	4.801000
0.566928	2485.892246	4.901000
0.566974	2485.453763	5.001000
0.566955	2485.046284	5.101000
0.567001	2484.638826	5.201000
0.567064	2484.208349	5.301000
0.567150	2483.757668	5.401000
0.567153	2483.356124	5.501000
0.567144	2482.935571	5.601000
0.567170	2482.462243	5.701000
0.567139	2482.023375	5.801000
0.567131	2481.594787	5.901000
0.567120	2481.153888	6.001000
0.567117	2480.719376	6.101000
0.567088	2480.301644	6.201000
0.567121	2479.863733	6.301000
0.567149	2479.444954	6.401000
0.567148	2479.027035	6.501000
0.567129	2478.679197	6.601000
0.567114	2478.233092	6.701000
0.567161	2477.798703	6.801000
0.567166	2477.380008	6.901000
0.567147	2476.948630	7.001000
0.567184	2476.516399	7.101000
0.567109	2476.102092	7.201000
0.567088	2475.693222	7.301000
0.567064	2475.270583	7.401000
0.567017	2474.832664	7.501000
0.567020	2474.420504	7.601000
0.567029	2474.052573	7.701000
0.567040	2473.914546	7.801000
0.567079	2473.719953	7.901000
0.567101	2473.019908	8.001000
0.567163	2472.275635	8.101000
0.567182	2471.848137	8.201000
0.567151	2471.415461	8.301000
0.567155	2470.987662	8.401000
0.567164	2470.543020	8.501000
0.567167	2470.117892	8.601000
0.567192	2469.733944	8.701000
0.567201	2469.311122	8.801000
0.567237	2468.851370	8.901000
0.567203	2468.402794	9.001000
0.567174	2467.992407	9.101000
0.567212	2467.554807	9.201000
0.567200	2467.131961	9.301000
0.567191	2466.723907	9.401000
0.567266	2466.283684	9.501000
0.567320	2465.848359	9.601000
0.567322	2465.446486	9.701000
0.567304	2465.084912	9.801000
0.567280	2464.586305	9.901000
0.567264	2464.172558	10.001000
0.567218	2463.759126	10.101000
0.567188	2463.338195	10.201000
0.567173	2462.908260	10.301000
0.567193	2462.483502	10.401000
0.567178	2462.075814	10.501000
0.567204	2461.648080	10.601000
0.567185	2461.236934	10.701000
0.567144	2460.877811	10.801000
0.567169	2460.485888	10.901000
0.567158	2460.018913	11.001000
0.567172	2459.595246	11.101000
0.567149	2459.177112	11.201000
0.567177	2458.726953	11.301000
0.567123	2458.317522	11.401000
0.567138	2457.887526	11.501000
0.567178	2457.469122	11.601000
0.567205	2457.020796	11.701000
0.567198	2456.603568	11.801000
0.567208	2456.225465	11.901000
0.567230	2455.902414	12.001000
0.567248	2455.346753	12.101000
0.567163	2454.925662	12.201000
0.567139	2454.501418	12.301000
0.567129	2454.057633	12.401000
0.567116	2453.632943	12.501000
0.567164	2453.213261	12.601000
0.567208	2452.770870	12.701000
0.567196	2452.357485	12.801000
0.567205	2451.949686	12.901000
0.567204	2451.788734	13.001000
0.567222	2451.708919	13.101000
0.567288	2451.163303	13.201000
0.567298	2450.342038	13.301000
0.567283	2449.854021	13.401000
0.567277	2449.435402	13.501000
0.567289	2449.025092	13.601000
0.567328	2448.624537	13.701000
0.567391	2448.170397	13.801000
0.567330	2447.762442	13.901000
0.567291	2447.366248	14.001000
0.567295	2447.006217	14.101000
0.567266	2446.528421	14.201000
0.567225	2446.124374	14.301000
0.567189	2445.718930	14.401000
0.567131	2445.317421	14.501000
0.567123	2444.899140	14.601000
0.567190	2444.475208	14.701000
0.567216	2444.065230	14.801000
0.567187	2443.658264	14.901000
0.567156	2443.278769	15.001000
0.567143	2442.907894	15.101000
0.567133	2442.513432	15.201000
0.567091	2442.070671	15.301000
0.567121	2441.628477	15.401000
0.567122	2441.203146	15.501000
0.567137	2440.786374	15.601000
0.567112	2440.363078	15.701000
0.567118	2439.949494	15.801000
0.567116	2439.516797	15.901000
0.567128	2439.089049	16.001000
0.567146	2438.680575	16.101000
0.567184	2438.301545	16.201000
0.567244	2437.846567	16.301000
0.567210	2437.435816	16.401000
0.567249	2437.046376	16.501000
0.567263	2436.646186	16.601000
0.567245	2436.216868	16.701000
0.567215	2435.818777	16.801000
0.567219	2435.397825	16.901000
0.567267	2434.971561	17.001000
0.567256	2434.571240	17.101000
0.567230	2434.168194	17.201000
0.567234	2433.799400	17.301000
0.567224	2433.311712	17.401000
0.567197	2432.898547	17.501000
0.567154	2432.497512	17.601000
0.567140	2432.073115	17.701000
0.567097	2431.677233	17.801000
0.567071	2431.300203	17.901000
0.567079	2430.906677	18.001000
0.567073	2430.479966	18.101000
0.567033	2430.078556	18.201000
0.567048	2430.120937	18.301000
0.567054	2429.938480	18.401000
0.567080	2429.122055	18.501000
0.567092	2428.435042	18.601000
0.567066	2428.040275	18.701000
0.567095	2427.628839	18.801000
0.567141	2427.210345	18.901000
0.567158	2426.775617	19.001000
0.567173	2426.371324	19.101000
0.567200	2425.962358	19.201000
0.567170	2425.572576	19.301000
0.567189	2425.155194	19.401000
0.567245	2424.721552	19.501000
0.567236	2424.284072	19.601000
0.567233	2423.871969	19.701000
0.567261	2423.455977	19.801000
0.567280	2423.043901	19.901000
0.567261	2422.636841	20.001000
0.567235	2422.254518	20.101000
0.567212	2421.857586	20.201000
0.567197	2421.478028	20.301000
0.567187	2421.043602	20.402000
0.567160	2420.696712	20.501000
0.567166	2420.249026	20.601000
0.567141	2419.859673	20.701000
0.567097	2419.483484	20.801000
0.567123	2419.083192	20.901000
0.567141	2418.684949	21.001000
0.567141	2418.280971	21.101000
0.567094	2417.881423	21.201000
0.567122	2417.474322	21.301000
0.567095	2417.067676	21.401000
0.567040	2416.664461	21.501000
0.567009	2416.324611	21.601000
0.566917	2415.876228	21.701000
0.566835	2415.478645	21.801000
0.566834	2415.067111	21.901000
0.566845	2414.658732	22.001000
0.566840	2414.270928	22.101000
0.566830	2413.839707	22.201000
0.566914	2413.442236	22.301000
0.566982	2413.033925	22.401000
0.566986	2412.615168	22.501000
0.566958	2412.235397	22.601000
0.566962	2411.827676	22.701000
0.566965	2411.370092	22.801000
0.566940	2410.976466	22.901000
0.566954	2410.574882	23.001000
0.567003	2410.176034	23.101000
0.567043	2409.755585	23.201000
0.567044	2409.349346	23.301000
0.567040	2408.956108	23.401000
0.567055	2408.841945	23.501000
0.567074	2408.767028	23.601000
0.567066	2408.123034	23.701000
0.567012	2407.379966	23.801000
0.566989	2406.975967	23.901000
0.566960	2406.578320	24.001000
0.566951	2406.193036	24.101000
0.566963	2405.779030	24.201000
0.566957	2405.367310	24.301000
0.566909	2404.964914	24.401000
0.566896	2404.584418	24.501000
0.566914	2404.182994	24.601000
0.566961	2403.767246	24.701000
0.566963	2403.397296	24.801000
0.566936	2402.982170	24.901000
0.566925	2402.566969	25.001000
0.566931	2402.190349	25.101000
0.566937	2401.796101	25.201000
0.566958	2401.393144	25.301000
0.566957	2401.010316	25.401000
0.566966	2400.617845	25.501000
0.566953	2400.235552	25.601000
0.566940	2399.837799	25.701000
0.566932	2399.417034	25.801000
0.566944	2399.074319	25.901000
0.566949	2398.625946	26.001000
0.566931	2398.242726	26.101000
0.566960	2397.809296	26.201000
0.566994	2397.402303	26.301000
0.567031	2396.999702	26.401000
0.567034	2396.601904	26.501000
0.567016	2396.188624	26.601000
0.567017	2395.819332	26.701000
0.566991	2395.458880	26.801000
0.567033	2395.074114	26.901000
0.567055	2394.695629	27.001000
0.567049	2394.304048	27.101000
0.567086	2393.857133	27.201000
0.567066	2393.446375	27.301000
0.567046	2393.055006	27.401000
0.567036	2392.665549	27.501000
0.566963	2392.302514	27.601000
0.566970	2391.898001	27.701000
0.566972	2391.501962	27.801000
0.566965	2391.107905	27.901000
0.566992	2390.744792	28.001000
0.566963	2390.377992	28.101000
0.566968	2389.949350	28.201000
0.567011	2389.558988	28.301000
0.567024	2389.143974	28.401000
0.567008	2388.735852	28.501000
0.566937	2388.362828	28.601000
0.566947	2388.048585	28.701000
0.566952	2388.308708	28.801000
0.566951	2387.641340	28.901000
0.566939	2386.814211	29.001000
0.566933	2386.503718	29.101000
0.566933	2386.051004	29.201000
0.566930	2385.653095	29.301000
0.566906	2385.249893	29.401000
0.566912	2384.858750	29.501000
0.566889	2384.469093	29.601000
0.566873	2384.095186	29.701000
0.566843	2383.725947	29.801000
0.566900	2383.325968	29.901000
0.566914	2382.922280	30.001000
0.566907	2382.562713	30.101000
0.566918	2382.196019	30.201000
0.566929	2381.720491	30.301000
0.566918	2381.320999	30.401000
0.566981	2380.908896	30.501000
0.567020	2380.519144	30.601000
0.567064	2380.120978	30.701000
0.567075	2379.731039	30.801000
0.567065	2379.310134	30.901000
0.567075	2378.903447	31.001000
0.567072	2378.512641	31.101000
0.567082	2378.125629	31.201000
0.567082	2377.768023	31.301000
0.567100	2377.360145	31.401000
0.567106	2376.981779	31.501000
0.567084	2376.607639	31.601000
0.567096	2376.206183	31.701000
0.567073	2375.826045	31.801000
0.567044	2375.445802	31.901000
0.567025	2375.073133	32.001000
0.567033	2374.694296	32.101000
0.567079	2374.298619	32.201000
0.567048	2373.976413	32.301000
0.567038	2373.549817	32.401000
0.567038	2373.150555	32.501000
0.567039	2372.743414	32.601000
0.567008	2372.373751	32.701000
0.566961	2372.015399	32.801000
0.566939	2371.641226	32.901000
0.566925	2371.248289	33.001000
0.566897	2370.876898	33.101000
0.566917	2370.474550	33.201000
0.566924	2370.078580	33.301000
0.566933	2369.740689	33.401000
0.566921	2369.304594	33.502000
0.566908	2368.925581	33.601000
0.566902	2368.545787	33.701000
0.566899	2368.168962	33.801000
0.566898	2367.853652	33.901000
0.566915	2368.083925	34.001000
0.566937	2367.489568	34.101000
0.566962	2366.612571	34.201000
0.566970	2366.210780	34.301000
0.567021	2365.824460	34.401000
0.567035	2365.451000	34.501000
0.567066	2365.004413	34.601000
0.567071	2364.612153	34.701000
0.567082	2364.225034	34.801000
0.567103	2363.826713	34.901000
0.567095	2363.445219	35.001000
0.567102	2363.090326	35.101000
0.567114	2362.686796	35.201000
0.567066	2362.307129	35.301000
0.567025	2361.918066	35.401000
0.567024	2361.592529	35.501000
0.567022	2361.172152	35.601000
0.566995	2360.780453	35.701000
0.566947	2360.425874	35.801000
0.566910	2360.062776	35.901000
0.566886	2359.700112	36.001000
0.566903	2359.329317	36.101000
0.566896	2358.911498	36.201000
0.566899	2358.536640	36.301000
0.566891	2358.137967	36.401000
0.566870	2357.766948	36.501000
0.566879	2357.430626	36.601000
0.566884	2356.995582	36.701000
0.566928	2356.585166	36.801000
0.566906	2356.191991	36.901000
0.566904	2355.794015	37.001000
0.566877	2355.451767	37.101000
0.566896	2355.031118	37.201000
0.566905	2354.637052	37.301000
0.566965	2354.254285	37.401000
0.567000	2353.897411	37.501000
0.567029	2353.544204	37.601000
0.567004	2353.190460	37.701000
0.567019	2352.752460	37.801000
0.567040	2352.365035	37.901000
0.567009	2351.976387	38.001000
0.566989	2351.614939	38.101000
0.566999	2351.218102	38.201000
0.567014	2350.840748	38.301000
0.567095	2350.428759	38.401000
0.567077	2350.058136	38.501000
0.567080	2349.668854	38.601000
0.567087	2349.325838	38.701000
0.567125	2348.923685	38.801000
0.567108	2348.526327	38.901000
0.567037	2348.186996	39.001000
0.566999	2347.842907	39.101000
0.567005	2347.967470	39.201000
0.566933	2347.660892	39.301000
0.566915	2346.934762	39.401000
0.566902	2346.309684	39.501000
0.566898	2345.936196	39.601000
0.566874	2345.572609	39.701000
0.566899	2345.251317	39.801000
0.566885	2344.852831	39.901000
0.566859	2344.476696	40.001000
0.566833	2344.116214	40.101000
0.566786	2343.723874	40.201000
0.566778	2343.368718	40.301000
0.566780	2342.972662	40.401000
0.566755	2342.613337	40.501000
0.566752	2342.249262	40.601000
0.566764	2341.850671	40.701000
0.566768	2341.453299	40.801000
0.566787	2341.131326	40.901000
0.566778	2340.695551	41.001000
0.566766	2340.307182	41.101000
0.566743	2339.932997	41.201000
0.566739	2339.549467	41.301000
0.566778	2339.170979	41.401000
0.566742	2338.802563	41.501000
0.566730	2338.405604	41.601000
0.566770	2338.017383	41.701000
0.566750	2337.650752	41.801000
0.566763	2337.273761	41.901000
0.566771	2336.923704	42.001000
0.566714	2336.561038	42.101000
0.566707	2336.166257	42.201000
0.566757	2335.774827	42.301000
0.566744	2335.387045	42.401000
0.566780	2335.010304	42.501000
0.566798	2334.641765	42.601000
0.566862	2334.244524	42.701000
0.566825	2333.881806	42.801000
0.566817	2333.505050	42.901000
0.566835	2333.169663	43.001000
0.566850	2332.730317	43.101000
0.566824	2332.353287	43.201000
0.566808	2331.991857	43.301000
0.566825	2331.616018	43.401000
0.566823	2331.236453	43.501000
0.566827	2330.866170	43.601000
0.566840	2330.496878	43.701000
0.566819	2330.136249	43.801000
0.566783	2329.785208	43.901000
0.566819	2329.413301	44.001000
0.566811	2329.095160	44.101000
0.566811	2328.655081	44.201000
0.566754	2328.297592	44.301000
0.566739	2328.038824	44.401000
0.566746	2328.165330	44.501000
0.566747	2327.659460	44.601000
0.566773	2326.930415	44.701000
0.566771	2326.446342	44.801000
0.566750	2326.081199	44.901000
0.566759	2325.699435	45.001000
0.566803	2325.330346	45.101000
0.566784	2324.985566	45.201000
0.566764	2324.607508	45.301000
0.566720	2324.272628	45.401000
0.566700	2323.906799	45.501000
0.566722	2323.504391	45.601000
0.566737	2323.128207	45.701000
0.566717	2322.752554	45.801000
0.566701	2322.364551	45.901000
0.566729	2321.998236	46.001000
0.566745	2321.633777	46.101000
0.566779	2321.284266	46.201000
0.566806	2320.854784	46.301000
0.566753	2320.484024	46.401000
0.566730	2320.141580	46.501000
0.566747	2319.735949	46.601000
0.566754	2319.354465	46.701000
0.566767	2319.000641	46.801000
0.566760	2318.644032	46.901000
0.566755	2318.293778	47.001000
0.566745	2317.925074	47.101000
0.566756	2317.563172	47.201000
0.566743	2317.249679	47.301000
0.566740	2316.820809	47.401000
0.566740	2316.450065	47.501000
0.566777	2316.082952	47.601000
0.566807	2315.709184	47.701000
0.566792	2315.346490	47.801000
0.566756	2314.972615	47.901000
0.566735	2314.599655	48.001000
0.566706	2314.251280	48.101000
0.566715	2313.862140	48.201000
0.566732	2313.514244	48.301000
0.566706	2313.174684	48.401000
0.566649	2312.816110	48.501000
0.566627	2312.458696	48.601000
0.566669	2312.055183	48.701000
0.566657	2311.674797	48.801000
0.566654	2311.311153	48.901000
0.566682	2310.936375	49.001000
0.566690	2310.549693	49.101000
0.566685	2310.186016	49.201000
0.566663	2309.836476	49.301000
0.566661	2309.507702	49.401000
0.566639	2309.128973	49.501000
0.566657	2308.719809	49.601000
0.566667	2308.634941	49.701000
0.566663	2308.587898	49.801000
0.566674	2307.974586	49.901000
0.566705	2307.217389	50.001000
0.566762	2306.862077	50.101000
0.566819	2306.480362	50.201000
0.566858	2306.097447	50.301000
0.566831	2305.743769	50.401000
0.566811	2305.427942	50.501000
0.566804	2305.000674	50.601000
0.566832	2304.621839	50.701000
0.566852	2304.251525	50.801000
0.566872	2303.891634	50.901000
0.566824	2303.552379	51.001000
0.566804	2303.183039	51.101000
0.566780	2302.813935	51.201000
0.566712	2302.438427	51.301000
0.566726	2302.064279	51.401000
0.566711	2301.694757	51.501000
0.566730	2301.386344	51.601000
0.566710	2301.014861	51.701000
0.566703	2300.641292	51.801000
0.566662	2300.301273	51.901000
0.566634	2299.943485	52.001000
0.566623	2299.605754	52.101000
0.566617	2299.222134	52.201000
0.566593	2298.862930	52.301000
0.566625	2298.479504	52.401000
0.566645	2298.114672	52.501000
0.566636	2297.799155	52.601000
0.566673	2297.422095	52.701000
0.566693	2297.000501	52.801000
0.566696	2296.641437	52.901000
0.566665	2296.275742	53.001000
0.566684	2295.894371	53.101000
0.566647	2295.541770	53.201000
0.566639	2295.181494	53.301000
0.566642	2294.830331	53.401000
0.566657	2294.476073	53.501000
0.566680	2294.090316	53.601000
0.566701	2293.773698	53.701000
0.566712	2293.370545	53.801000
0.566717	2292.972836	53.901000
0.566743	2292.592294	54.001000
0.566732	2292.241066	54.101000
0.566728	2291.858214	54.201000
0.566723	2291.481891	54.301000
0.566721	2291.102197	54.401000
0.566731	2290.738320	54.501000
0.566741	2290.386005	54.601000
0.566731	2290.005429	54.701000
0.566703	2289.694971	54.801000
0.566660	2289.291123	54.901000
0.566671	2289.549519	55.002000
0.566667	2289.126097	55.101000
0.566698	2288.387004	55.201000
0.566706	2287.867009	55.301000
0.566690	2287.528148	55.401000
0.566689	2287.144560	55.501000
0.566702	2286.772837	55.601000
0.566676	2286.431880	55.701000
0.566659	2286.105402	55.801000
0.566651	2285.779678	55.901000
0.566624	2285.374577	56.001000
0.566632	2285.010311	56.101000
0.566656	2284.626057	56.201000
0.566629	2284.278761	56.301000
0.566610	2283.923884	56.401000
0.566623	2283.583524	56.501000
0.566665	2283.205282	56.601000
0.566696	2282.844379	56.701000
0.566724	2282.471356	56.802000
0.566745	2282.132689	56.901000
0.566766	2281.739719	57.001000
0.566778	2281.358574	57.101000
0.566780	2280.979814	57.201000
0.566758	2280.622419	57.301000
0.566769	2280.272896	57.401000
0.566785	2279.923458	57.501000
0.566779	2279.567165	57.601000
0.566773	2279.200800	57.701000
0.566770	2278.835891	57.801000
0.566802	2278.456787	57.901000
0.566806	2278.155338	58.001000
0.566809	2277.742272	58.101000
0.566800	2277.400715	58.201000
0.566763	2277.075894	58.301000
0.566725	2276.747869	58.401000
0.566711	2276.395123	58.501000
0.566735	2276.027080	58.601000
0.566745	2275.675890	58.701000
0.566739	2275.307576	58.801000
0.566715	2274.941685	58.901000
0.566686	2274.603597	59.001000
0.566669	2274.273197	59.101000
0.566670	2273.861778	59.201000
0.566632	2273.503155	59.301000
0.566647	2273.140969	59.401000
0.566624	2272.788709	59.501000
0.566597	2272.441923	59.601000
0.566618	2272.066989	59.701000
0.566625	2271.727552	59.801000
0.566634	2271.393862	59.901000
0.566620	2271.055716	60.001000
0.566588	2270.747687	60.101000
0.566559	2270.686078	60.201000
0.566559	2270.557703	60.301000
0.566551	2269.973540	60.401000
0.566549	2269.255681	60.501000
0.566528	2268.896560	60.601000
0.566546	2268.542418	60.701000
0.566597	2268.166262	60.801000
0.566609	2267.797933	60.901000
0.566608	2267.435451	61.001000
0.566600	2267.084107	61.101000
0.566632	2266.765699	61.201000
0.566656	2266.339614	61.301000
0.566662	2265.992079	61.401000
0.566659	2265.644025	61.501000
0.566648	2265.309650	61.601000
0.566648	2264.940961	61.701000
0.566666	2264.559206	61.801000
0.566645	2264.191559	61.901000
0.566643	2263.837663	62.001000
0.566657	2263.476220	62.101000
0.566670	2263.123620	62.201000
0.566710	2262.771393	62.301000
0.566709	2262.389071	62.401000
0.566700	2262.049776	62.501000
0.566712	2261.699955	62.601000
0.566702	2261.330987	62.701000
0.566741	2260.948548	62.801000
0.566706	2260.597804	62.901000
0.566643	2260.247184	63.001000
0.566627	2259.898493	63.101000
0.566678	2259.539263	63.201000
0.566712	2259.226878	63.301000
0.566729	2258.840705	63.401000
0.566730	2258.458038	63.501000
0.566730	2258.107237	63.601000
0.566682	2257.763971	63.701000
0.566684	2257.386304	63.801000
0.566649	2257.106899	63.901000
0.566653	2257.410639	64.001000
0.566680	2256.738534	64.101000
0.566611	2256.014009	64.201000
0.566648	2255.640156	64.301000
0.566693	2255.348231	64.401000
0.566715	2254.924317	64.501000
0.566696	2254.572880	64.601000
0.566705	2254.220895	64.701000
0.566705	2253.879069	64.801000
0.566696	2253.549150	64.901000
0.566670	2253.213427	65.001000
0.566660	2252.864560	65.101000
0.566655	2252.503360	65.201000
0.566672	2252.146476	65.301000
0.566697	2251.813618	65.401000
0.566728	2251.895259	65.501000
0.566697	2251.615022	65.601000
0.566677	2250.948972	65.701000
0.566693	2250.344597	65.801000
0.566648	2250.013450	65.901000
0.566648	2249.651217	66.001000
0.566680	2249.298396	66.101000
0.566710	2248.924251	66.201000
0.566707	2248.575709	66.301000
0.566699	2248.233138	66.401000
0.566764	2247.892752	66.501000
0.566818	2247.509128	66.601000
0.566848	2247.129296	66.701000
0.566830	2246.739584	66.801000
0.566824	2246.383791	66.901000
0.566831	2246.060088	67.001000
0.566810	2245.669894	67.101000
0.566772	2245.315791	67.201000
0.566797	2244.961723	67.301000
0.566794	2244.621084	67.401000
0.566800	2244.271252	67.501000
0.566822	2243.956303	67.601000
0.566782	2243.552876	67.701000
0.566765	2243.201459	67.801000
0.566774	2242.841406	67.901000
0.566750	2242.495334	68.001000
0.566721	2242.180373	68.101000
0.566709	2241.828635	68.201000
0.566687	2241.481767	68.301000
0.566667	2241.132926	68.401000
0.566684	2240.777351	68.501000
0.566680	2240.446149	68.601000
0.566729	2240.090118	68.701000
0.566751	2239.694749	68.801000
0.566741	2239.346369	68.901000
0.566746	2238.993048	69.001000
0.566759	2238.651381	69.101000
0.566795	2238.290474	69.201000
0.566786	2237.933641	69.301000
0.566834	2237.563485	69.401000
0.566854	2237.218128	69.501000
0.566814	2236.864121	69.601000
0.566853	2236.521853	69.701000
0.566862	2236.125573	69.801000
0.566864	2235.769213	69.901000
0.566923	2235.416428	70.001000
0.566943	2235.075860	70.101000
0.566938	2234.709376	70.201000
0.566931	2234.363988	70.301000
0.566940	2233.999758	70.401000
0.566972	2233.639409	70.501000
0.567002	2233.279797	70.601000
0.566994	2233.046857	70.701000
0.567051	2233.293948	70.801000
0.567046	2232.674580	70.901000
0.567040	2231.860542	71.001000
0.567012	2231.473849	71.101000
0.567033	2231.133426	71.201000
0.567007	2230.790099	71.301000
0.566984	2230.455262	71.401000
0.566946	2230.101145	71.501000
0.566945	2229.781174	71.601000
0.566955	2229.459853	71.701000
0.567012	2229.138883	71.801000
0.567022	2228.801467	71.901000
0.566999	2228.396758	72.001000
0.566981	2228.086780	72.101000
0.566986	2227.696681	72.201000
0.566948	2227.356047	72.301000
0.566947	2227.012410	72.401000
0.566911	2226.672212	72.501000
0.566924	2226.320438	72.601000
0.566952	2225.965484	72.701000
0.566969	2225.642992	72.801000
0.566983	2225.296275	72.901000
0.567027	2224.931625	73.001000
0.567058	2224.548801	73.101000
0.567058	2224.208326	73.201000
0.567075	2223.871728	73.301000
0.567070	2223.539864	73.401000
0.567086	2223.182612	73.501000
0.567109	2222.822792	73.601000
0.567096	2222.490784	73.701000
0.567111	2222.151738	73.801000
0.567117	2221.780117	73.901000
0.567141	2221.450956	74.001000
0.567157	2221.051052	74.101000
0.567215	2220.657458	74.201000
0.567225	2220.284379	74.301000
0.567263	2219.928991	74.401000
0.567279	2219.586618	74.501000
0.567274	2219.246969	74.601000
0.567282	2218.896907	74.701000
0.567279	2218.563863	74.801000
0.567255	2218.239685	74.901000
0.567238	2217.930403	75.001000
0.567261	2217.625084	75.101000
0.567273	2217.210909	75.201000
0.567270	2216.868320	75.301000
0.567254	2216.519587	75.401000
0.567240	2216.187492	75.501000
0.567235	2215.838664	75.601000
0.567189	2215.508424	75.701000
0.567187	2215.157339	75.801000
0.567184	2214.826406	75.901000
0.567172	2215.024379	76.001000
0.567179	2214.714409	76.101000
0.567247	2214.009959	76.201000
0.567230	2213.463718	76.301000
0.567231	2213.130154	76.401000
0.567206	2212.801857	76.501000
0.567205	2212.451371	76.601000
0.567228	2212.116277	76.701000
0.567226	2211.786829	76.802000
0.567259	2211.419650	76.901000
0.567236	2211.095809	77.001000
0.567247	2210.745362	77.101000
0.567249	2210.458081	77.201000
0.567284	2210.043999	77.301000
0.567263	2209.700545	77.401000
0.567252	2209.358673	77.501000
0.567231	2209.026860	77.601000
0.567223	2208.698846	77.701000
0.567243	2208.341759	77.801000
0.567190	2207.997955	77.901000
0.567224	2207.653434	78.001000
0.567205	2207.306671	78.101000
0.567238	2206.985779	78.201000
0.567257	2206.649365	78.301000
0.567259	2206.281826	78.401000
0.567230	2205.967788	78.501000
0.567228	2205.640537	78.601000
0.567222	2205.306334	78.701000
0.567236	2204.958675	78.801000
0.567231	2204.609649	78.901000
0.567252	2204.257541	79.001000
0.567258	2203.906937	79.101000
0.567173	2203.582074	79.201000
0.567162	2203.303420	79.301000
0.567172	2202.917288	79.401000
0.567205	2202.571133	79.501000
0.567198	2202.225480	79.601000
0.567193	2201.885292	79.701000
0.567177	2201.565126	79.801000
0.567187	2201.214638	79.901000
0.567168	2200.872818	80.001000
0.567125	2200.565480	80.101000
0.567112	2200.243081	80.201000
0.567145	2199.915505	80.301000
0.567150	2199.611890	80.401000
0.567090	2199.234090	80.501000
0.567036	2198.900777	80.601000
0.567014	2198.588122	80.701000
0.567015	2198.229112	80.801000
0.566985	2197.894930	80.901000
0.566967	2197.546924	81.001000
0.567012	2197.201917	81.101000
0.567060	2197.023885	81.201000
0.567070	2197.103831	81.301000
0.567138	2196.728211	81.401000
0.567148	2195.975944	81.501000
0.567175	2195.484357	81.601000
0.567187	2195.130147	81.701000
0.567169	2194.795822	81.801000
0.567111	2194.468956	81.901000
0.567065	2194.132394	82.001000
0.567092	2193.788641	82.101000
0.567122	2193.442281	82.201000
0.567117	2193.113956	82.301000
0.567096	2192.787448	82.401000
0.567092	2192.477910	82.501000
0.567113	2192.065312	82.601000
0.567111	2191.721235	82.701000
0.567088	2191.411738	82.801000
0.567099	2191.083525	82.901000
0.567109	2190.743370	83.001000
0.567123	2190.407707	83.101000
0.567103	2190.087041	83.201000
0.567103	2189.726545	83.301000
0.567116	2189.397271	83.401000
0.567127	2189.094047	83.501000
0.567129	2188.748831	83.601000
0.567148	2188.393591	83.701000
0.567157	2188.061122	83.801000
0.567183	2187.719057	83.901000
0.567190	2187.384822	84.001000
0.567211	2187.036411	84.101000
0.567181	2186.712709	84.201000
0.567156	2186.373738	84.301000
0.567122	2186.028149	84.401000
0.567095	2185.718782	84.501000
0.567127	2185.443480	84.601000
0.567126	2185.060040	84.701000
0.567154	2184.730068	84.801000
0.567117	2184.407905	84.901000
0.567153	2184.054841	85.001000
0.567166	2183.718791	85.101000
0.567171	2183.386325	85.201000
0.567158	2183.038369	85.301000
0.567139	2182.704472	85.401000
0.567142	2182.377228	85.501000
0.567144	2182.065626	85.601000
0.567179	2181.726237	85.701000
0.567166	2181.355079	85.801000
0.567121	2181.048329	85.901000
0.567136	2180.697822	86.001000
0.567190	2180.328122	86.101000
0.567173	2179.993615	86.201000
0.567167	2179.650038	86.301000
0.567149	2179.323013	86.401000
0.567157	2179.534761	86.501000
0.567159	2179.177002	86.601000
0.567200	2178.528361	86.701000
0.567190	2177.948777	86.801000
0.567185	2177.614933	86.901000
0.567216	2177.270980	87.001000
0.567204	2176.966426	87.101000
0.567204	2176.623464	87.201000
0.567194	2176.313072	87.301000
0.567215	2176.002594	87.401000
0.567202	2175.644319	87.501000
0.567183	2175.313814	87.601000
0.567157	2174.994086	87.701000
0.567176	2174.693278	87.801000
0.567164	2174.300876	87.901000
0.567119	2173.993262	88.001000
0.567129	2173.659797	88.101000
0.567166	2173.322350	88.201000
0.567139	2173.007362	88.301000
0.567114	2172.640944	88.401000
0.567081	2172.315356	88.501000
0.567058	2171.989106	88.601000
0.567066	2171.645310	88.701000
0.567024	2171.345803	88.801000
0.566987	2171.006364	88.901000
0.566915	2170.687797	89.001000
0.566970	2170.363104	89.101000
0.566988	2170.016887	89.201000
0.567014	2169.736041	89.301000
0.567036	2169.325134	89.401000
0.567068	2168.988023	89.501000
0.567064	2168.655599	89.601000
0.567042	2168.295845	89.701000
0.567017	2167.965498	89.801000
0.567031	2167.707634	89.901000
0.567041	2167.312653	90.001000
0.567034	2166.988567	90.101000
0.567001	2166.637998	90.201000
0.566985	2166.291048	90.301000
0.567038	2165.952977	90.401000
0.567039	2165.611334	90.501000
0.567043	2165.292594	90.601000
0.567053	2164.957997	90.701000
0.567083	2164.637991	90.801000
0.567109	2164.316233	90.901000
0.567133	2163.975565	91.001000
0.567161	2163.601310	91.101000
0.567161	2163.296889	91.201000
0.567196	2162.952230	91.301000
0.567241	2162.611834	91.401000
0.567238	2162.282664	91.501000
0.567176	2161.963912	91.601000
0.567169	2162.045154	91.701000
0.567180	2161.880433	91.801000
0.567163	2161.265690	91.901000
0.567192	2160.736935	92.001000
0.567186	2160.363831	92.101000
0.567146	2160.032932	92.201000
0.567114	2159.701272	92.301000
0.567138	2159.381726	92.401000
0.567095	2159.058859	92.501000
0.567067	2158.750423	92.601000
0.567040	2158.448273	92.701000
0.567049	2158.133145	92.801000
0.567072	2157.788711	92.901000
0.567045	2157.482037	93.001000
0.567016	2157.185261	93.101000
0.567010	2156.801832	93.201000
0.566956	2156.472375	93.301000
0.566988	2156.135788	93.401000
0.566916	2155.827059	93.501000
0.566900	2155.479119	93.601000
0.566943	2155.189780	93.701000
0.567054	2154.822174	93.801000
0.567109	2154.485958	93.901000
0.567112	2154.152182	94.001000
0.567155	2153.846878	94.101000
0.567117	2154.138992	94.201000
0.567065	2153.792951	94.301000
0.567004	2153.013241	94.401000
0.567053	2152.486476	94.501000
0.567037	2152.159405	94.601000
0.567010	2151.830262	94.701000
0.567030	2151.499937	94.801000
0.567035	2151.166530	94.901000
0.567060	2150.815011	95.001000
0.567070	2150.469140	95.101000
0.567088	2150.203979	95.201000
0.567106	2149.804740	95.301000
0.567103	2149.477363	95.401000
0.567093	2149.144779	95.501000
0.567067	2148.820207	95.601000
0.567075	2148.485938	95.701000
0.567055	2148.169798	95.801000
0.567038	2147.847564	95.901000
0.567025	2147.529343	96.001000
