-7.000000E+01,-5.890454E-06,+9.910000E+37,+5.066109E+03,+2.150800E+04,
-6.900000E+01,-5.780273E-06,+9.910000E+37,+5.067170E+03,+2.150800E+04,
-6.800000E+01,-5.690539E-06,+9.910000E+37,+5.068227E+03,+2.150800E+04,
-6.700000E+01,-5.610186E-06,+9.910000E+37,+5.069286E+03,+2.150800E+04,
-6.600000E+01,-5.534849E-06,+9.910000E+37,+5.070347E+03,+2.150800E+04,
-6.500000E+01,-5.462531E-06,+9.910000E+37,+5.071407E+03,+2.150800E+04,
-6.400000E+01,-5.392072E-06,+9.910000E+37,+5.072488E+03,+2.150800E+04,
-6.300000E+01,-5.322358E-06,+9.910000E+37,+5.073549E+03,+2.150800E+04,
-6.200000E+01,-5.253839E-06,+9.910000E+37,+5.074635E+03,+2.150800E+04,
-6.100000E+01,-5.185501E-06,+9.910000E+37,+5.075692E+03,+2.150800E+04,
-6.000000E+01,-5.117516E-06,+9.910000E+37,+5.076755E+03,+2.150800E+04,
-5.900000E+01,-5.049125E-06,+9.910000E+37,+5.077813E+03,+2.150800E+04,
-5.800000E+01,-4.981191E-06,+9.910000E+37,+5.078896E+03,+2.150800E+04,
-5.700000E+01,-4.912877E-06,+9.910000E+37,+5.079956E+03,+2.150800E+04,
-5.600000E+01,-4.844575E-06,+9.910000E+37,+5.081015E+03,+2.150800E+04,
-5.500000E+01,-4.775869E-06,+9.910000E+37,+5.082074E+03,+2.150800E+04,
-5.400000E+01,-4.706807E-06,+9.910000E+37,+5.083156E+03,+2.150800E+04,
-5.300000E+01,-4.637426E-06,+9.910000E+37,+5.084217E+03,+2.150800E+04,
-5.200000E+01,-4.567912E-06,+9.910000E+37,+5.085303E+03,+2.150800E+04,
-5.100000E+01,-4.497888E-06,+9.910000E+37,+5.086364E+03,+2.150800E+04,
-5.000000E+01,-4.427307E-06,+9.910000E+37,+5.087445E+03,+2.150800E+04,
-4.900000E+01,-4.356409E-06,+9.910000E+37,+5.088503E+03,+2.150800E+04,
-4.800000E+01,-4.284881E-06,+9.910000E+37,+5.089589E+03,+2.150800E+04,
-4.700000E+01,-4.213275E-06,+9.910000E+37,+5.090649E+03,+2.150800E+04,
-4.600000E+01,-4.140684E-06,+9.910000E+37,+5.091730E+03,+2.150800E+04,
-4.500000E+01,-4.066736E-06,+9.910000E+37,+5.092789E+03,+2.150800E+04,
-4.400000E+01,-3.992687E-06,+9.910000E+37,+5.093849E+03,+2.150800E+04,
-4.300000E+01,-3.918938E-06,+9.910000E+37,+5.094909E+03,+2.150800E+04,
-4.200000E+01,-3.843445E-06,+9.910000E+37,+5.095990E+03,+2.150800E+04,
-4.100000E+01,-3.767210E-06,+9.910000E+37,+5.097047E+03,+2.150800E+04,
-4.000000E+01,-3.689975E-06,+9.910000E+37,+5.098105E+03,+2.150800E+04,
-3.900000E+01,-3.612120E-06,+9.910000E+37,+5.099167E+03,+2.150800E+04,
-3.800000E+01,-3.533239E-06,+9.910000E+37,+5.100225E+03,+2.150800E+04,
-3.700000E+01,-3.453129E-06,+9.910000E+37,+5.101312E+03,+2.150800E+04,
-3.600000E+01,-3.371690E-06,+9.910000E+37,+5.102372E+03,+2.150800E+04,
-3.500000E+01,-3.289518E-06,+9.910000E+37,+5.103431E+03,+2.150800E+04,
-3.400000E+01,-3.204745E-06,+9.910000E+37,+5.104490E+03,+2.150800E+04,
-3.300000E+01,-3.118565E-06,+9.910000E+37,+5.105549E+03,+2.150800E+04,
-3.200000E+01,-3.030907E-06,+9.910000E+37,+5.106610E+03,+2.150800E+04,
-3.100000E+01,-2.941109E-06,+9.910000E+37,+5.107667E+03,+2.150800E+04,
-3.000000E+01,-2.849049E-06,+9.910000E+37,+5.108728E+03,+2.150800E+04,
-2.900000E+01,-2.753502E-06,+9.910000E+37,+5.109789E+03,+2.150800E+04,
-2.800000E+01,-2.655910E-06,+9.910000E+37,+5.110849E+03,+2.150800E+04,
-2.700000E+01,-2.554393E-06,+9.910000E+37,+5.111938E+03,+2.150800E+04,
-2.600000E+01,-2.448186E-06,+9.910000E+37,+5.112999E+03,+2.150800E+04,
-2.500000E+01,-2.336618E-06,+9.910000E+37,+5.114080E+03,+2.150800E+04,
-2.400000E+01,-2.219117E-06,+9.910000E+37,+5.115141E+03,+2.150800E+04,
-2.300000E+01,-2.094313E-06,+9.910000E+37,+5.116227E+03,+2.150800E+04,
-2.200000E+01,-1.959745E-06,+9.910000E+37,+5.117283E+03,+2.150800E+04,
-2.100000E+01,-1.814080E-06,+9.910000E+37,+5.118347E+03,+2.150800E+04,
-2.000000E+01,-1.653952E-06,+9.910000E+37,+5.119437E+03,+2.150800E+04,
-1.900000E+01,-1.477353E-06,+9.910000E+37,+5.120495E+03,+2.150800E+04,
-1.800000E+01,-1.280919E-06,+9.910000E+37,+5.121554E+03,+2.150800E+04,
-1.700000E+01,-1.061773E-06,+9.910000E+37,+5.122613E+03,+2.150800E+04,
-1.600000E+01,-8.235605E-07,+9.910000E+37,+5.124750E+03,+2.150800E+04,
-1.500000E+01,-5.522596E-07,+9.910000E+37,+5.125837E+03,+2.150800E+04,
-1.400000E+01,-2.604069E-07,+9.910000E+37,+5.126923E+03,+2.150800E+04,
-1.300000E+01,+3.628383E-08,+9.910000E+37,+5.127982E+03,+2.150800E+04,
-1.200000E+01,+3.085503E-07,+9.91000
































current through plasma (-mA) <tab> voltage across plasma (-V) <tab> time (sec)
1.231021	1769.254033	0.001000
1.230548	1768.959010	0.101000
1.230116	1769.006795	0.201000
1.229371	1769.304025	0.301000
1.229338	1769.071318	0.401000
1.229286	1768.872557	0.501000
1.229282	1768.583512	0.601000
1.229266	1768.351859	0.701000
1.229241	1768.227337	0.801000
1.229206	1767.911786	0.901000
1.229211	1767.681478	1.001000
1.229201	1767.452231	1.101000
1.229210	1767.182098	1.201000
1.229210	1766.922359	1.302000
1.229207	1766.695103	1.401000
1.229208	1766.568392	1.501000
1.229165	1766.845884	1.601000
1.229156	1766.402344	1.701000
1.229149	1765.729698	1.801000
1.229154	1765.425807	1.901000
1.229117	1765.194345	2.001000
1.229087	1764.966230	2.101000
1.229061	1764.718917	2.201000
1.229025	1764.487267	2.301000
1.228987	1764.263208	2.401000
1.228989	1763.970298	2.501000
1.228992	1763.726048	2.601000
1.228983	1763.472932	2.701000
1.229006	1763.208207	2.801000
1.228997	1762.956864	2.901000
1.228990	1762.710113	3.001000
1.228972	1762.460712	3.101000
1.228992	1762.219446	3.201000
1.229013	1761.994047	3.301000
1.229002	1761.753932	3.401000
1.228984	1761.473793	3.501000
1.228984	1761.205557	3.601000
1.229001	1760.945222	3.701000
1.229001	1760.701719	3.801000
1.229019	1760.445886	3.901000
1.228996	1760.207745	4.001000
1.229005	1759.944622	4.101000
1.229006	1759.680675	4.201000
1.229021	1759.425673	4.301000
1.229018	1759.187650	4.401000
1.229012	1759.000327	4.501000
1.228985	1758.705692	4.601000
1.228960	1758.457228	4.701000
1.228960	1758.212507	4.801000
1.228984	1757.957774	4.901000
1.229006	1757.686991	5.001000
1.229003	1757.435615	5.101000
1.228998	1757.178565	5.201000
1.228990	1756.923179	5.301000
1.229002	1756.679802	5.401000
1.229010	1756.466162	5.501000
1.229000	1756.242856	5.601000
1.229015	1755.969460	5.701000
1.228987	1755.722694	5.801000
1.228952	1755.475831	5.901000
1.228936	1755.222953	6.001000
1.228959	1754.972388	6.101000
1.228926	1754.729333	6.201000
1.228920	1754.473080	6.301000
1.228914	1754.221660	6.401000
1.228876	1753.978012	6.501000
1.228888	1753.771623	6.601000
1.228878	1753.482989	6.701000
1.228858	1753.749031	6.801000
1.228873	1753.525616	6.901000
1.228832	1752.973063	7.001000
1.228791	1752.542401	7.101000
1.228763	1752.294441	7.201000
1.228776	1752.048841	7.301000
1.228773	1751.785754	7.401000
1.228780	1751.526985	7.501000
1.228790	1751.294093	7.601000
1.228794	1751.097979	7.701000
1.228789	1750.793264	7.801000
1.228799	1750.543659	7.901000
1.228821	1750.293266	8.001000
1.228836	1750.038746	8.101000
1.228820	1749.784537	8.201000
1.228806	1749.531074	8.301000
1.228823	1749.263049	8.401000
1.228853	1749.017266	8.501000
1.228854	1748.775214	8.601000
1.228834	1748.582238	8.701000
1.228866	1748.338554	8.801000
1.228881	1748.027225	8.901000
1.228918	1747.770502	9.001000
1.228929	1747.524036	9.101000
1.228941	1747.275104	9.201000
1.228952	1747.023448	9.301000
1.228954	1746.782037	9.401000
1.228951	1746.543220	9.501000
1.228952	1746.300549	9.601000
1.228918	1746.044793	9.701000
1.228930	1745.823260	9.801000
1.228921	1745.581562	9.901000
1.228915	1745.301017	10.001000
1.228940	1745.051501	10.101000
1.228922	1744.802627	10.201000
1.228916	1744.577566	10.301000
1.228901	1744.352478	10.401000
1.228906	1744.128067	10.501000
1.228900	1743.903716	10.601000
1.228886	1743.639724	10.701000
1.228859	1743.400762	10.801000
1.228860	1743.205935	10.901000
1.228850	1742.942430	11.001000
1.228860	1742.692441	11.101000
1.228853	1742.431305	11.201000
1.228846	1742.181996	11.301000
1.228841	1741.930960	11.401000
1.228827	1741.699474	11.501000
1.228830	1741.452619	11.601000
1.228843	1741.199678	11.701000
1.228831	1740.949998	11.801000
1.228830	1740.699385	11.901000
1.228844	1740.661200	12.001000
1.228854	1740.822205	12.101000
1.228884	1740.377239	12.201000
1.228904	1739.729228	12.301000
1.228885	1739.427379	12.401000
1.228907	1739.162227	12.501000
1.228936	1738.928775	12.601000
1.228979	1738.661924	12.701000
1.228988	1738.418571	12.801000
1.229013	1738.171695	12.901000
1.229017	1737.954508	13.001000
1.229011	1737.739303	13.101000
1.229021	1737.445111	13.201000
1.229003	1737.191280	13.301000
1.228990	1736.959987	13.401000
1.228988	1736.694243	13.501000
1.228966	1736.447824	13.601000
1.228977	1736.203037	13.701000
1.228974	1735.945863	13.801000
1.228954	1735.713870	13.901000
1.228930	1735.490298	14.001000
1.228952	1735.296119	14.101000
1.228960	1734.999375	14.201000
1.228934	1734.737717	14.301000
1.228937	1734.493589	14.401000
1.228950	1734.238004	14.501000
1.228916	1734.015881	14.601000
1.228884	1733.787084	14.701000
1.228915	1733.534926	14.801000
1.228911	1733.274950	14.901000
1.228893	1733.045325	15.001000
1.228900	1732.844698	15.101000
1.228893	1732.766387	15.201000
1.228904	1732.368265	15.301000
1.228848	1732.133934	15.401000
1.228820	1731.903339	15.501000
1.228785	1731.654534	15.601000
1.228790	1731.412577	15.701000
1.228798	1731.166394	15.801000
1.228774	1730.928193	15.901000
1.228745	1730.688481	16.001000
1.228736	1730.457540	16.101000
1.228765	1730.187085	16.201000
1.228806	1729.990358	16.301000
1.228809	1729.695516	16.401000
1.228804	1729.457474	16.501000
1.228817	1729.213162	16.601000
1.228823	1728.968796	16.701000
1.228839	1728.732657	16.801000
1.228815	1728.482765	16.901000
1.228800	1728.234536	17.001000
1.228818	1727.991236	17.101000
1.228816	1727.734234	17.201000
1.228859	1727.907047	17.301000
1.228856	1727.839143	17.401000
1.228890	1727.210583	17.501000
1.228857	1726.756184	17.601000
1.228866	1726.501421	17.701000
1.228895	1726.223884	17.801000
1.228888	1725.988640	17.901000
1.228887	1725.750821	18.001000
1.228901	1725.502957	18.101000
1.228889	1725.259220	18.201000
1.228887	1725.020145	18.301000
1.228880	1724.817598	18.401000
1.228878	1724.535684	18.501000
1.228886	1724.272731	18.601000
1.228890	1724.027005	18.701000
1.228910	1723.777222	18.801000
1.228917	1723.563755	18.901000
1.228926	1723.313580	19.001000
1.228904	1723.113171	19.101000
1.228877	1722.854001	19.201000
1.228867	1722.640254	19.301000
1.228875	1722.359857	19.401000
1.228881	1722.165499	19.501000
1.228847	1721.877811	19.601000
1.228829	1721.630468	19.701000
1.228821	1721.408820	19.801000
1.228848	1721.164582	19.901000
1.228857	1720.922898	20.001000
1.228845	1720.721946	20.101000
1.228833	1720.472458	20.201000
1.228817	1720.239755	20.301000
1.228832	1719.988655	20.401000
1.228863	1719.740451	20.501000
1.228853	1719.551221	20.601000
1.228840	1719.517617	20.701000
1.228852	1719.866856	20.801000
1.228849	1718.847511	20.901000
1.228860	1718.548908	21.001000
1.228849	1718.317617	21.101000
1.228874	1718.041159	21.201000
1.228872	1717.803424	21.301000
1.228904	1717.539303	21.401000
1.228901	1717.302875	21.501000
1.228915	1717.059935	21.601000
1.228939	1716.831649	21.701000
1.228951	1716.537845	21.801000
1.228956	1716.311324	21.901000
1.228961	1716.069458	22.001000
1.228971	1715.835808	22.101000
1.228947	1715.579619	22.201000
1.228979	1715.318199	22.301000
1.228992	1715.082885	22.401000
1.229012	1714.941694	22.501000
1.228989	1715.293288	22.601000
1.229003	1714.851149	22.701000
1.229009	1714.202375	22.801000
1.228998	1713.914505	22.901000
1.229029	1713.652530	23.003000
1.229015	1713.451537	23.101000
1.228999	1713.199947	23.201000
1.228992	1712.974417	23.301000
1.228985	1712.701404	23.401000
1.228990	1712.457798	23.501000
1.228991	1712.212752	23.601000
1.228988	1712.003268	23.701000
1.228947	1711.826910	23.801000
1.228937	1711.541965	23.901000
1.228920	1711.289555	24.003000
1.228915	1711.065506	24.101000
1.228900	1710.818527	24.201000
1.228912	1710.568088	24.301000
1.228894	1710.343287	24.401000
1.228871	1710.123140	24.501000
1.228891	1709.865022	24.601000
1.228867	1709.640735	24.701000
1.228860	1709.399534	24.801000
1.228889	1709.189760	24.901000
1.228900	1708.910676	25.003000
1.228922	1708.684433	25.101000
1.228893	1708.434468	25.201000
1.228915	1708.183387	25.301000
1.228899	1707.939686	25.401000
1.228905	1707.689561	25.501000
1.228943	1707.448492	25.601000
1.228940	1707.208995	25.701000
1.228931	1706.974602	25.801000
1.228923	1706.742032	25.901000
1.228943	1706.514452	26.002000
1.228973	1706.261229	26.101000
1.228997	1705.973148	26.201000
1.229002	1705.730807	26.301000
1.229000	1705.506428	26.401000
1.229010	1705.251295	26.501000
1.229026	1705.024714	26.601000
1.229017	1704.774499	26.701000
1.229009	1704.542189	26.801000
1.229006	1704.297826	26.901000
1.229026	1704.101453	27.001000
1.229030	1703.878781	27.101000
1.229038	1703.573473	27.201000
1.229029	1703.335431	27.301000
1.229051	1703.110952	27.401000
1.229036	1702.864010	27.501000
1.229046	1702.624191	27.601000
1.229055	1702.376787	27.701000
1.229042	1702.682530	27.801000
1.229043	1702.400280	27.901000
1.229040	1701.836859	28.001000
1.229042	1701.505706	28.101000
1.229056	1701.185151	28.201000
1.229041	1700.969124	28.301000
1.229010	1700.738790	28.401000
1.229057	1700.484116	28.501000
1.229035	1700.258940	28.601000
1.229031	1700.018975	28.701000
1.229029	1699.807390	28.801000
1.229037	1699.541483	28.901000
1.228985	1699.340648	29.003000
1.229003	1699.139644	29.101000
1.228983	1698.930733	29.201000
1.228994	1698.650565	29.301000
1.228968	1698.409412	29.401000
1.228955	1698.185282	29.501000
1.228960	1697.949172	29.601000
1.228952	1697.719702	29.701000
1.228953	1697.505571	29.801000
1.228944	1697.242452	29.901000
1.228939	1697.028864	30.001000
1.228934	1696.827240	30.101000
1.228920	1696.598724	30.201000
1.228935	1696.367007	30.301000
1.228922	1696.089035	30.401000
1.228904	1695.864810	30.501000
1.228948	1695.609716	30.601000
1.228969	1695.381705	30.702000
1.228966	1695.153144	30.801000
1.228978	1694.880881	30.901000
1.228987	1694.643418	31.003000
1.228980	1694.428800	31.101000
1.229023	1694.150987	31.201000
1.229026	1693.987747	31.301000
1.229063	1693.704506	31.401000
1.229057	1693.456852	31.501000
1.229101	1693.205284	31.601000
1.229080	1692.955446	31.701000
1.229104	1692.718929	31.801000
1.229119	1692.488402	31.901000
1.229095	1692.269689	32.001000
1.229115	1692.047183	32.101000
1.229112	1691.782546	32.201000
1.229144	1691.546407	32.301000
1.229130	1691.369753	32.401000
1.229129	1691.095094	32.501000
1.229130	1690.863654	32.601000
1.229126	1690.622589	32.701000
1.229121	1690.391894	32.801000
1.229080	1690.167490	32.901000
1.229102	1690.466897	33.001000
1.229055	1690.243315	33.101000
1.229060	1689.656985	33.201000
1.229048	1689.250576	33.302000
1.229020	1689.042341	33.401000
1.229024	1688.819438	33.501000
1.229031	1688.540778	33.601000
1.229012	1688.319175	33.701000
1.229000	1688.092663	33.801000
1.229032	1687.834090	33.901000
1.229033	1687.610318	34.003000
1.229024	1687.447309	34.101000
1.229030	1687.139640	34.201000
1.229017	1686.930635	34.301000
1.229004	1686.690008	34.401000
1.228976	1686.509680	34.501000
1.228986	1686.250351	34.601000
1.228975	1686.001150	34.701000
1.228999	1685.747911	34.801000
1.229012	1685.500247	34.901000
1.229001	1685.308542	35.001000
1.228997	1685.095030	35.101000
1.228977	1684.844960	35.201000
1.228958	1684.630740	35.301000
1.228953	1684.392662	35.401000
1.228953	1684.149869	35.501000
1.228952	1683.966510	35.601000
1.228965	1683.664767	35.701000
1.228964	1683.416579	35.801000
1.228963	1683.172413	35.901000
1.228972	1682.927837	36.003000
1.228984	1682.718496	36.101000
1.228996	1682.448434	36.201000
1.229014	1682.228698	36.301000
1.229017	1681.990777	36.401000
1.229004	1681.757128	36.501000
1.228959	1681.548970	36.601000
1.228956	1681.341133	36.701000
1.228963	1681.053431	36.801000
1.228975	1680.808629	36.901000
1.229024	1680.555686	37.001000
1.228988	1680.353541	37.101000
1.228996	1680.099399	37.201000
1.228983	1679.866037	37.301000
1.229006	1679.633143	37.401000
1.229008	1679.399330	37.501000
1.228992	1679.174130	37.601000
1.229023	1678.976778	37.701000
1.229053	1678.726152	37.801000
1.229072	1678.446012	37.901000
1.229061	1678.202548	38.001000
1.229070	1677.987698	38.101000
1.229052	1677.905899	38.201000
1.229031	1678.084912	38.301000
1.229070	1677.747065	38.401000
1.229042	1677.125970	38.501000
1.229031	1676.786462	38.601000
1.229014	1676.571039	38.701000
1.229000	1676.402541	38.801000
1.229014	1676.143931	38.901000
1.229020	1675.950702	39.003000
1.228990	1675.779152	39.101000
1.228943	1675.537693	39.201000
1.228931	1675.293062	39.301000
1.228927	1675.055410	39.401000
1.228965	1674.795492	39.501000
1.228941	1674.556518	39.601000
1.228927	1674.312114	39.701000
1.228923	1674.078694	39.801000
1.228923	1673.910981	39.901000
1.228939	1673.603519	40.003000
1.228957	1673.399317	40.101000
1.228950	1673.193219	40.201000
1.228939	1672.954254	40.301000
1.228942	1672.710955	40.401000
1.228954	1672.470180	40.501000
1.228973	1672.232851	40.601000
1.228949	1671.977335	40.701000
1.228953	1671.742559	40.801000
1.228948	1671.533285	40.901000
1.228986	1671.290801	41.002000
1.229002	1671.011033	41.101000
1.229024	1670.772700	41.201000
1.229017	1670.548255	41.301000
1.229028	1670.325146	41.401000
1.229063	1670.092986	41.501000
1.229097	1669.846342	41.601000
1.229097	1669.604039	41.701000
1.229103	1669.361292	41.801000
1.229101	1669.107509	41.901000
1.229116	1668.910982	42.002000
1.229131	1668.654411	42.101000
1.229125	1668.377299	42.201000
1.229134	1668.147387	42.301000
1.229151	1667.897950	42.401000
1.229168	1667.656291	42.501000
1.229177	1667.425531	42.601000
1.229152	1667.219215	42.701000
1.229117	1666.975380	42.801000
1.229073	1666.765850	42.901000
1.229064	1666.529622	43.001000
1.229073	1666.345754	43.101000
1.229074	1666.060920	43.201000
1.229080	1665.835542	43.301000
1.229044	1665.626755	43.401000
1.229053	1665.946634	43.501000
1.229067	1665.680063	43.601000
1.229036	1665.084589	43.701000
1.229027	1664.666043	43.801000
1.229003	1664.460424	43.901000
1.229000	1664.224357	44.003000
1.229025	1664.045278	44.101000
1.229032	1663.799637	44.201000
1.229021	1663.541599	44.301000
1.229004	1663.328674	44.401000
1.228989	1663.087350	44.501000
1.229006	1662.858875	44.601000
1.228991	1662.632213	44.701000
1.228994	1662.394421	44.801000
1.228995	1662.158717	44.901000
1.228997	1661.935926	45.001000
1.229031	1661.687091	45.101000
1.229037	1661.529181	45.201000
1.229016	1661.279372	45.301000
1.228973	1661.068616	45.401000
1.228960	1660.839989	45.501000
1.228972	1660.592948	45.601000
1.228966	1660.364969	45.701000
1.229003	1660.119948	45.801000
1.228997	1659.889185	45.901000
1.229010	1659.644884	46.003000
1.229001	1659.426060	46.101000
1.229025	1659.179235	46.201000
1.229043	1658.982059	46.301000
1.229048	1658.711043	46.401000
1.229044	1658.487708	46.501000
1.229050	1658.249205	46.601000
1.229054	1658.024532	46.701000
1.229037	1657.788686	46.801000
1.229038	1657.548751	46.901000
1.229032	1657.315275	47.001000
1.229054	1657.067809	47.101000
1.229072	1656.832225	47.201000
1.229056	1656.630587	47.301000
1.229040	1656.411817	47.401000
1.229054	1656.133161	47.501000
1.229007	1655.905554	47.601000
1.229025	1655.684833	47.701000
1.229013	1655.484548	47.801000
1.228984	1655.254726	47.901000
1.228958	1655.047094	48.001000
1.229007	1654.828784	48.101000
1.229006	1654.565584	48.201000
1.229019	1654.333280	48.301000
1.228988	1654.153826	48.401000
1.228993	1653.906090	48.501000
1.228971	1653.649711	48.601000
1.228968	1653.748509	48.701000
1.228935	1653.785620	48.801000
1.228926	1653.325993	48.901000
1.228943	1652.730408	49.002000
1.228941	1652.514087	49.101000
1.228952	1652.261137	49.201000
1.228973	1652.089700	49.301000
1.228943	1651.784142	49.401000
1.228935	1651.599867	49.501000
1.228938	1651.318484	49.601000
1.228961	1651.079683	49.701000
1.228954	1650.845476	49.801000
1.228970	1650.602723	49.901000
1.228936	1650.369128	50.003000
1.228965	1650.176198	50.101000
1.228978	1650.007011	50.201000
1.229002	1649.698636	50.301000
1.229020	1649.474181	50.401000
1.229006	1649.262951	50.502000
1.229019	1649.077691	50.601000
1.229060	1648.781798	50.701000
1.229050	1648.520294	50.801000
1.229071	1648.292223	50.901000
1.229023	1648.070713	51.001000
1.229058	1647.818544	51.101000
1.229024	1647.593605	51.201000
1.229084	1647.334518	51.301000
1.229068	1647.116761	51.401000
1.229090	1646.875768	51.501000
1.229068	1646.669921	51.601000
1.229112	1646.456570	51.701000
1.229133	1646.187367	51.801000
1.229124	1645.976021	51.901000
1.229115	1645.753506	52.001000
1.229106	1645.553389	52.101000
1.229106	1645.287119	52.201000
1.229119	1645.048178	52.301000
1.229115	1644.812681	52.401000
1.229106	1644.592194	52.501000
1.229089	1644.367193	52.601000
1.229103	1644.162228	52.701000
1.229079	1643.943032	52.801000
1.229074	1643.687051	52.901000
1.229071	1643.445118	53.002000
1.229033	1643.227836	53.101000
1.229055	1642.999721	53.201000
1.229053	1642.769369	53.301000
1.229053	1642.526344	53.401000
1.229039	1642.309655	53.501000
1.229027	1642.067484	53.601000
1.229014	1641.841529	53.701000
1.229001	1641.657708	53.801000
1.228988	1641.383673	53.901000
1.229008	1641.544607	54.001000
1.228993	1641.533271	54.101000
1.228986	1641.047754	54.201000
1.229001	1640.487124	54.301000
1.228991	1640.263648	54.401000
1.228988	1640.031697	54.501000
1.228986	1639.807520	54.601000
1.228954	1639.592230	54.701000
1.228977	1639.357153	54.801000
1.229008	1639.165519	54.901000
1.229037	1638.860810	55.001000
1.229024	1638.694443	55.101000
1.229021	1638.406269	55.201000
1.229040	1638.174865	55.301000
1.229051	1637.959615	55.401000
1.229089	1637.728666	55.501000
1.229078	1637.513783	55.601000
1.229048	1637.301314	55.701000
1.229012	1637.096163	55.801000
1.229034	1636.856027	55.901000
1.229053	1636.689175	56.001000
1.229058	1636.407669	56.101000
1.229053	1636.157514	56.201000
1.229048	1635.923057	56.301000
1.229061	1635.697932	56.401000
1.229070	1635.465238	56.501000
1.229072	1635.240957	56.601000
1.229065	1635.024367	56.701000
1.229056	1634.786746	56.801000
1.229073	1634.559921	56.901000
1.229061	1634.357902	57.001000
1.229057	1634.117716	57.101000
1.229039	1633.860543	57.201000
1.229034	1633.643479	57.301000
1.229026	1633.424117	57.401000
1.229043	1633.191636	57.501000
1.229026	1632.976153	57.601000
1.229003	1632.738296	57.701000
1.229022	1632.510032	57.801000
1.228997	1632.272979	57.901000
1.229003	1632.043740	58.003000
1.228990	1631.913547	58.101000
1.228964	1631.629974	58.201000
1.228940	1631.425606	58.301000
1.228952	1631.195189	58.401000
1.228943	1630.977841	58.501000
1.228942	1630.746910	58.601000
1.228927	1630.519918	58.701000
1.228938	1630.300791	58.801000
1.228885	1630.078793	58.901000
1.228893	1629.832904	59.001000
1.228902	1629.606841	59.101000
1.228888	1629.772222	59.201000
1.228877	1629.782522	59.301000
1.228893	1629.204108	59.401000
1.228909	1628.698031	59.501000
1.228903	1628.451985	59.601000
1.228888	1628.223058	59.701000
1.228897	1627.994484	59.801000
1.228890	1627.756446	59.901000
1.228955	1627.510011	60.001000
1.228938	1627.345613	60.101000
1.228916	1627.079353	60.201000
1.228925	1626.835033	60.301000
1.228938	1626.596635	60.401000
1.228972	1626.361496	60.501000
1.228977	1626.130773	60.601000
1.229014	1625.906686	60.701000
1.229017	1625.694419	60.801000
1.229020	1625.471949	60.901000
1.229044	1625.217643	61.001000
1.229065	1624.983397	61.101000
1.229071	1624.768000	61.201000
1.229072	1624.578719	61.301000
1.229054	1624.327478	61.401000
1.229062	1624.094834	61.501000
1.229077	1623.847638	61.601000
1.229092	1623.611567	61.701000
1.229095	1623.387425	61.801000
1.229096	1623.179756	61.901000
1.229084	1622.976410	62.001000
1.229106	1622.755927	62.101000
1.229111	1622.533719	62.201000
1.229093	1622.319075	62.301000
1.229082	1622.145372	62.401000
1.229097	1621.854497	62.501000
1.229109	1621.606213	62.601000
1.229088	1621.391516	62.701000
1.229099	1621.180958	62.801000
1.229079	1620.950713	62.901000
1.229074	1620.724222	63.001000
1.229069	1620.497078	63.101000
1.229039	1620.289122	63.201000
1.229043	1620.067027	63.301000
1.229014	1619.852887	63.401000
1.229031	1619.675644	63.501000
1.229034	1619.380430	63.601000
1.229008	1619.154576	63.701000
1.229005	1618.909022	63.801000
1.228997	1618.690370	63.901000
1.228976	1618.471293	64.001000
1.228985	1618.255254	64.101000
1.228977	1618.006662	64.201000
1.228964	1617.780963	64.301000
1.228957	1617.699168	64.401000
1.228961	1618.065569	64.501000
1.228974	1617.542623	64.601000
1.228989	1616.895319	64.701000
1.229007	1616.751211	64.801000
1.228995	1616.472294	64.901000
1.228986	1616.250174	65.001000
1.228978	1616.039964	65.101000
1.229006	1615.765928	65.201000
1.229000	1615.544746	65.301000
1.229003	1615.316285	65.401000
1.229003	1615.081037	65.501000
1.229042	1614.892076	65.601000
1.229052	1614.631698	65.701000
1.229052	1614.407175	65.801000
1.229050	1614.180483	65.901000
1.229058	1613.975541	66.001000
1.229066	1613.767335	66.101000
1.229068	1613.523422	66.201000
1.229080	1613.293685	66.301000
1.229056	1613.088424	66.401000
1.229070	1612.859499	66.501000
1.229087	1612.610849	66.601000
1.229090	1612.444839	66.701000
1.229103	1612.153071	66.801000
1.229088	1611.937630	66.901000
1.229080	1611.707933	67.001000
1.229111	1611.476929	67.101000
1.229090	1611.259219	67.201000
1.229108	1611.037651	67.301000
1.229093	1610.813169	67.401000
1.229066	1610.800915	67.501000
1.229040	1610.419146	67.601000
1.229047	1610.146502	67.701000
1.229041	1609.933061	67.801000
1.229048	1609.672831	67.901000
1.229026	1609.450554	68.001000
1.228977	1609.276201	68.101000
1.228979	1609.015281	68.201000
1.229007	1608.779662	68.301000
1.228972	1608.563630	68.401000
1.228980	1608.344966	68.501000
1.228977	1608.124266	68.601000
1.228948	1607.916328	68.701000
1.228945	1607.701595	68.801000
1.228956	1607.473906	68.901000
1.228927	1607.264824	69.001000
1.228952	1607.037355	69.101000
1.228948	1606.810292	69.201000
1.228947	1606.588835	69.301000
1.228950	1606.353096	69.401000
1.228947	1606.113536	69.501000
1.228940	1605.898905	69.601000
1.228954	1606.390684	69.701000
1.228959	1605.865445	69.801000
1.228989	1605.227367	69.901000
1.228988	1604.952457	70.001000
1.228985	1604.770377	70.101000
1.229000	1604.580466	70.202000
1.229040	1604.325423	70.301000
1.229063	1603.998762	70.401000
1.229066	1603.775222	70.501000
1.229046	1603.579963	70.601000
1.229030	1603.334819	70.701000
1.229081	1603.087562	70.801000
1.229083	1602.900281	70.901000
1.229091	1602.657696	71.001000
1.229097	1602.421403	71.101000
1.229100	1602.221771	71.201000
1.229127	1602.005227	71.301000
1.229147	1601.783292	71.401000
1.229170	1601.551778	71.501000
1.229160	1601.328010	71.601000
1.229172	1601.095821	71.701000
1.229175	1600.862194	71.801000
1.229163	1600.649243	71.901000
1.229170	1600.472541	72.001000
1.229162	1600.215288	72.101000
1.229152	1599.966937	72.201000
1.229162	1599.723818	72.301000
1.229174	1599.503316	72.401000
1.229166	1599.309860	72.501000
1.229165	1599.061903	72.601000
1.229122	1598.858203	72.701000
1.229121	1598.626330	72.801000
1.229116	1598.398461	72.901000
1.229101	1598.196373	73.001000
1.229093	1597.978143	73.101000
1.229080	1597.728957	73.201000
1.229086	1597.499855	73.301000
1.229083	1597.274887	73.401000
1.229081	1597.043895	73.501000
1.229055	1596.833899	73.601000
1.229056	1596.611211	73.701000
1.229059	1596.389278	73.801000
1.229062	1596.162700	73.901000
1.229107	1595.914418	74.001000
1.229073	1595.764199	74.101000
1.229091	1595.474126	74.201000
1.229083	1595.217746	74.301000
1.229081	1594.998324	74.401000
1.229116	1594.755382	74.501000
1.229089	1594.550315	74.601000
1.229115	1594.312101	74.701000
1.229113	1594.074922	74.801000
1.229118	1594.335757	74.901000
1.229131	1594.156213	75.001000
1.229126	1593.624855	75.101000
1.229121	1593.217613	75.201000
1.229116	1592.925354	75.301000
1.229092	1592.706100	75.401000
1.229095	1592.486691	75.501000
1.229120	1592.244545	75.601000
1.229109	1592.038714	75.701000
1.229117	1591.796883	75.801000
1.229129	1591.577348	75.901000
1.229169	1591.322696	76.001000
1.229123	1591.132834	76.101000
1.229131	1590.906943	76.201000
1.229122	1590.668712	76.301000
1.229134	1590.440118	76.401000
1.229131	1590.236252	76.501000
1.229182	1589.995257	76.601000
1.229118	1589.789507	76.701000
1.229097	1589.563650	76.801000
1.229123	1589.369045	76.901000
1.229115	1589.108170	77.001000
1.229125	1588.877760	77.101000
1.229094	1588.662212	77.201000
1.229093	1588.491762	77.301000
1.229074	1588.204395	77.401000
1.229097	1587.972007	77.501000
1.229085	1587.744555	77.601000
1.229080	1587.526568	77.701000
1.229052	1587.324132	77.801000
1.229050	1587.106099	77.901000
1.229059	1586.874836	78.001000
1.229050	1586.641702	78.101000
1.229057	1586.411236	78.201000
1.229021	1586.193570	78.301000
1.229029	1585.996373	78.401000
1.229034	1585.719963	78.501000
1.229045	1585.486952	78.601000
1.229057	1585.257233	78.701000
1.229052	1585.028387	78.801000
1.229030	1584.813348	78.901000
1.229053	1584.587329	79.001000
1.229033	1584.370227	79.101000
1.229003	1584.159576	79.201000
1.229004	1583.931492	79.301000
1.228995	1583.733061	79.401000
1.229014	1583.484837	79.501000
1.229026	1583.236497	79.601000
1.229043	1583.001245	79.701000
1.229044	1582.770088	79.801000
1.229039	1582.537341	79.901000
1.229046	1582.311256	80.001000
1.229064	1582.642199	80.101000
1.229068	1582.395690	80.201000
1.229088	1581.813117	80.301000
1.229131	1581.389743	80.401000
1.229155	1581.220766	80.501000
1.229170	1580.940626	80.601000
1.229182	1580.718642	80.701000
1.229162	1580.490361	80.808000
1.229139	1580.976903	80.901000
1.229174	1580.536369	81.001000
1.229178	1579.857606	81.101000
1.229158	1579.590456	81.201000
1.229184	1579.345370	81.301000
1.229168	1579.132073	81.401000
1.229170	1578.915139	81.501000
1.229174	1578.687452	81.601000
1.229182	1578.482975	81.701000
1.229190	1578.262909	81.801000
1.229171	1578.062155	81.901000
1.229177	1577.835035	82.001000
1.229184	1577.631536	82.101000
1.229184	1577.369574	82.201000
1.229173	1577.154414	82.301000
1.229155	1576.936553	82.401000
1.229137	1576.716657	82.501000
1.229137	1576.489794	82.601000
1.229150	1576.245894	82.701000
1.229124	1576.042473	82.801000
1.229127	1575.813598	82.901000
1.229123	1575.596637	83.001000
1.229097	1575.375020	83.101000
1.229103	1575.154690	83.201000
1.229089	1574.941689	83.301000
1.229083	1574.712967	83.401000
1.229086	1574.473630	83.501000
1.229118	1574.251151	83.601000
1.229167	1574.062301	83.701000
1.229166	1573.783782	83.801000
1.229181	1573.544283	83.901000
1.229140	1573.321087	84.001000
1.229167	1573.091399	84.101000
1.229181	1572.874132	84.201000
1.229220	1572.648808	84.301000
1.229220	1572.414385	84.401000
1.229231	1572.191270	84.501000
1.229248	1571.965521	84.601000
1.229272	1571.742132	84.701000
1.229269	1571.532217	84.801000
1.229282	1571.251398	84.901000
1.229292	1571.026349	85.001000
1.229274	1570.821021	85.101000
1.229278	1570.569215	85.201000
1.229290	1570.752458	85.301000
1.229306	1570.678915	85.401000
1.229291	1570.127867	85.501000
1.229291	1569.663474	85.601000
1.229275	1569.459421	85.701000
1.229274	1569.282322	85.801000
1.229263	1569.021452	85.901000
1.229221	1568.798007	86.001000
1.229211	1568.585774	86.101000
1.229190	1568.353799	86.201000
1.229237	1568.108567	86.301000
1.229238	1567.886165	86.401000
1.229209	1567.674319	86.501000
1.229176	1567.465702	86.601000
1.229180	1567.242805	86.701000
1.229171	1567.020817	86.801000
1.229171	1566.855076	86.901000
1.229152	1566.601114	87.001000
1.229152	1566.379087	87.101000
1.229147	1566.163792	87.201000
1.229103	1565.964704	87.301000
1.229089	1565.720011	87.401000
1.229079	1565.494134	87.501000
1.229073	1565.280139	87.601000
1.229053	1565.074167	87.701000
1.229074	1564.839528	87.801000
1.229061	1564.641685	87.901000
1.229089	1564.415241	88.001000
1.229068	1564.162810	88.101000
1.229075	1563.956141	88.201000
1.229095	1563.735939	88.301000
1.229125	1563.503891	88.401000
1.229110	1563.294657	88.501000
1.229097	1563.093822	88.601000
1.229116	1562.863120	88.701000
1.229103	1562.636669	88.801000
1.229156	1562.384327	88.901000
1.229150	1562.196005	89.001000
1.229181	1561.944186	89.101000
1.229170	1561.698993	89.201000
1.229172	1561.463738	89.301000
1.229180	1561.232305	89.401000
1.229199	1561.014107	89.501000
1.229172	1560.802512	89.601000
1.229174	1560.584838	89.701000
1.229185	1560.361298	89.801000
1.229214	1560.120005	89.901000
1.229227	1559.876804	90.001000
1.229226	1559.734832	90.101000
1.229216	1559.440411	90.201000
1.229224	1559.216527	90.301000
1.229222	1558.991778	90.401000
1.229237	1559.081567	90.501000
1.229237	1559.141280	90.601000
1.229202	1558.712418	90.701000
1.229202	1558.109033	90.801000
1.229227	1557.868577	90.901000
1.229228	1557.644680	91.001000
1.229242	1557.443817	91.101000
1.229232	1557.272928	91.201000
1.229218	1557.000130	91.301000
1.229213	1556.775280	91.401000
1.229203	1556.557783	91.501000
1.229181	1556.334007	91.601000
1.229147	1556.119004	91.701000
1.229145	1555.886378	91.801000
1.229157	1555.664683	91.901000
1.229152	1555.454248	92.001000
1.229134	1555.236017	92.101000
1.229130	1555.039895	92.201000
1.229153	1554.847440	92.301000
1.229098	1554.626306	92.401000
1.229104	1554.417249	92.501000
1.229082	1554.175070	92.601000
1.229069	1553.962210	92.701000
1.229067	1553.729013	92.801000
1.229078	1553.500269	92.901000
1.229078	1553.279543	93.001000
1.229071	1553.061153	93.101000
1.229085	1552.841775	93.201000
1.229092	1552.634953	93.301000
1.229112	1552.369459	93.401000
1.229144	1552.134012	93.501000
1.229165	1551.903411	93.601000
1.229175	1551.677939	93.701000
1.229161	1551.449844	93.801000
1.229172	1551.221565	93.901000
1.229212	1550.972893	94.001000
1.229225	1550.735311	94.101000
1.229240	1550.514102	94.201000
1.229220	1550.294423	94.301000
1.229258	1550.109390	94.401000
1.229282	1549.801265	94.501000
1.229278	1549.575949	94.601000
1.229260	1549.347871	94.701000
1.229267	1549.132958	94.801000
1.229270	1548.916942	94.901000
1.229304	1548.678657	95.001000
1.229303	1548.473675	95.101000
1.229276	1548.265364	95.201000
1.229291	1548.043533	95.301000
1.229272	1547.835894	95.401000
1.229306	1547.610845	95.501000
1.229319	1547.359806	95.601000
1.229313	1547.130820	95.701000
1.229296	1547.562846	95.801000
1.229298	1547.231872	95.901000
1.229314	1546.577546	96.001000
