-7.000000E+01,-5.966077E-06,+9.910000E+37,+4.763103E+03,+2.150800E+04,
-6.900000E+01,-5.798421E-06,+9.910000E+37,+4.764165E+03,+2.150800E+04,
-6.800000E+01,-5.693974E-06,+9.910000E+37,+4.765225E+03,+2.150800E+04,
-6.700000E+01,-5.608145E-06,+9.910000E+37,+4.766286E+03,+2.150800E+04,
-6.600000E+01,-5.530198E-06,+9.910000E+37,+4.767367E+03,+2.150800E+04,
-6.500000E+01,-5.457010E-06,+9.910000E+37,+4.768425E+03,+2.150800E+04,
-6.400000E+01,-5.385896E-06,+9.910000E+37,+4.769507E+03,+2.150800E+04,
-6.300000E+01,-5.316163E-06,+9.910000E+37,+4.770566E+03,+2.150800E+04,
-6.200000E+01,-5.247620E-06,+9.910000E+37,+4.771624E+03,+2.150800E+04,
-6.100000E+01,-5.179332E-06,+9.910000E+37,+4.772711E+03,+2.150800E+04,
-6.000000E+01,-5.111658E-06,+9.910000E+37,+4.773770E+03,+2.150800E+04,
-5.900000E+01,-5.043597E-06,+9.910000E+37,+4.774864E+03,+2.150800E+04,
-5.800000E+01,-4.975704E-06,+9.910000E+37,+4.775923E+03,+2.150800E+04,
-5.700000E+01,-4.907639E-06,+9.910000E+37,+4.776984E+03,+2.150800E+04,
-5.600000E+01,-4.839534E-06,+9.910000E+37,+4.778046E+03,+2.150800E+04,
-5.500000E+01,-4.771057E-06,+9.910000E+37,+4.779104E+03,+2.150800E+04,
-5.400000E+01,-4.701858E-06,+9.910000E+37,+4.780164E+03,+2.150800E+04,
-5.300000E+01,-4.632833E-06,+9.910000E+37,+4.781225E+03,+2.150800E+04,
-5.200000E+01,-4.563399E-06,+9.910000E+37,+4.782283E+03,+2.150800E+04,
-5.100000E+01,-4.493730E-06,+9.910000E+37,+4.783364E+03,+2.150800E+04,
-5.000000E+01,-4.423054E-06,+9.910000E+37,+4.784423E+03,+2.150800E+04,
-4.900000E+01,-4.352621E-06,+9.910000E+37,+4.785480E+03,+2.150800E+04,
-4.800000E+01,-4.281615E-06,+9.910000E+37,+4.786562E+03,+2.150800E+04,
-4.700000E+01,-4.210070E-06,+9.910000E+37,+4.787623E+03,+2.150800E+04,
-4.600000E+01,-4.137601E-06,+9.910000E+37,+4.788681E+03,+2.150800E+04,
-4.500000E+01,-4.064716E-06,+9.910000E+37,+4.789740E+03,+2.150800E+04,
-4.400000E+01,-3.991311E-06,+9.910000E+37,+4.790826E+03,+2.150800E+04,
-4.300000E+01,-3.917095E-06,+9.910000E+37,+4.791884E+03,+2.150800E+04,
-4.200000E+01,-3.841976E-06,+9.910000E+37,+4.792942E+03,+2.150800E+04,
-4.100000E+01,-3.766331E-06,+9.910000E+37,+4.794001E+03,+2.150800E+04,
-4.000000E+01,-3.689858E-06,+9.910000E+37,+4.795061E+03,+2.150800E+04,
-3.900000E+01,-3.612370E-06,+9.910000E+37,+4.796140E+03,+2.150800E+04,
-3.800000E+01,-3.533704E-06,+9.910000E+37,+4.797198E+03,+2.150800E+04,
-3.700000E+01,-3.454094E-06,+9.910000E+37,+4.798279E+03,+2.150800E+04,
-3.600000E+01,-3.373304E-06,+9.910000E+37,+4.799341E+03,+2.150800E+04,
-3.500000E+01,-3.291003E-06,+9.910000E+37,+4.800396E+03,+2.150800E+04,
-3.400000E+01,-3.207355E-06,+9.910000E+37,+4.801456E+03,+2.150800E+04,
-3.300000E+01,-3.121896E-06,+9.910000E+37,+4.802518E+03,+2.150800E+04,
-3.200000E+01,-3.035030E-06,+9.910000E+37,+4.803576E+03,+2.150800E+04,
-3.100000E+01,-2.945925E-06,+9.910000E+37,+4.804636E+03,+2.150800E+04,
-3.000000E+01,-2.854769E-06,+9.910000E+37,+4.805693E+03,+2.150800E+04,
-2.900000E+01,-2.760389E-06,+9.910000E+37,+4.806765E+03,+2.150800E+04,
-2.800000E+01,-2.663643E-06,+9.910000E+37,+4.807852E+03,+2.150800E+04,
-2.700000E+01,-2.562868E-06,+9.910000E+37,+4.808909E+03,+2.150800E+04,
-2.600000E+01,-2.457947E-06,+9.910000E+37,+4.809971E+03,+2.150800E+04,
-2.500000E+01,-2.347535E-06,+9.910000E+37,+4.811028E+03,+2.150800E+04,
-2.400000E+01,-2.231622E-06,+9.910000E+37,+4.812113E+03,+2.150800E+04,
-2.300000E+01,-2.108038E-06,+9.910000E+37,+4.813174E+03,+2.150800E+04,
-2.200000E+01,-1.975305E-06,+9.910000E+37,+4.814235E+03,+2.150800E+04,
-2.100000E+01,-1.831338E-06,+9.910000E+37,+4.815295E+03,+2.150800E+04,
-2.000000E+01,-1.673401E-06,+9.910000E+37,+4.816381E+03,+2.150800E+04,
-1.900000E+01,-1.499319E-06,+9.910000E+37,+4.817442E+03,+2.150800E+04,
-1.800000E+01,-1.305744E-06,+9.910000E+37,+4.818532E+03,+2.150800E+04,
-1.700000E+01,-1.089729E-06,+9.910000E+37,+4.819592E+03,+2.150800E+04,
-1.600000E+01,-8.484509E-07,+9.910000E+37,+4.820653E+03,+2.150800E+04,
-1.500000E+01,-5.834872E-07,+9.910000E+37,+4.821732E+03,+2.150800E+04,
-1.400000E+01,-2.950036E-07,+9.910000E+37,+4.822788E+03,+2.150800E+04,
-1.300000E+01,+4.899420E-10,+9.910000E+37,+4.823846E+03,+2.150800E+04,
-1.200000E+01,+2.721786E-07,+9.91000
































current through plasma (-mA) <tab> voltage across plasma (-V) <tab> time (sec)
1.230061	2224.000380	0.001000
1.229300	2223.727141	0.101000
1.228963	2223.621525	0.201000
1.228760	2223.407250	0.301000
1.228743	2223.068719	0.401000
1.228728	2222.734436	0.501000
1.228714	2222.400418	0.601000
1.228680	2222.063583	0.701000
1.228697	2221.732673	0.801000
1.228717	2221.362760	0.901000
1.228752	2221.002918	1.001000
1.228727	2220.832959	1.101000
1.228724	2220.999752	1.201000
1.228729	2220.448556	1.301000
1.228716	2219.628806	1.402000
1.228714	2219.295118	1.501000
1.228702	2218.962696	1.601000
1.228734	2218.626420	1.701000
1.228742	2218.280819	1.801000
1.228709	2217.956233	1.901000
1.228687	2217.625600	2.001000
1.228654	2217.290574	2.101000
1.228690	2216.930476	2.201000
1.228675	2216.612673	2.301000
1.228685	2216.274465	2.401000
1.228693	2215.881362	2.501000
1.228705	2215.546814	2.601000
1.228718	2215.208842	2.701000
1.228674	2214.880418	2.801000
1.228667	2214.547251	2.901000
1.228671	2214.195535	3.001000
1.228705	2213.842464	3.101000
1.228714	2213.499791	3.201000
1.228730	2213.151490	3.301000
1.228748	2212.860449	3.401000
1.228762	2212.478041	3.501000
1.228766	2212.130487	3.601000
1.228786	2211.785020	3.701000
1.228800	2211.443776	3.801000
1.228856	2211.088862	3.901000
1.228846	2210.754684	4.001000
1.228837	2210.420399	4.101000
1.228873	2210.066721	4.201000
1.228868	2209.728935	4.301000
1.228878	2209.386166	4.401000
1.228848	2209.115511	4.501000
1.228816	2208.731856	4.601000
1.228790	2208.407617	4.701000
1.228826	2208.060505	4.801000
1.228837	2207.709362	4.901000
1.228817	2207.375245	5.001000
1.228823	2207.052742	5.101000
1.228824	2206.717404	5.201000
1.228849	2206.397467	5.301000
1.228815	2206.087830	5.401000
1.228801	2205.770844	5.501000
1.228759	2205.473216	5.601000
1.228747	2205.104114	5.701000
1.228765	2204.774880	5.801000
1.228750	2204.435830	5.901000
1.228772	2204.092313	6.001000
1.228753	2203.767985	6.101000
1.228736	2203.462887	6.201000
1.228730	2203.204515	6.301000
1.228721	2203.461119	6.401000
1.228725	2202.941468	6.501000
1.228746	2202.183834	6.601000
1.228720	2201.823348	6.701000
1.228719	2201.449547	6.801000
1.228758	2201.101834	6.901000
1.228764	2200.760365	7.001000
1.228727	2200.456329	7.101000
1.228686	2200.140773	7.201000
1.228645	2199.813581	7.301000
1.228639	2199.478342	7.401000
1.228654	2199.132898	7.501000
1.228598	2198.825226	7.601000
1.228566	2198.536360	7.701000
1.228594	2198.139547	7.801000
1.228661	2197.780791	7.901000
1.228702	2197.441311	8.001000
1.228679	2197.129169	8.101000
1.228681	2196.787349	8.201000
1.228698	2196.463915	8.301000
1.228719	2196.128875	8.401000
1.228727	2195.780259	8.501000
1.228726	2195.454733	8.601000
1.228749	2195.127277	8.701000
1.228810	2194.844547	8.801000
1.228828	2194.454326	8.901000
1.228809	2194.145021	9.001000
1.228802	2193.816797	9.101000
1.228809	2193.474253	9.201000
1.228851	2193.136547	9.301000
1.228837	2192.799826	9.401000
1.228852	2192.458403	9.501000
1.228894	2192.108656	9.601000
1.228896	2191.786952	9.701000
1.228909	2191.484483	9.801000
1.228897	2191.176206	9.901000
1.228869	2190.809726	10.001000
1.228847	2190.470333	10.101000
1.228843	2190.138256	10.201000
1.228822	2189.814558	10.301000
1.228793	2189.479526	10.401000
1.228843	2189.132107	10.501000
1.228845	2188.819016	10.601000
1.228865	2188.496779	10.701000
1.228866	2188.176252	10.801000
1.228882	2187.878392	10.901000
1.228924	2187.530035	11.001000
1.228926	2187.193872	11.101000
1.228902	2186.874084	11.201000
1.228873	2186.555856	11.301000
1.228870	2186.208786	11.401000
1.228896	2185.877946	11.501000
1.228906	2186.126228	11.601000
1.228907	2185.759643	11.701000
1.228839	2185.137535	11.801000
1.228805	2184.621962	11.901000
1.228801	2184.338264	12.001000
1.228797	2183.977603	12.101000
1.228758	2183.641301	12.201000
1.228756	2183.302604	12.301000
1.228774	2182.983900	12.401000
1.228815	2182.678997	12.501000
1.228793	2182.390384	12.601000
1.228766	2182.067326	12.701000
1.228756	2181.731298	12.801000
1.228750	2181.433139	12.901000
1.228758	2181.109817	13.001000
1.228729	2180.867887	13.101000
1.228724	2180.455735	13.201000
1.228741	2180.136118	13.301000
1.228762	2179.822199	13.401000
1.228764	2179.513175	13.501000
1.228776	2179.167714	13.601000
1.228776	2178.850009	13.701000
1.228757	2178.533580	13.801000
1.228779	2178.210840	13.901000
1.228780	2177.903335	14.001000
1.228818	2177.572223	14.101000
1.228826	2177.265791	14.201000
1.228791	2176.924411	14.301000
1.228795	2176.610200	14.401000
1.228789	2176.294523	14.501000
1.228786	2175.969212	14.601000
1.228786	2175.651243	14.701000
1.228784	2175.334837	14.801000
1.228752	2175.010958	14.901000
1.228777	2174.682977	15.001000
1.228837	2174.353667	15.101000
1.228866	2174.058906	15.201000
1.228874	2173.728400	15.301000
1.228863	2173.381380	15.401000
1.228875	2173.050266	15.501000
1.228907	2172.715117	15.601000
1.228930	2172.389882	15.701000
1.228895	2172.089154	15.801000
1.228897	2171.778167	15.901000
1.228915	2171.443925	16.001000
1.228946	2171.132167	16.101000
1.228954	2170.818439	16.201000
1.228939	2170.583899	16.301000
1.228910	2170.218989	16.401000
1.228928	2169.891797	16.501000
1.228968	2169.555304	16.601000
1.228958	2169.245368	16.701000
1.228957	2169.144484	16.801000
1.228931	2169.284929	16.901000
1.228921	2168.693708	17.001000
1.228943	2168.002796	17.101000
1.228977	2167.652812	17.201000
1.228952	2167.372448	17.301000
1.228918	2167.094928	17.401000
1.228895	2166.717348	17.501000
1.228874	2166.398546	17.601000
1.228880	2166.083320	17.701000
1.228856	2165.741773	17.801000
1.228823	2165.452568	17.901000
1.228848	2165.125676	18.001000
1.228840	2164.810807	18.101000
1.228827	2164.484891	18.201000
1.228820	2164.171573	18.301000
1.228795	2163.886574	18.401000
1.228806	2163.553588	18.501000
1.228773	2163.208407	18.601000
1.228759	2162.907690	18.701000
1.228765	2162.595577	18.801000
1.228778	2162.244056	18.901000
1.228752	2161.957678	19.001000
1.228776	2161.650512	19.101000
1.228796	2161.343642	19.201000
1.228760	2161.032567	19.301000
1.228749	2160.708808	19.401000
1.228776	2160.442522	19.501000
1.228781	2160.049055	19.601000
1.228798	2159.727598	19.701000
1.228825	2159.421478	19.801000
1.228820	2159.108886	19.901000
1.228780	2158.819849	20.001000
1.228796	2158.506454	20.101000
1.228753	2158.201293	20.201000
1.228765	2157.888457	20.301000
1.228763	2157.574008	20.401000
1.228789	2157.261526	20.501000
1.228791	2156.978054	20.601000
1.228772	2156.602739	20.701000
1.228791	2156.284128	20.801000
1.228788	2155.964509	20.901000
1.228763	2155.658931	21.001000
1.228773	2155.343752	21.101000
1.228801	2155.005310	21.201000
1.228825	2154.685619	21.301000
1.228840	2154.370593	21.401000
1.228811	2154.058953	21.501000
1.228822	2153.755734	21.601000
1.228856	2153.438109	21.701000
1.228836	2153.105274	21.801000
1.228810	2152.804391	21.901000
1.228832	2152.499059	22.001000
1.228850	2152.741062	22.101000
1.228866	2152.374017	22.201000
1.228869	2151.727021	22.301000
1.228815	2151.234614	22.401000
1.228821	2150.909083	22.501000
1.228804	2150.587821	22.601000
1.228824	2150.339326	22.701000
1.228832	2149.975178	22.801000
1.228826	2149.759524	22.901000
1.228808	2150.107622	23.001000
1.228812	2149.306089	23.101000
1.228826	2148.678943	23.201000
1.228844	2148.377127	23.301000
1.228822	2148.070348	23.401000
1.228808	2147.763468	23.501000
1.228844	2147.449281	23.601000
1.228841	2147.171914	23.701000
1.228839	2146.926950	23.801000
1.228814	2146.563287	23.901000
1.228800	2146.248284	24.001000
1.228807	2145.988158	24.101000
1.228800	2145.641834	24.201000
1.228818	2145.314472	24.301000
1.228792	2144.990644	24.401000
1.228817	2144.670510	24.501000
1.228819	2144.375147	24.601000
1.228845	2144.071948	24.701000
1.228846	2143.768253	24.801000
1.228823	2143.500523	24.901000
1.228844	2143.134133	25.001000
1.228843	2142.830732	25.101000
1.228842	2142.515061	25.201000
1.228867	2142.201444	25.301000
1.228860	2141.885902	25.401000
1.228873	2141.572826	25.501000
1.228875	2141.269453	25.601000
1.228883	2140.948048	25.701000
1.228879	2140.642393	25.801000
1.228901	2140.351411	25.901000
1.228924	2140.010261	26.001000
1.228916	2139.687703	26.101000
1.228902	2139.371308	26.201000
1.228927	2139.025685	26.301000
1.228938	2138.710135	26.401000
1.228936	2138.396344	26.501000
1.228927	2138.091842	26.601000
1.228922	2137.796098	26.701000
1.228934	2137.498140	26.801000
1.228918	2137.185170	26.901000
1.228952	2136.912213	27.001000
1.228943	2136.555078	27.101000
1.228934	2136.238716	27.201000
1.228931	2136.358465	27.301000
1.228968	2136.178515	27.401000
1.228962	2135.578626	27.501000
1.228952	2135.046421	27.601000
1.228940	2134.755771	27.701000
1.228949	2134.421393	27.801000
1.228940	2134.121107	27.901000
1.228934	2133.817880	28.001000
1.228894	2133.563509	28.101000
1.228875	2133.188686	28.201000
1.228909	2132.873443	28.301000
1.228901	2132.573258	28.401000
1.228866	2132.271799	28.501000
1.228848	2131.965092	28.601000
1.228794	2131.683579	28.701000
1.228769	2131.375794	28.801000
1.228777	2131.068556	28.901000
1.228778	2130.748038	29.001000
1.228756	2130.484570	29.101000
1.228734	2130.185720	29.201000
1.228777	2129.856296	29.301000
1.228786	2129.534517	29.401000
1.228780	2129.237838	29.501000
1.228767	2128.937812	29.601000
1.228779	2128.614687	29.701000
1.228797	2128.308703	29.801000
1.228823	2128.008184	29.901000
1.228802	2127.703316	30.001000
1.228795	2127.392004	30.101000
1.228791	2127.122120	30.201000
1.228826	2126.758010	30.301000
1.228865	2126.439639	30.401000
1.228867	2126.119626	30.501000
1.228815	2125.838258	30.601000
1.228770	2125.555365	30.701000
1.228796	2125.239553	30.801000
1.228808	2124.917914	30.901000
1.228812	2124.600670	31.001000
1.228798	2124.329700	31.101000
1.228819	2123.999202	31.201000
1.228828	2123.757145	31.301000
1.228879	2123.407827	31.401000
1.228879	2123.105850	31.501000
1.228868	2122.804402	31.601000
1.228868	2122.486894	31.701000
1.228864	2122.174506	31.801000
1.228899	2121.875248	31.901000
1.228902	2121.578278	32.001000
1.228913	2121.277006	32.101000
1.228929	2120.945810	32.201000
1.228943	2120.675386	32.301000
1.228968	2120.366126	32.401000
1.228972	2120.281994	32.501000
1.228973	2120.301980	32.601000
1.228999	2119.814617	32.701000
1.229036	2119.078529	32.801000
1.229013	2118.770926	32.901000
1.229019	2118.462616	33.001000
1.229040	2118.164110	33.101000
1.229030	2117.852482	33.201000
1.229055	2117.543695	33.301000
1.229063	2117.277089	33.401000
1.229019	2116.941177	33.501000
1.228974	2116.632298	33.601000
1.228943	2116.356499	33.701000
1.228919	2116.047059	33.801000
1.228897	2115.753001	33.901000
1.228907	2115.429581	34.001000
1.228907	2115.127070	34.101000
1.228861	2114.821538	34.201000
1.228859	2114.514748	34.301000
1.228852	2114.218627	34.401000
1.228807	2113.997573	34.501000
1.228794	2113.612073	34.601000
1.228825	2113.288143	34.701000
1.228818	2112.997300	34.801000
1.228781	2112.696566	34.901000
1.228773	2112.393460	35.001000
1.228800	2112.073276	35.101000
1.228772	2111.784564	35.201000
1.228766	2111.509091	35.301000
1.228745	2111.222450	35.401000
1.228689	2110.946584	35.501000
1.228718	2110.664985	35.601000
1.228747	2110.314266	35.701000
1.228754	2110.009613	35.801000
1.228735	2109.721032	35.901000
1.228763	2109.393780	36.001000
1.228772	2109.098332	36.101000
1.228771	2108.788777	36.201000
1.228768	2108.495030	36.301000
1.228729	2108.214205	36.401000
1.228741	2107.896336	36.501000
1.228728	2107.611571	36.601000
1.228761	2107.299952	36.701000
1.228735	2106.976354	36.801000
1.228771	2106.667215	36.901000
1.228774	2106.348206	37.001000
1.228804	2106.059886	37.101000
1.228795	2105.749347	37.201000
1.228770	2105.456540	37.301000
1.228776	2105.143484	37.401000
1.228806	2104.819990	37.501000
1.228834	2104.514948	37.601000
1.228814	2104.270008	37.701000
1.228832	2104.480194	37.801000
1.228852	2104.117677	37.901000
1.228867	2103.451621	38.001000
1.228892	2102.985525	38.101000
1.228877	2102.667134	38.201000
1.228884	2102.365367	38.301000
1.228871	2102.073482	38.401000
1.228850	2101.779996	38.501000
1.228858	2101.463453	38.601000
1.228845	2101.187449	38.701000
1.228818	2100.905234	38.801000
1.228826	2100.548424	38.901000
1.228860	2100.252085	39.001000
1.228873	2099.953296	39.101000
1.228863	2099.675980	39.201000
1.228810	2099.392402	39.301000
1.228844	2099.106554	39.401000
1.228835	2098.784357	39.501000
1.228827	2098.485469	39.601000
1.228841	2098.182319	39.701000
1.228816	2097.932343	39.801000
1.228824	2097.597577	39.901000
1.228798	2097.277211	40.001000
1.228831	2096.964576	40.101000
1.228817	2096.675239	40.201000
1.228791	2096.359683	40.302000
1.228782	2096.060734	40.401000
1.228795	2095.751230	40.501000
1.228824	2095.426248	40.601000
1.228811	2095.136565	40.701000
1.228810	2094.830339	40.801000
1.228794	2094.582497	40.901000
1.228810	2094.224353	41.001000
1.228825	2093.922803	41.101000
1.228834	2093.625030	41.201000
1.228817	2093.342449	41.301000
1.228804	2093.039026	41.401000
1.228797	2092.748919	41.501000
1.228812	2092.433591	41.601000
1.228818	2092.131261	41.701000
1.228793	2091.832283	41.801000
1.228802	2091.539658	41.901000
1.228846	2091.270122	42.001000
1.228801	2090.927071	42.101000
1.228808	2090.607986	42.201000
1.228804	2090.303170	42.301000
1.228790	2089.995419	42.401000
1.228824	2089.680446	42.501000
1.228841	2089.367806	42.601000
1.228848	2089.059294	42.701000
1.228847	2088.740254	42.801000
1.228867	2088.429752	42.901000
1.228874	2088.505289	43.001000
1.228872	2088.482888	43.101000
1.228919	2087.824631	43.201000
1.228923	2087.221253	43.301000
1.228908	2086.918535	43.401000
1.228928	2086.642930	43.501000
1.228958	2086.317933	43.601000
1.228974	2086.036433	43.701000
1.228983	2085.703851	43.801000
1.228965	2085.411823	43.901000
1.228977	2085.107756	44.001000
1.228962	2084.881028	44.101000
1.228990	2084.517999	44.201000
1.228962	2084.223216	44.301000
1.228913	2083.929420	44.401000
1.228904	2083.623110	44.501000
1.228933	2083.310996	44.601000
1.228948	2083.003246	44.701000
1.228970	2082.699284	44.801000
1.228952	2082.410691	44.901000
1.228906	2082.140393	45.001000
1.228936	2081.818967	45.101000
1.228948	2081.574980	45.201000
1.228941	2081.212676	45.301000
1.228976	2080.914179	45.401000
1.228960	2080.626550	45.501000
1.228956	2080.318353	45.601000
1.228953	2080.030623	45.701000
1.228980	2079.710164	45.801000
1.228964	2079.428852	45.901000
1.228974	2079.129970	46.001000
1.228977	2078.844647	46.101000
1.228972	2078.551586	46.201000
1.228961	2078.307057	46.301000
1.228948	2077.963780	46.401000
1.228930	2077.669467	46.501000
1.228929	2077.372909	46.601000
1.228959	2077.063614	46.701000
1.228946	2076.768147	46.801000
1.228953	2076.465615	46.901000
1.228940	2076.184894	47.001000
1.228947	2075.914907	47.101000
1.228962	2075.598886	47.201000
1.228927	2075.347778	47.301000
1.228956	2075.019858	47.401000
1.228966	2074.702476	47.501000
1.228988	2074.397578	47.601000
1.228981	2074.102495	47.701000
1.229007	2073.792639	47.801000
1.229031	2073.498008	47.901000
1.229041	2073.193848	48.001000
1.229071	2072.899845	48.101000
1.229109	2072.734774	48.201000
1.229091	2072.982844	48.301000
1.229121	2072.526784	48.401000
1.229136	2071.721289	48.501000
1.229162	2071.398168	48.601000
1.229174	2071.104698	48.701000
1.229194	2070.774434	48.801000
1.229195	2070.464874	48.901000
1.229203	2070.165797	49.001000
1.229175	2069.886325	49.101000
1.229164	2069.591913	49.201000
1.229118	2069.304527	49.301000
1.229110	2068.999609	49.401000
1.229114	2068.755623	49.501000
1.229123	2068.410397	49.601000
1.229127	2068.112296	49.701000
1.229152	2067.803254	49.801000
1.229147	2067.510463	49.901000
1.229136	2067.219226	50.001000
1.229127	2066.947487	50.101000
1.229133	2066.630434	50.201000
1.229159	2066.355249	50.301000
1.229158	2066.041112	50.401000
1.229131	2065.760788	50.501000
1.229121	2065.489282	50.601000
1.229115	2065.151517	50.701000
1.229127	2064.836370	50.801000
1.229137	2064.545992	50.901000
1.229143	2064.261320	51.001000
1.229108	2064.001513	51.101000
1.229085	2063.724748	51.201000
1.229065	2063.424019	51.301000
1.229068	2063.118853	51.401000
1.229052	2062.832481	51.501000
1.229051	2062.585124	51.601000
1.229059	2062.256443	51.701000
1.229046	2061.947962	51.801000
1.229051	2061.639482	51.901000
1.229037	2061.358297	52.001000
1.229006	2061.098663	52.101000
1.228959	2060.793844	52.201000
1.228934	2060.484566	52.301000
1.228925	2060.199241	52.401000
1.228922	2059.905905	52.501000
1.228927	2059.603923	52.601000
1.228932	2059.347745	52.701000
1.228916	2059.004408	52.801000
1.228947	2058.694032	52.901000
1.228927	2058.420589	53.001000
1.228917	2058.122815	53.101000
1.228976	2057.807495	53.201000
1.229004	2057.511700	53.301000
1.229017	2057.221603	53.401000
1.228974	2057.576274	53.501000
1.229009	2057.143043	53.601000
1.228957	2056.556447	53.701000
1.228987	2056.065823	53.801000
1.229025	2055.717955	53.901000
1.229043	2055.427728	54.001000
1.228997	2055.174669	54.101000
1.229011	2054.845297	54.201000
1.228999	2054.550716	54.301000
1.229017	2054.258548	54.401000
1.229012	2053.966644	54.501000
1.229016	2053.659468	54.601000
1.229046	2053.352407	54.701000
1.229039	2053.066553	54.801000
1.229051	2052.798173	54.901000
1.229031	2052.483858	55.001000
1.229055	2052.192298	55.101000
1.229057	2051.911922	55.201000
1.229098	2051.589022	55.301000
1.229100	2051.294814	55.401000
1.229100	2051.019004	55.501000
1.229085	2050.719040	55.601000
1.229096	2050.422600	55.701000
1.229079	2050.113794	55.801000
1.229113	2049.839602	55.901000
1.229090	2049.525434	56.001000
1.229113	2049.223157	56.101000
1.229118	2048.917892	56.201000
1.229152	2048.618699	56.301000
1.229164	2048.299765	56.401000
1.229139	2048.013651	56.501000
1.229122	2047.727533	56.601000
1.229116	2047.425177	56.701000
1.229133	2047.123616	56.801000
1.229156	2046.819107	56.901000
1.229123	2046.572459	57.001000
1.229114	2046.228845	57.101000
1.229065	2045.940574	57.201000
1.229055	2045.648158	57.301000
1.229034	2045.360755	57.401000
1.229033	2045.062566	57.501000
1.229019	2044.774215	57.601000
1.229029	2044.481960	57.701000
1.229030	2044.182515	57.801000
1.229049	2043.870082	57.901000
1.229037	2043.587408	58.001000
1.229022	2043.364716	58.101000
1.229041	2043.006935	58.201000
1.229040	2042.702961	58.301000
1.229039	2042.399300	58.401000
1.229046	2042.088789	58.501000
1.229032	2041.804045	58.601000
1.229060	2042.081503	58.701000
1.229040	2041.740238	58.801000
1.229068	2041.027214	58.901000
1.229045	2040.610286	59.001000
1.229019	2040.369311	59.101000
1.228997	2040.115907	59.201000
1.229009	2039.776049	59.301000
1.229013	2039.479608	59.401000
1.229015	2039.178503	59.501000
1.229013	2038.886948	59.601000
1.228998	2038.610441	59.701000
1.229002	2038.281997	59.801000
1.229041	2037.976032	59.901000
1.229065	2037.659123	60.001000
1.229058	2037.382384	60.101000
1.229036	2037.119465	60.201000
1.229031	2036.793087	60.301000
1.229057	2036.449877	60.401000
1.229082	2036.138998	60.501000
1.229068	2035.851636	60.601000
1.229057	2035.586988	60.701000
1.229061	2035.253338	60.801000
1.229087	2034.959271	60.901000
1.229076	2034.668650	61.001000
1.229069	2034.379324	61.101000
1.229079	2034.085159	61.201000
1.229097	2033.844782	61.301000
1.229088	2033.486012	61.401000
1.229088	2033.206633	61.501000
1.229068	2032.905343	61.601000
1.229089	2032.601707	61.701000
1.229081	2032.294737	61.801000
1.229084	2031.997026	61.901000
1.229101	2031.707098	62.001000
1.229118	2031.561130	62.101000
1.229081	2031.105972	62.201000
1.229088	2030.830058	62.301000
1.229108	2030.535373	62.401000
1.229097	2030.212541	62.501000
1.229090	2029.917766	62.601000
1.229079	2029.618698	62.701000
1.229063	2029.328886	62.801000
1.229064	2029.037096	62.901000
1.229109	2028.742338	63.001000
1.229078	2028.474199	63.101000
1.229076	2028.206471	63.201000
1.229061	2027.915930	63.301000
1.229079	2027.664766	63.401000
1.229076	2027.332174	63.501000
1.229059	2027.020530	63.601000
1.229032	2026.739939	63.701000
1.229017	2026.446756	63.801000
1.229038	2026.302559	63.901000
1.229034	2026.545585	64.001000
1.229021	2026.001175	64.101000
1.229026	2025.291797	64.201000
1.229014	2025.010769	64.301000
1.229009	2024.723999	64.401000
1.229021	2024.464225	64.501000
1.229038	2024.093391	64.601000
1.229037	2023.817777	64.701000
1.229016	2023.517816	64.801000
1.229033	2023.221033	64.901000
1.229069	2022.922821	65.001000
1.229068	2022.627781	65.101000
1.229088	2022.318033	65.201000
1.229087	2022.022577	65.301000
1.229088	2021.723594	65.401000
1.229127	2021.450659	65.501000
1.229120	2021.176091	65.601000
1.229119	2020.857635	65.701000
1.229127	2020.554279	65.801000
1.229120	2020.254254	65.901000
1.229140	2019.957517	66.001000
1.229160	2019.700675	66.101000
1.229155	2019.385242	66.201000
1.229137	2019.110155	66.301000
1.229153	2018.812399	66.401000
1.229156	2018.531092	66.501000
1.229153	2018.273314	66.601000
1.229181	2017.943617	66.701000
1.229157	2017.645112	66.801000
1.229150	2017.358493	66.901000
1.229152	2017.063132	67.002000
1.229177	2016.783992	67.101000
1.229143	2016.529546	67.201000
1.229126	2016.255929	67.301000
1.229085	2015.982512	67.401000
1.229082	2015.696842	67.501000
1.229094	2015.404592	67.601000
1.229107	2015.163675	67.701000
1.229078	2014.819802	67.801000
1.229073	2014.527624	67.901000
1.229076	2014.241233	68.001000
1.229097	2013.958431	68.101000
1.229070	2013.664957	68.201000
1.229039	2013.380540	68.301000
1.229031	2013.087918	68.401000
1.229031	2012.791996	68.501000
1.229036	2012.494971	68.601000
1.229025	2012.225845	68.701000
1.229004	2011.958690	68.801000
1.228999	2011.615150	68.901000
1.228981	2011.335585	69.001000
1.228974	2011.084608	69.101000
1.228938	2011.492297	69.201000
1.228949	2010.984197	69.301000
1.228939	2010.279429	69.401000
1.228928	2009.933531	69.501000
1.228961	2009.631686	69.601000
1.228956	2009.356071	69.701000
1.228948	2009.084495	69.801000
1.228940	2008.780491	69.901000
1.228964	2008.444597	70.001000
1.228989	2008.169277	70.101000
1.229018	2007.855261	70.201000
1.229015	2007.567209	70.301000
1.229000	2007.290108	70.401000
1.229001	2006.981860	70.501000
1.229024	2006.676524	70.601000
1.229036	2006.391807	70.701000
1.229039	2006.106851	70.801000
1.229039	2005.850369	70.901000
1.229023	2005.508937	71.001000
1.229064	2005.205112	71.101000
1.229094	2004.963312	71.201000
1.229079	2004.681806	71.301000
1.229071	2004.382364	71.401000
1.229096	2004.088668	71.501000
1.229113	2003.789784	71.601000
1.229128	2003.493118	71.701000
1.229117	2003.220502	71.801000
1.229130	2002.924223	71.901000
1.229125	2002.664798	72.001000
1.229144	2002.327897	72.101000
1.229147	2002.036310	72.201000
1.229158	2001.742080	72.301000
1.229141	2001.475046	72.401000
1.229153	2001.175987	72.501000
1.229178	2000.886225	72.601000
1.229161	2000.582364	72.701000
1.229165	2000.295357	72.801000
1.229143	2000.005955	72.901000
1.229136	1999.749287	73.001000
1.229154	1999.451960	73.101000
1.229159	1999.150654	73.201000
1.229159	1998.856158	73.301000
1.229140	1998.585437	73.401000
1.229137	1998.303263	73.501000
1.229136	1997.992115	73.601000
1.229154	1997.693180	73.701000
1.229133	1997.423393	73.801000
1.229114	1997.148595	73.901000
1.229091	1996.865288	74.001000
1.229108	1996.647954	74.101000
1.229104	1996.281401	74.201000
1.229090	1995.998443	74.301000
1.229069	1996.314085	74.401000
1.229066	1995.983409	74.501000
1.229055	1995.293630	74.601000
1.229057	1994.905002	74.701000
1.229040	1994.599050	74.801000
1.229048	1994.316681	74.901000
1.229037	1994.029952	75.001000
1.229034	1993.747437	75.101000
1.229052	1993.505220	75.201000
1.229051	1993.189621	75.301000
1.229062	1992.918147	75.401000
1.229034	1992.652071	75.501000
1.229014	1992.361479	75.601000
1.229042	1992.055082	75.701000
1.229057	1991.765191	75.801000
1.229038	1991.494159	75.901000
1.229024	1991.202095	76.001000
1.229034	1990.911312	76.101000
1.229062	1990.636573	76.201000
1.229102	1990.330366	76.301000
1.229093	1990.029053	76.401000
1.229097	1989.764849	76.501000
1.229086	1989.447265	76.601000
1.229103	1989.145642	76.701000
1.229122	1988.864825	76.801000
1.229120	1988.573649	76.901000
1.229126	1988.300554	77.001000
1.229118	1988.006497	77.101000
1.229117	1987.714948	77.201000
1.229122	1987.482823	77.301000
1.229117	1987.153827	77.401000
1.229119	1986.889690	77.501000
1.229115	1986.607578	77.601000
1.229186	1986.294750	77.701000
1.229170	1986.016183	77.801000
1.229147	1985.735467	77.901000
1.229158	1985.439888	78.001000
1.229145	1985.151262	78.101000
1.229171	1984.851775	78.201000
1.229168	1984.585746	78.301000
1.229186	1984.327052	78.401000
1.229176	1984.009871	78.501000
1.229207	1983.701092	78.601000
1.229205	1983.413590	78.701000
1.229197	1983.124202	78.801000
1.229195	1982.839054	78.901000
1.229176	1982.573002	79.001000
1.229155	1982.286067	79.101000
1.229168	1982.007059	79.201000
1.229188	1981.719975	79.301000
1.229184	1981.482864	79.401000
1.229188	1981.206345	79.501000
1.229183	1981.505954	79.601000
1.229181	1981.150859	79.701000
1.229209	1980.517106	79.801000
1.229234	1980.061993	79.901000
1.229213	1979.797237	80.001000
1.229159	1979.537863	80.101000
1.229182	1979.226153	80.201000
1.229197	1978.918415	80.301000
1.229178	1978.646936	80.401000
1.229175	1978.424161	80.501000
1.229167	1978.096624	80.601000
1.229172	1977.813067	80.701000
1.229172	1977.533793	80.801000
1.229167	1977.247037	80.901000
1.229172	1976.948101	81.001000
1.229167	1976.669650	81.101000
1.229158	1976.393586	81.201000
1.229152	1976.115329	81.301000
1.229157	1975.831940	81.401000
1.229165	1975.564545	81.501000
1.229188	1975.337409	81.601000
1.229201	1974.981903	81.704000
1.229194	1974.692492	81.801000
1.229220	1974.384689	81.901000
1.229204	1974.111598	82.001000
1.229198	1973.835840	82.101000
1.229211	1973.548756	82.201000
1.229220	1973.259094	82.301000
1.229238	1972.959251	82.401000
1.229231	1972.680168	82.501000
1.229220	1972.446364	82.601000
1.229239	1972.139496	82.701000
1.229222	1971.849599	82.801000
1.229197	1971.569443	82.901000
1.229193	1971.276000	83.001000
1.229224	1971.439912	83.101000
1.229228	1971.385315	83.201000
1.229269	1970.415890	83.301000
1.229265	1970.125892	83.401000
1.229236	1969.859976	83.501000
1.229227	1969.595778	83.601000
1.229259	1969.372310	83.701000
1.229272	1969.058352	83.801000
1.229235	1968.780281	83.901000
1.229208	1968.508194	84.001000
1.229178	1968.230775	84.101000
1.229194	1967.953810	84.201000
1.229226	1967.664921	84.301000
1.229215	1967.381546	84.401000
1.229210	1967.102394	84.501000
1.229213	1966.820678	84.601000
1.229215	1966.557581	84.701000
1.229199	1966.892628	84.801000
1.229204	1966.539334	84.901000
1.229209	1965.900254	85.001000
1.229227	1965.419031	85.101000
1.229190	1965.144410	85.201000
1.229202	1964.848352	85.301000
1.229183	1964.588389	85.401000
1.229176	1964.296023	85.501000
1.229154	1964.020793	85.601000
1.229158	1963.748849	85.701000
1.229164	1963.510971	85.801000
1.229141	1963.242307	85.901000
1.229141	1962.932003	86.001000
1.229110	1962.674159	86.101000
1.229099	1962.373502	86.201000
1.229096	1962.088173	86.301000
1.229069	1961.812728	86.401000
1.229087	1961.501332	86.501000
1.229055	1961.230114	86.601000
1.229042	1960.935847	86.704000
1.229094	1960.651387	86.801000
1.229132	1960.407151	86.901000
1.229133	1960.117274	87.001000
1.229144	1959.813900	87.101000
1.229160	1959.515131	87.201000
1.229152	1959.238491	87.301000
1.229140	1958.956929	87.401000
1.229140	1958.678107	87.501000
1.229172	1958.389622	87.601000
1.229166	1958.110769	87.701000
1.229193	1957.828679	87.801000
1.229203	1957.562225	87.901000
1.229233	1957.329747	88.001000
1.229258	1956.991629	88.101000
1.229264	1956.700157	88.201000
1.229292	1956.413486	88.301000
1.229311	1956.116860	88.401000
1.229293	1955.841247	88.501000
1.229315	1955.541362	88.601000
1.229321	1955.258623	88.701000
1.229330	1954.957843	88.801000
1.229336	1954.682458	88.901000
1.229356	1954.425259	89.001000
1.229370	1954.169370	89.101000
1.229364	1953.852668	89.201000
1.229385	1953.557245	89.301000
1.229383	1953.274095	89.401000
1.229387	1952.982956	89.501000
1.229358	1952.713380	89.601000
1.229364	1952.428610	89.704000
1.229357	1952.144592	89.801000
1.229349	1951.881535	89.901000
1.229370	1951.838733	90.001000
1.229395	1952.028771	90.101000
1.229427	1951.405304	90.201000
1.229488	1950.733511	90.301000
1.229486	1950.443460	90.401000
1.229483	1950.164488	90.501000
1.229490	1949.884178	90.601000
1.229463	1949.619275	90.701000
1.229467	1949.340789	90.801000
1.229473	1949.056964	90.901000
1.229474	1948.785294	91.001000
1.229417	1948.520933	91.101000
1.229477	1948.247017	91.201000
1.229461	1947.917017	91.301000
1.229463	1947.622100	91.401000
1.229456	1947.340140	91.501000
1.229468	1947.059169	91.601000
1.229423	1946.794930	91.701000
1.229440	1946.517918	91.801000
1.229408	1946.248823	91.901000
1.229386	1945.988947	92.001000
1.229390	1945.710255	92.101000
1.229400	1945.457294	92.201000
1.229467	1945.158502	92.301000
1.229469	1944.827523	92.401000
1.229475	1944.540232	92.501000
1.229482	1944.269623	92.601000
1.229450	1943.985791	92.704000
1.229459	1943.704004	92.801000
1.229473	1943.414768	92.901000
1.229504	1943.131296	93.001000
1.229494	1942.870897	93.101000
1.229474	1942.591296	93.201000
1.229473	1942.375440	93.301000
1.229483	1942.068057	93.401000
1.229510	1941.767335	93.501000
1.229508	1941.480974	93.601000
1.229490	1941.206002	93.701000
1.229517	1940.907192	93.801000
1.229537	1940.633565	93.901000
1.229559	1940.336307	94.001000
1.229553	1940.072975	94.101000
1.229574	1939.787365	94.201000
1.229560	1939.522546	94.301000
1.229593	1939.287372	94.401000
1.229617	1938.930641	94.501000
1.229622	1938.655859	94.601000
1.229592	1938.384190	94.702000
1.229586	1938.112792	94.801000
1.229594	1937.817292	94.901000
1.229604	1937.542082	95.001000
1.229621	1937.258231	95.101000
1.229621	1937.112988	95.201000
1.229635	1937.406890	95.301000
1.229617	1936.885177	95.401000
1.229647	1936.180072	95.501000
1.229642	1935.863907	95.601000
1.229666	1935.590258	95.701000
1.229662	1935.319518	95.801000
1.229640	1935.030314	95.901000
1.229660	1934.762805	96.001000
