ð-2.000000E+01,+1.568348E-05,+9.910000E+37,+7.370051E+03,+2.150800E+04
,-1.900000E+01,+1.771266E-05,+9.910000E+37,+7.371112E+03,+2.150800E+04
,-1.800000E+01,+1.976289E-05,+9.910000E+37,+7.372172E+03,+2.150800E+04
,-1.700000E+01,+2.190136E-05,+9.910000E+37,+7.373230E+03,+2.150800E+04
,-1.600000E+01,+2.423881E-05,+9.910000E+37,+7.374311E+03,+2.150800E+04
,-1.500000E+01,+2.685225E-05,+9.910000E+37,+7.375371E+03,+2.150800E+04
,-1.400000E+01,+2.983611E-05,+9.910000E+37,+7.376433E+03,+2.150800E+04
,-1.300000E+01,+3.330695E-05,+9.910000E+37,+7.377492E+03,+2.150800E+04
,-1.200000E+01,+3.742263E-05,+9.910000E+37,+7.378551E+03,+2.150800E+04
,-1.100000E+01,+4.229278E-05,+9.910000E+37,+7.379609E+03,+2.150800E+04
,-1.000000E+01,+4.798524E-05,+9.910000E+37,+7.380672E+03,+2.150800E+04
,-9.000000E+00,+5.451233E-05,+9.910000E+37,+7.381730E+03,+2.150800E+04
,-8.000000E+00,+6.189301E-05,+9.910000E+37,+7.382790E+03,+2.150800E+04
,-7.000000E+00,+7.042639E-05,+9.910000E+37,+7.383877E+03,+2.150800E+04
,-6.000000E+00,+8.077193E-05,+9.910000E+37,+7.384937E+03,+2.150800E+04
,-5.000000E+00,+9.281954E-05,+9.910000E+37,+7.385997E+03,+2.150800E+04
,-4.000000E+00,+1.064727E-04,+9.910000E+37,+7.389160E+03,+2.150800E+04
,-3.000000E+00,+1.206723E-04,+9.910000E+37,+7.390224E+03,+2.150800E+04
,-2.000000E+00,+1.364218E-04,+9.910000E+37,+7.391283E+03,+2.150800E+04
,-1.000000E+00,+1.540872E-04,+9.910000E+37,+7.392341E+03,+2.150800E+04
,+0.000000E+00,+1.741109E-04,+9.910000E+37,+7.393426E+03,+2.150800E+04
,+1.000000E+00,+1.970897E-04,+9.910000E+37,+7.394489E+03,+2.150800E+04
,+2.000000E+00,+2.226047E-04,+9.910000E+37,+7.395549E+03,+2.150800E+04
,+3.000000E+00,+2.504580E-04,+9.910000E+37,+7.396640E+03,+2.150800E+04
,+4.000000E+00,+2.800186E-04,+9.910000E+37,+7.397700E+03,+2.150800E+04
,+5.000000E+00,+3.112390E-04,+9.910000E+37,+7.398760E+03,+2.150800E+04
,+6.000000E+00,+3.441566E-04,+9.910000E+37,+7.399817E+03,+2.150800E+04
,+7.000000E+00,+3.780472E-04,+9.910000E+37,+7.400908E+03,+2.150800E+04
,+8.000000E+00,+4.122366E-04,+9.910000E+37,+7.401969E+03,+2.150800E+04
,+9.000000E+00,+4.460439E-04,+9.910000E+37,+7.403027E+03,+2.150800E+04
,+1.000000E+01,+4.793021E-04,+9.910000E+37,+7.404088E+03,+2.150800E+04
,+1.100000E+01,+5.124038E-04,+9.910000E+37,+7.405147E+03,+2.150800E+04
,+1.200000E+01,+5.471991E-04,+9.910000E+37,+7.406206E+03,+2.150800E+04
,+1.300000E+01,+5.851078E-04,+9.910000E+37,+7.407266E+03,+2.150800E+04
,+1.400000E+01,+6.279378E-04,+9.910000E+37,+7.408326E+03,+2.150800E+04
,+1.500000E+01,+6.777800E-04,+9.910000E+37,+7.409420E+03,+2.150800E+04
,+1.600000E+01,+7.361371E-04,+9.910000E+37,+7.410500E+03,+2.150800E+04
,+1.700000E+01,+8.794948E-04,+9.910000E+37,+7.411562E+03,+2.150800E+04
,+1.800000E+01,+9.186810E-04,+9.910000E+37,+7.412623E+03,+2.150800E+04
,+1.900000E+01,+9.492312E-04,+9.910000E+37,+7.413685E+03,+2.150800E+04

current through plasma (-mA) <tab> voltage across plasma (-V) <tab> time (sec)
1.220199	3998.411440	0.001000
1.221538	3996.247880	0.101000
1.221010	3995.619121	0.201000
1.221034	3994.587728	0.301000
1.221053	3993.494983	0.401000
1.221031	3992.439441	0.501000
1.221010	3991.421109	0.601000
1.221026	3990.350978	0.701000
1.221050	3989.288590	0.801000
1.221098	3988.179979	0.901000
1.221069	3987.168653	1.001000
1.221045	3986.104498	1.101000
1.221051	3985.017202	1.201000
1.221041	3983.951083	1.301000
1.221021	3982.908862	1.401000
1.221051	3981.839802	1.501000
1.221044	3980.720164	1.601000
1.221065	3979.720579	1.701000
1.221094	3978.628672	1.801000
1.221110	3977.567292	1.901000
1.221092	3976.552326	2.001000
1.221138	3975.454310	2.101000
1.221124	3974.462489	2.201000
1.221205	3973.339256	2.301000
1.221241	3972.245086	2.401000
1.221168	3971.362488	2.501000
1.221174	3970.865699	2.601000
1.221127	3969.554758	2.701000
1.221112	3968.079109	2.801000
1.221170	3967.005123	2.901000
1.221160	3965.935028	3.001000
1.221206	3964.890475	3.101000
1.221215	3963.852164	3.201000
1.221224	3962.815041	3.301000
1.221169	3961.739542	3.401000
1.221185	3960.654077	3.501000
1.221128	3959.652847	3.601000
1.221094	3958.644149	3.701000
1.221115	3957.577338	3.801000
1.221134	3956.521694	3.901000
1.221102	3955.475896	4.001000
1.221130	3954.414187	4.101000
1.221131	3953.393795	4.201000
1.221162	3952.346574	4.301000
1.221216	3951.294565	4.401000
1.221228	3950.206686	4.501000
1.221243	3949.160510	4.601000
1.221254	3948.088826	4.701000
1.221163	3947.100281	4.801000
1.221170	3946.047885	4.901000
1.221201	3944.976174	5.001000
1.221186	3943.958450	5.101000
1.221185	3942.906719	5.201000
1.221253	3941.834452	5.301000
1.221269	3940.821591	5.401000
1.221306	3939.742262	5.501000
1.221288	3938.703204	5.601000
1.221182	3937.702013	5.701000
1.221215	3936.638602	5.801000
1.221173	3935.635972	5.901000
1.221186	3934.610541	6.001000
1.221208	3933.575971	6.101000
1.221186	3932.556506	6.201000
1.221106	3931.542898	6.301000
1.221152	3930.480647	6.401000
1.221221	3929.497539	6.501000
1.221208	3928.424699	6.601000
1.221226	3927.359265	6.701000
1.221238	3926.350735	6.801000
1.221209	3925.332828	6.901000
1.221231	3924.276895	7.001000
1.221163	3923.290707	7.101000
1.221169	3922.255661	7.201000
1.221167	3921.217683	7.301000
1.221185	3920.183254	7.401000
1.221220	3919.120183	7.501000
1.221294	3918.120935	7.601000
1.221252	3917.075074	7.701000
1.221260	3916.613149	7.801000
1.221261	3915.546582	7.902000
1.221229	3914.168060	8.001000
1.221239	3912.944354	8.101000
1.221183	3911.966664	8.201000
1.221141	3910.963993	8.301000
1.221170	3909.925234	8.401000
1.221171	3908.902801	8.501000
1.221149	3907.907465	8.601000
1.221162	3906.893755	8.701000
1.221193	3905.853642	8.801000
1.221213	3904.809770	8.901000
1.221264	3903.761522	9.001000
1.221249	3902.790063	9.101000
1.221237	3901.739237	9.201000
1.221257	3900.714353	9.301000
1.221175	3899.751109	9.401000
1.221187	3898.730206	9.501000
1.221215	3897.679578	9.601000
1.221221	3896.707951	9.701000
1.221238	3895.668113	9.801000
1.221280	3894.585043	9.901000
1.221293	3893.588573	10.001000
1.221313	3892.565356	10.101000
1.221294	3891.554287	10.201000
1.221243	3890.561856	10.301000
1.221248	3889.535837	10.401000
1.221233	3888.660080	10.501000
1.221227	3887.558715	10.601000
1.221256	3886.523936	10.701000
1.221252	3885.567343	10.801000
1.221205	3884.529911	10.901000
1.221233	3883.495032	11.001000
1.221266	3882.504832	11.101000
1.221363	3881.483655	11.201000
1.221392	3880.458145	11.301000
1.221338	3879.465175	11.401000
1.221276	3878.477584	11.501000
1.221294	3877.453101	11.601000
1.221273	3876.490737	11.701000
1.221293	3875.524753	11.801000
1.221292	3874.510576	11.901000
1.221288	3873.459309	12.001000
1.221324	3872.459408	12.101000
1.221355	3871.407835	12.201000
1.221329	3870.448049	12.301000
1.221334	3869.450924	12.401000
1.221327	3868.449498	12.501000
1.221312	3867.466263	12.601000
1.221355	3866.449959	12.701000
1.221339	3865.458496	12.801000
1.221295	3864.551960	12.901000
1.221287	3863.739026	13.001000
1.221292	3863.180710	13.101000
1.221282	3861.847564	13.201000
1.221297	3860.540716	13.301000
1.221279	3859.535463	13.401000
1.221302	3858.557136	13.501000
1.221414	3857.519393	13.601000
1.221373	3856.544553	13.701000
1.221381	3855.557832	13.801000
1.221353	3854.571324	13.901000
1.221368	3853.615982	14.001000
1.221365	3852.596259	14.101000
1.221373	3851.612382	14.201000
1.221362	3850.614840	14.301000
1.221366	3849.620450	14.401000
1.221383	3848.604428	14.501000
1.221340	3847.620072	14.601000
1.221426	3846.618293	14.701000
1.221406	3845.674178	14.801000
1.221348	3844.669133	14.901000
1.221400	3843.690439	15.001000
1.221447	3842.710589	15.101000
1.221438	3841.666014	15.201000
1.221398	3840.734832	15.301000
1.221318	3839.796251	15.401000
1.221286	3838.871180	15.501000
1.221329	3837.805237	15.601000
1.221366	3836.810961	15.701000
1.221368	3835.813506	15.801000
1.221374	3834.859446	15.901000
1.221300	3833.895221	16.001000
1.221355	3832.912533	16.101000
1.221429	3831.868418	16.201000
1.221423	3830.835853	16.301000
1.221423	3829.859486	16.401000
1.221392	3828.912993	16.501000
1.221375	3827.949768	16.601000
1.221400	3826.935493	16.701000
1.221392	3825.967719	16.801000
1.221342	3824.999944	16.901000
1.221353	3824.029337	17.001000
1.221379	3823.068822	17.101000
1.221524	3822.037684	17.201000
1.221579	3820.969292	17.301000
1.221560	3820.026178	17.401000
1.221522	3819.072191	17.501000
1.221562	3818.069703	17.601000
1.221495	3817.152026	17.701000
1.221442	3816.219036	17.801000
1.221455	3815.243651	17.901000
1.221425	3814.297353	18.001000
1.221488	3813.317908	18.101000
1.221507	3812.464103	18.201000
1.221641	3811.992462	18.301000
1.221677	3810.712053	18.401000
1.221721	3809.299850	18.501000
1.221689	3808.349262	18.601000
1.221741	3807.329197	18.701000
1.221727	3806.373367	18.801000
1.221694	3805.418481	18.901000
1.221756	3804.460061	19.001000
1.221742	3803.506074	19.101000
1.221697	3802.541932	19.201000
1.221707	3801.586901	19.301000
1.221701	3800.596499	19.401000
1.221685	3799.640712	19.501000
1.221782	3798.655806	19.601000
1.221768	3797.679490	19.701000
1.221732	3796.722596	19.801000
1.221760	3795.776427	19.901000
1.221737	3794.816316	20.001000
1.221700	3793.881380	20.101000
1.221602	3793.002059	20.201000
1.221563	3792.041916	20.301000
1.221600	3791.053374	20.401000
1.221642	3790.084341	20.501000
1.221616	3789.128527	20.601000
1.221612	3788.174727	20.701000
1.221620	3787.265810	20.801000
1.221629	3786.297444	20.901000
1.221657	3785.323660	21.001000
1.221682	3784.364304	21.101000
1.221695	3783.405470	21.201000
1.221709	3782.439554	21.301000
1.221783	3781.464360	21.401000
1.221873	3780.415024	21.501000
1.221923	3779.398914	21.601000
1.221866	3778.469452	21.701000
1.221947	3777.495491	21.801000
1.221978	3776.515634	21.901000
1.221991	3775.579991	22.001000
1.222009	3774.651140	22.101000
1.222019	3773.681435	22.201000
1.221933	3772.749531	22.301000
1.221942	3771.799610	22.401000
1.222150	3770.728887	22.501000
1.222102	3769.731678	22.601000
1.222128	3768.785607	22.701000
1.222165	3767.831959	22.801000
1.222115	3766.904779	22.901000
1.222130	3765.955260	23.001000
1.222139	3765.011736	23.101000
1.222076	3764.063714	23.201000
1.222182	3763.106067	23.301000
1.222193	3762.236748	23.401000
1.222247	3761.890770	23.501000
1.222451	3760.574776	23.601000
1.222506	3759.147775	23.701000
1.222423	3758.197270	23.801000
1.222456	3757.249973	23.901000
1.222436	3756.288663	24.001000
1.222452	3755.342763	24.101000
1.222469	3754.380299	24.201000
1.222467	3753.450180	24.301000
1.222477	3752.490319	24.401000
1.222511	3751.547814	24.501000
1.222671	3750.561301	24.601000
1.222762	3749.507245	24.701000
1.222762	3748.527644	24.801000
1.222760	3747.593245	24.901000
1.222735	3746.638986	25.001000
1.222670	3745.751222	25.101000
1.222644	3744.826406	25.201000
1.222703	3743.865079	25.301000
1.222669	3742.936929	25.401000
1.222681	3742.009694	25.501000
1.222705	3741.022191	25.601000
1.222804	3740.037907	25.701000
1.222945	3738.993627	25.801000
1.223028	3738.002795	25.901000
1.222996	3737.065865	26.001000
1.223033	3736.107014	26.101000
1.223114	3735.150078	26.201000
1.223018	3734.268899	26.301000
1.223012	3733.342450	26.401000
1.223057	3732.381736	26.501000
1.223042	3731.441840	26.601000
1.222997	3730.533487	26.701000
1.223283	3729.458059	26.801000
1.223281	3728.458108	26.901000
1.223299	3727.509218	27.001000
1.223383	3726.569919	27.101000
1.223366	3725.607111	27.201000
1.223298	3724.716859	27.301000
1.223335	3723.775746	27.401000
1.223241	3722.888197	27.501000
1.223197	3721.974876	27.601000
1.223194	3721.044787	27.701000
1.223259	3720.084113	27.801000
1.223433	3719.071052	27.901000
1.223476	3718.067972	28.001000
1.223483	3717.145790	28.101000
1.223467	3716.202951	28.201000
1.223474	3715.282199	28.301000
1.223557	3714.330381	28.401000
1.223583	3713.396757	28.501000
1.223599	3712.456099	28.601000
1.223605	3711.843672	28.701000
1.223643	3711.258258	28.801000
1.223645	3710.028660	28.901000
1.223831	3708.639758	29.001000
1.223847	3707.666198	29.101000
1.223812	3706.719947	29.201000
1.223847	3705.781429	29.301000
1.223885	3704.842388	29.401000
1.223825	3703.935954	29.501000
1.223887	3702.979190	29.601000
1.223930	3702.051153	29.701000
1.223878	3701.168401	29.801000
1.223877	3700.239405	29.901000
1.223998	3699.268569	30.001000
1.223991	3698.289766	30.101000
1.224031	3697.319265	30.201000
1.224082	3696.370551	30.301000
1.224100	3695.449953	30.401000
1.224106	3694.505850	30.501000
1.224120	3693.595181	30.601000
1.224066	3692.723583	30.701000
1.224064	3691.777435	30.801000
1.224113	3690.851518	30.901000
1.224190	3689.922519	31.001000
1.224419	3688.928736	31.101000
1.224419	3687.913262	31.201000
1.224441	3686.990982	31.301000
1.224423	3686.069599	31.401000
1.224403	3685.149204	31.502000
1.224485	3684.213866	31.601000
1.224463	3683.312761	31.701000
1.224451	3682.393871	31.801000
1.224436	3681.482628	31.901000
1.224439	3680.552499	32.001000
1.224471	3679.638072	32.101000
1.224641	3678.625502	32.201000
1.224669	3677.680710	32.301000
1.224660	3676.756458	32.401000
1.224640	3675.850443	32.501000
1.224624	3674.968970	32.601000
1.224555	3674.082851	32.701000
1.224612	3673.149447	32.801000
1.224604	3672.252290	32.901000
1.224556	3671.369214	33.001000
1.224573	3670.459233	33.101000
1.224679	3669.503172	33.201000
1.224788	3668.539623	33.301000
1.224817	3667.587057	33.401000
1.224876	3666.665010	33.501000
1.224964	3665.742272	33.601000
1.225023	3664.811762	33.701000
1.225001	3663.909359	33.801000
1.224978	3663.209005	33.901000
1.224970	3662.827299	34.001000
1.224927	3661.608105	34.101000
1.224965	3660.333246	34.201000
1.225115	3659.386911	34.301000
1.225170	3658.373673	34.401000
1.225205	3657.455723	34.501000
1.225204	3656.525283	34.601000
1.225184	3655.614250	34.701000
1.225237	3654.697893	34.801000
1.225242	3653.841944	34.901000
1.225227	3652.943638	35.001000
1.225217	3652.045495	35.101000
1.225182	3651.182086	35.201000
1.225188	3650.280625	35.301000
1.225415	3649.264754	35.401000
1.225405	3648.324239	35.501000
1.225384	3647.418425	35.601000
1.225415	3646.504754	35.701000
1.225410	3645.603009	35.801000
1.225473	3644.682766	35.901000
1.225491	3643.797901	36.001000
1.225474	3642.906281	36.101000
1.225528	3642.008440	36.201000
1.225582	3641.085726	36.301000
1.225652	3640.151608	36.401000
1.225756	3639.188623	36.501000
1.225783	3638.241852	36.601000
1.225767	3637.338015	36.701000
1.225809	3636.434756	36.801000
1.225896	3635.508571	36.901000
1.225879	3634.619834	37.001000
1.225884	3633.722971	37.101000
1.225828	3632.860212	37.201000
1.225788	3631.977308	37.301000
1.225841	3631.044433	37.401000
1.226094	3630.059740	37.501000
1.226152	3629.064806	37.601000
1.226171	3628.156354	37.701000
1.226083	3627.331314	37.801000
1.226107	3626.425614	37.901000
1.226156	3625.505193	38.001000
1.226117	3624.683131	38.101000
1.226098	3623.796260	38.201000
1.226115	3622.885133	38.301000
1.226079	3622.012033	38.401000
1.226191	3621.080159	38.501000
1.226416	3620.097345	38.601000
1.226408	3619.152720	38.701000
1.226430	3618.271553	38.801000
1.226516	3617.368658	38.901000
1.226518	3616.485540	39.001000
1.226475	3615.800120	39.101000
1.226480	3615.456406	39.201000
1.226437	3614.338707	39.301000
1.226460	3613.011819	39.401000
1.226485	3612.122448	39.501000
1.226641	3611.187099	39.601000
1.226750	3610.196570	39.701000
1.226708	3609.319141	39.801000
1.226669	3608.446097	39.901000
1.226719	3607.542724	40.001000
1.226672	3606.700842	40.101000
1.226730	3605.802145	40.201000
1.226762	3604.929239	40.301000
1.226723	3604.076482	40.401000
1.226729	3603.179194	40.501000
1.226795	3602.286590	40.601000
1.226831	3601.413436	40.701000
1.226817	3600.497958	40.801000
1.226847	3599.621133	40.901000
1.226807	3598.756294	41.001000
1.226826	3597.895773	41.101000
1.226872	3596.976697	41.201000
1.226851	3596.118730	41.301000
1.226879	3595.239022	41.401000
1.226864	3594.389738	41.501000
1.226897	3593.518591	41.601000
1.226931	3592.651020	41.701000
1.226834	3591.921618	41.801000
1.226820	3591.001086	41.901000
1.226893	3590.098807	42.001000
1.226870	3589.246092	42.101000
1.226874	3588.351137	42.201000
1.226902	3587.474409	42.301000
1.226898	3586.597152	42.401000
1.226851	3585.755888	42.501000
1.226887	3584.892678	42.601000
1.226895	3584.019028	42.701000
1.226831	3583.197873	42.801000
1.225647	3583.323283	42.901000
1.225512	3582.510588	43.001000
1.225567	3581.601627	43.101000
1.225587	3580.721803	43.201000
1.225509	3579.919699	43.301000
1.225482	3579.042822	43.401000
1.225519	3578.154481	43.501000
1.225475	3577.319721	43.601000
1.225521	3576.446472	43.701000
1.225534	3575.597302	43.801000
1.225584	3574.682405	43.901000
1.225817	3573.691604	44.001000
1.225831	3572.778665	44.101000
1.225886	3571.846714	44.201000
1.225929	3570.985931	44.301000
1.225932	3570.816234	44.401000
1.225966	3569.771406	44.501000
1.225933	3568.539698	44.601000
1.225973	3567.573157	44.701000
1.225963	3566.714199	44.801000
1.225992	3565.830441	44.901000
1.226247	3564.828216	45.001000
1.226438	3563.786489	45.101000
1.226500	3562.875066	45.201000
1.226429	3562.041586	45.301000
1.226505	3561.149629	45.401000
1.226516	3560.269600	45.501000
1.226481	3559.436948	45.601000
1.226606	3558.531965	45.701000
1.226604	3557.695818	45.801000
1.226542	3556.856144	45.901000
1.226480	3556.053118	46.001000
