-2.000000E+01,+3.246623E-05,+9.910000E+37,+7.232219E+03,+2.150800E+04,
-1.900000E+01,+3.574553E-05,+9.910000E+37,+7.233277E+03,+2.150800E+04,
-1.800000E+01,+3.982096E-05,+9.910000E+37,+7.234337E+03,+2.150800E+04,
-1.700000E+01,+4.498032E-05,+9.910000E+37,+7.235396E+03,+2.150800E+04,
-1.600000E+01,+5.124252E-05,+9.910000E+37,+7.236455E+03,+2.150800E+04,
-1.500000E+01,+5.865811E-05,+9.910000E+37,+7.237542E+03,+2.150800E+04,
-1.400000E+01,+6.749305E-05,+9.910000E+37,+7.238604E+03,+2.150800E+04,
-1.300000E+01,+7.803104E-05,+9.910000E+37,+7.239663E+03,+2.150800E+04,
-1.200000E+01,+9.025488E-05,+9.910000E+37,+7.240751E+03,+2.150800E+04,
-1.100000E+01,+1.036712E-04,+9.910000E+37,+7.241808E+03,+2.150800E+04,
-1.000000E+01,+1.192279E-04,+9.910000E+37,+7.244969E+03,+2.150800E+04,
-9.000000E+00,+1.349430E-04,+9.910000E+37,+7.246028E+03,+2.150800E+04,
-8.000000E+00,+1.525406E-04,+9.910000E+37,+7.247090E+03,+2.150800E+04,
-7.000000E+00,+1.719524E-04,+9.910000E+37,+7.248149E+03,+2.150800E+04,
-6.000000E+00,+1.932718E-04,+9.910000E+37,+7.249208E+03,+2.150800E+04,
-5.000000E+00,+2.167725E-04,+9.910000E+37,+7.250286E+03,+2.150800E+04,
-4.000000E+00,+2.426667E-04,+9.910000E+37,+7.251345E+03,+2.150800E+04,
-3.000000E+00,+2.715003E-04,+9.910000E+37,+7.252408E+03,+2.150800E+04,
-2.000000E+00,+3.037397E-04,+9.910000E+37,+7.253466E+03,+2.150800E+04,
-1.000000E+00,+3.400285E-04,+9.910000E+37,+7.254522E+03,+2.150800E+04,
+0.000000E+00,+3.806138E-04,+9.910000E+37,+7.255582E+03,+2.150800E+04,
+1.000000E+00,+4.238893E-04,+9.910000E+37,+7.256669E+03,+2.150800E+04,
+2.000000E+00,+4.622436E-04,+9.910000E+37,+7.257729E+03,+2.150800E+04,
+3.000000E+00,+4.922934E-04,+9.910000E+37,+7.258791E+03,+2.150800E+04,
+4.000000E+00,+5.168593E-04,+9.910000E+37,+7.259849E+03,+2.150800E+04,
+5.000000E+00,+5.384773E-04,+9.910000E+37,+7.260932E+03,+2.150800E+04,
+6.000000E+00,+5.582986E-04,+9.910000E+37,+7.261993E+03,+2.150800E+04,
+7.000000E+00,+5.767462E-04,+9.910000E+37,+7.263053E+03,+2.150800E+04,
+8.000000E+00,+5.942698E-04,+9.910000E+37,+7.264138E+03,+2.150800E+04,
+9.000000E+00,+6.111536E-04,+9.910000E+37,+7.265197E+03,+2.150800E+04,
+1.000000E+01,+6.276700E-04,+9.910000E+37,+7.266258E+03,+2.150800E+04,
+1.100000E+01,+6.438454E-04,+9.910000E+37,+7.267319E+03,+2.150800E+04,
+1.200000E+01,+6.598659E-04,+9.910000E+37,+7.268382E+03,+2.150800E+04,
+1.300000E+01,+6.757386E-04,+9.910000E+37,+7.269443E+03,+2.150800E+04,
+1.400000E+01,+6.914372E-04,+9.910000E+37,+7.270524E+03,+2.150800E+04,
+1.500000E+01,+7.069767E-04,+9.910000E+37,+7.271585E+03,+2.150800E+04,
+1.600000E+01,+7.220762E-04,+9.910000E+37,+7.272671E+03,+2.150800E+04,
+1.700000E+01,+7.367723E-04,+9.910000E+37,+7.273730E+03,+2.150800E+04,
+1.800000E+01,+7.510242E-04,+9.910000E+37,+7.274790E+03,+2.150800E+04,
+1.900000E+01,+7.652876E-04,+9.910000E+37,+7.275853E+03,+2.150800E+04

current through plasma (-mA) <tab> voltage across plasma (-V) <tab> time (sec)
0.779869	4710.180532	0.001000
0.774473	4713.330825	0.101000
0.767797	4717.031345	0.201000
0.767661	4715.786421	0.301000
0.767642	4714.352005	0.401000
0.767667	4712.898710	0.501000
0.767599	4711.501710	0.601000
0.767635	4710.048947	0.701000
0.767627	4708.609788	0.801000
0.767664	4707.082469	0.901000
0.767645	4705.647713	1.001000
0.767669	4704.189722	1.101000
0.767647	4702.716921	1.201000
0.767712	4701.234237	1.301000
0.767681	4699.807463	1.401000
0.767728	4698.313915	1.501000
0.767741	4696.817935	1.601000
0.767720	4695.372387	1.701000
0.767702	4693.949704	1.801000
0.767721	4692.502493	1.901000
0.767729	4691.046106	2.001000
0.767774	4689.558126	2.101000
0.767790	4688.154742	2.201000
0.767773	4686.682275	2.301000
0.767826	4685.155469	2.401000
0.767804	4683.705194	2.501000
0.767769	4682.272935	2.601000
0.767831	4680.828064	2.701000
0.767845	4679.344645	2.801000
0.767845	4677.867246	2.901000
0.767844	4676.406439	3.001000
0.767799	4674.974245	3.101000
0.767815	4673.500191	3.201000
0.767859	4672.079881	3.301000
0.767827	4670.584496	3.401000
0.767796	4669.186220	3.501000
0.767890	4667.714096	3.601000
0.767824	4666.294555	3.701000
0.767830	4664.844833	3.801000
0.767836	4663.391824	3.901000
0.767844	4661.928219	4.001000
0.767843	4660.475350	4.101000
0.767882	4659.023311	4.201000
0.767802	4657.626920	4.301000
0.767911	4656.174235	4.401000
0.767909	4654.663082	4.501000
0.767906	4653.540215	4.601000
0.767923	4652.357094	4.701000
0.767887	4650.675301	4.801000
0.767897	4648.886385	4.901000
0.767946	4647.426903	5.002000
0.767866	4646.020618	5.101000
0.767930	4644.575000	5.201000
0.767898	4643.167979	5.301000
0.767936	4641.744088	5.401000
0.767941	4640.283241	5.501000
0.767980	4638.796972	5.601000
0.767934	4637.372918	5.701000
0.767967	4635.922178	5.801000
0.767920	4634.514027	5.901000
0.767924	4633.111018	6.001000
0.767957	4631.677199	6.101000
0.768007	4630.194644	6.201000
0.767932	4628.771281	6.301000
0.767909	4627.358984	6.401000
0.768030	4625.935121	6.501000
0.768007	4624.463819	6.601000
0.768000	4623.044081	6.701000
0.767995	4621.638625	6.801000
0.768004	4620.211149	6.901000
0.767998	4618.808510	7.001000
0.768021	4617.388635	7.101000
0.768024	4615.954950	7.201000
0.768054	4614.510232	7.301000
0.768015	4613.090161	7.401000
0.768022	4611.684432	7.501000
0.768102	4610.274801	7.601000
0.768169	4608.776908	7.701000
0.768155	4607.346770	7.801000
0.768188	4605.901134	7.901000
0.768086	4604.519144	8.001000
0.768090	4603.116995	8.101000
0.768121	4601.671802	8.201000
0.768117	4600.268862	8.301000
0.768044	4598.883090	8.401000
0.768081	4597.500283	8.501000
0.768170	4596.067852	8.601000
0.768296	4594.560542	8.702000
0.768269	4593.127044	8.801000
0.768257	4591.741573	8.901000
0.768308	4590.306060	9.001000
0.768319	4588.878221	9.101000
0.768249	4587.477467	9.201000
0.768278	4586.069282	9.301000
0.768296	4584.658952	9.401000
0.768226	4583.265244	9.501000
0.768283	4581.849869	9.601000
0.768437	4580.365901	9.701000
0.768516	4579.069732	9.801000
0.768487	4578.136229	9.901000
0.768451	4576.475247	10.001000
0.768367	4574.766207	10.101000
0.768474	4573.353929	10.201000
0.768459	4571.966439	10.301000
0.768501	4570.527615	10.401000
0.768419	4569.178623	10.501000
0.768431	4567.782016	10.601000
0.768456	4566.384038	10.701000
0.768699	4564.847759	10.801000
0.768696	4563.387640	10.901000
0.768723	4561.967236	11.001000
0.768759	4560.575489	11.101000
0.768713	4559.188963	11.201000
0.768729	4557.791446	11.301000
0.768746	4556.379155	11.401000
0.768727	4554.990095	11.501000
0.768682	4553.624258	11.601000
0.768721	4552.240099	11.701000
0.768638	4550.926648	11.801000
0.768709	4549.546517	11.901000
0.768669	4548.107409	12.001000
0.768665	4546.731565	12.101000
0.768629	4545.353182	12.201000
0.768657	4543.957039	12.301000
0.768659	4542.564154	12.401000
0.768695	4541.144599	12.501000
0.768590	4539.827640	12.601000
0.768591	4538.443541	12.701000
0.768675	4537.058712	12.801000
0.768793	4535.553429	12.901000
0.768986	4534.038729	13.001000
0.768965	4532.662310	13.101000
0.768952	4531.284546	13.201000
0.768924	4529.932101	13.301000
0.768969	4528.553054	13.401000
0.768867	4527.239904	13.501000
0.768921	4525.871870	13.601000
0.768982	4524.507289	13.701000
0.768984	4523.120718	13.801000
0.768973	4521.756032	13.901000
0.768994	4520.369596	14.001000
0.768978	4519.035851	14.101000
0.769011	4517.629214	14.201000
0.768952	4516.288230	14.301000
0.768912	4514.931152	14.401000
0.769031	4513.540484	14.501000
0.768941	4512.211972	14.601000
0.768955	4510.834793	14.701000
0.768970	4509.450566	14.801000
0.768987	4508.072759	14.901000
0.769129	4506.635497	15.001000
0.769322	4505.658439	15.101000
0.769309	4504.375433	15.201000
0.769282	4503.299731	15.301000
0.769334	4501.345159	15.401000
0.769304	4499.712789	15.501000
0.769360	4498.342985	15.601000
0.769349	4496.995620	15.701000
0.769338	4495.637712	15.801000
0.769324	4494.279904	15.901000
0.769340	4492.919008	16.001000
0.769627	4491.417174	16.101000
0.769751	4489.965966	16.201000
0.769792	4488.559266	16.301000
0.769778	4487.182184	16.401000
0.769760	4485.838557	16.501000
0.769717	4484.509106	16.601000
0.769737	4483.172740	16.701000
0.769746	4481.813713	16.801000
0.769703	4480.503733	16.901000
0.769647	4479.175747	17.001000
0.769798	4477.791455	17.101000
0.770153	4476.233652	17.201000
0.770157	4474.831693	17.301000
0.770189	4473.477756	17.401000
0.770202	4472.124601	17.501000
0.770187	4470.790376	17.601000
0.770156	4469.465307	17.701000
0.770112	4468.168505	17.801000
0.770120	4466.817672	17.901000
0.770206	4465.449833	18.001000
0.770212	4464.108892	18.101000
0.770432	4462.618736	18.201000
0.770640	4461.097629	18.301000
0.770557	4459.758608	18.401000
0.770682	4458.378810	18.501000
0.770647	4457.081655	18.601000
0.770567	4455.790869	18.701000
0.770614	4454.416339	18.801000
0.770633	4453.111409	18.901000
0.770616	4451.770523	19.001000
0.770674	4450.431088	19.101000
0.770677	4449.088979	19.201000
0.771040	4447.530194	19.301000
0.771145	4446.080306	19.401000
0.771078	4444.777748	19.501000
0.771082	4443.453687	19.601000
0.771112	4442.100905	19.701000
0.771172	4440.769715	19.801000
0.771154	4439.443964	19.901000
0.771153	4438.127168	20.001000
0.771082	4436.825272	20.101000
0.771096	4435.486660	20.201000
0.771177	4434.444348	20.301000
0.771581	4433.162607	20.401000
0.771603	4431.558180	20.501000
0.771560	4429.874712	20.601000
0.771636	4428.559522	20.701000
0.771633	4427.225849	20.801000
0.771685	4425.913305	20.901000
0.771661	4424.594458	21.001000
0.771665	4423.283659	21.101000
0.771659	4421.952439	21.201000
0.771567	4420.698963	21.302000
0.771796	4419.237258	21.401000
0.772132	4417.676655	21.501000
0.772205	4416.320456	21.601000
0.772203	4414.993573	21.701000
0.772173	4413.703658	21.801000
0.772068	4412.415705	21.901000
0.772149	4411.079651	22.001000
0.772124	4409.806868	22.101000
0.772033	4408.543144	22.201000
0.772052	4407.232864	22.301000
0.772007	4405.919429	22.401000
0.772459	4404.388210	22.501000
0.772608	4402.957287	22.601000
0.772611	4401.627480	22.701000
0.772617	4400.298173	22.801000
0.772664	4398.976944	22.901000
0.772623	4397.714741	23.001000
0.772604	4396.425433	23.101000
0.772609	4395.093824	23.201000
0.772542	4393.823208	23.301000
0.772667	4392.502725	23.401000
0.772651	4391.188660	23.501000
0.773066	4389.628224	23.601000
0.773090	4388.246858	23.701000
0.773093	4386.940297	23.801000
0.773004	4385.694818	23.901000
0.772969	4384.428380	24.001000
0.773002	4383.167859	24.101000
0.772977	4381.844576	24.201000
0.773085	4380.543959	24.301000
0.773045	4379.295955	24.401000
0.773023	4378.013704	24.501000
0.773212	4376.605851	24.601000
0.773496	4375.100275	24.701000
0.773521	4373.779198	24.801000
0.773535	4372.470349	24.901000
0.773489	4371.206352	25.001000
0.773460	4369.933339	25.101000
0.773520	4368.606383	25.201000
0.773518	4367.327703	25.301000
0.773515	4366.021724	25.401000
0.773516	4364.870142	25.501000
0.773459	4364.180928	25.601000
0.773764	4362.477799	25.701000
0.773927	4360.618504	25.801000
0.773934	4359.291614	25.901000
0.773954	4358.007271	26.001000
0.773997	4356.725512	26.101000
0.773982	4355.476493	26.201000
0.774020	4354.188497	26.301000
0.774028	4352.873046	26.401000
0.773994	4351.605715	26.501000
0.774007	4350.338242	26.601000
0.773989	4349.078081	26.701000
0.774317	4347.601443	26.801000
0.774428	4346.174165	26.901000
0.774431	4344.885184	27.001000
0.774456	4343.638101	27.101000
0.774460	4342.334530	27.201000
0.774471	4341.093378	27.301000
0.774443	4339.822099	27.401000
0.774429	4338.590535	27.501000
0.774315	4337.359621	27.601000
0.774304	4336.068060	27.701000
0.774485	4334.723662	27.801000
0.774851	4333.174583	27.901000
0.774926	4331.859493	28.001000
0.775015	4330.585997	28.101000
0.775009	4329.284910	28.201000
0.775023	4328.002774	28.301000
0.775015	4326.743448	28.401000
0.774997	4325.502870	28.501000
0.774994	4324.238078	28.601000
0.774968	4322.983024	28.701000
0.774937	4321.725633	28.801000
0.775228	4320.290509	28.901000
0.775552	4318.780849	29.001000
0.775530	4317.520258	29.101000
0.775557	4316.236245	29.201000
0.775515	4314.998113	29.301000
0.775487	4313.768434	29.401000
0.775500	4312.494308	29.501000
0.775423	4311.296700	29.601000
0.775446	4310.034120	29.701000
0.775443	4308.786439	29.801000
0.775519	4307.528094	29.901000
0.775965	4305.989211	30.001000
0.776126	4304.595453	30.101000
0.776146	4303.312553	30.201000
0.776095	4302.096304	30.301000
0.776116	4300.829644	30.401000
0.776114	4299.562489	30.501000
0.776132	4298.300431	30.601000
0.776121	4297.069624	30.701000
0.776101	4296.359616	30.801000
0.776166	4295.150039	30.901000
0.776179	4293.550902	31.001000
0.776619	4291.830498	31.101000
0.776595	4290.481171	31.201000
0.776672	4289.203951	31.301000
0.776644	4287.972050	31.401000
0.776687	4286.688143	31.501000
0.776654	4285.472135	31.601000
0.776616	4284.232428	31.701000
0.776733	4282.971867	31.801000
0.776724	4281.745727	31.901000
0.776719	4280.498838	32.001000
0.776872	4279.198101	32.101000
0.777213	4277.678972	32.201000
0.777262	4276.354722	32.301000
0.777327	4275.052616	32.401000
0.777365	4273.792961	32.501000
0.777307	4272.585221	32.601000
0.777357	4271.338500	32.701000
0.777344	4270.148145	32.801000
0.777342	4268.869186	32.901000
0.777351	4267.644483	33.001000
0.777253	4266.475207	33.101000
0.777619	4264.983785	33.201000
0.777840	4263.572399	33.301000
0.777888	4262.274408	33.401000
0.777920	4261.024884	33.501000
0.777948	4259.771491	33.601000
0.777976	4258.549192	33.701000
0.777963	4257.329123	33.801000
0.777943	4256.112710	33.901000
0.777923	4254.930443	34.001000
0.777933	4253.718265	34.101000
0.777938	4252.463496	34.201000
0.778348	4250.967134	34.301000
0.778501	4249.562893	34.401000
0.778550	4248.329693	34.501000
0.778535	4247.099704	34.601000
0.778628	4245.854371	34.701000
0.778625	4244.631911	34.801000
0.778524	4243.474512	34.901000
0.778502	4242.255073	35.001000
0.778492	4241.071184	35.101000
0.778475	4239.857310	35.201000
0.778607	4238.546276	35.301000
0.779029	4237.039047	35.401000
0.779113	4235.694342	35.501000
0.779177	4234.463423	35.601000
0.779238	4233.256190	35.701000
0.779199	4232.049840	35.801000
0.779227	4230.855336	35.901000
0.779199	4230.010856	36.001000
0.779209	4229.040248	36.101000
0.779264	4227.510546	36.201000
0.779202	4226.020117	36.301000
0.779460	4224.644466	36.401000
0.779802	4223.170958	36.501000
0.779851	4221.908023	36.601000
0.779964	4220.659784	36.701000
0.779840	4219.517007	36.801000
0.779803	4218.324449	36.901000
0.779777	4217.113907	37.001000
0.779807	4215.928284	37.101000
0.779859	4214.680596	37.201000
0.779797	4213.505931	37.301000
0.779799	4212.305539	37.401000
0.780252	4210.792250	37.501000
0.780521	4209.393944	37.601000
0.780576	4208.187434	37.701000
0.780583	4206.962520	37.801000
0.780614	4205.736869	37.901000
0.780540	4204.584521	38.001000
0.780618	4203.372632	38.101000
0.780639	4202.147884	38.201000
0.780590	4200.950432	38.301000
0.780590	4199.744398	38.401000
0.780615	4198.523024	38.501000
0.781121	4197.012021	38.601000
0.781143	4195.746732	38.701000
0.781129	4194.537259	38.801000
0.781145	4193.331865	38.901000
0.781161	4192.109688	39.001000
0.781188	4190.921189	39.101000
0.781130	4189.763049	39.201000
0.781139	4188.560574	39.301000
0.781188	4187.367266	39.401000
0.781179	4186.169777	39.501000
0.781533	4184.801187	39.601000
0.781882	4183.378868	39.701000
0.781941	4182.087412	39.801000
0.781941	4180.896080	39.901000
0.781953	4179.687090	40.001000
0.781981	4178.521491	40.101000
0.782049	4177.272630	40.201000
0.782026	4176.078780	40.301000
0.781932	4174.943086	40.401000
0.781951	4173.736646	40.501000
0.781919	4172.603151	40.601000
0.782291	4171.179126	40.701000
0.782594	4169.754508	40.801000
0.782636	4168.528732	40.901000
0.782641	4167.310045	41.001000
0.782649	4166.128823	41.101000
0.782639	4164.939977	41.201000
0.782642	4164.399248	41.301000
0.782699	4163.055822	41.401000
0.782693	4161.492445	41.501000
0.782667	4160.249703	41.601000
0.782661	4159.053783	41.701000
0.783293	4157.445400	41.801000
0.783392	4156.137434	41.901000
0.783373	4154.951296	42.001000
0.783411	4153.776504	42.101000
0.783482	4152.539349	42.201000
0.783420	4151.401424	42.301000
0.783414	4150.207555	42.401000
0.783388	4149.059676	42.501000
0.783348	4147.956191	42.601000
0.783331	4146.780408	42.701000
0.783361	4145.580708	42.801000
0.784120	4143.902919	42.901000
0.784091	4142.675460	43.001000
0.784131	4141.487520	43.101000
0.784143	4140.297061	43.201000
0.784153	4139.119767	43.301000
0.784245	4137.908487	43.401000
0.784153	4136.792687	43.501000
0.784212	4135.618106	43.601000
0.784291	4134.443035	43.701000
0.784238	4133.291403	43.801000
0.784598	4131.866406	43.901000
0.785125	4130.318100	44.001000
0.785106	4129.153568	44.101000
0.785136	4127.991243	44.201000
0.785128	4126.819835	44.301000
0.785106	4125.676165	44.401000
0.785071	4124.526237	44.501000
0.785039	4123.389456	44.601000
0.785029	4122.250339	44.701000
0.785055	4121.070187	44.801000
0.785059	4119.924575	44.901000
0.785775	4118.258959	45.001000
0.786039	4116.868596	45.101000
0.786014	4115.694967	45.201000
0.786023	4114.523077	45.301000
0.786045	4113.373965	45.401000
0.785984	4112.260874	45.501000
0.786003	4111.114337	45.601000
0.786102	4109.936500	45.701000
0.786101	4108.794648	45.801000
0.786101	4107.633115	45.901000
0.786170	4106.435928	46.001000
