-2.000000E+01,+1.958364E-06,+9.910000E+37,+7.584329E+03,+2.150800E+04,
-1.900000E+01,+2.647475E-06,+9.910000E+37,+7.585388E+03,+2.150800E+04,
-1.800000E+01,+3.458460E-06,+9.910000E+37,+7.586476E+03,+2.150800E+04,
-1.700000E+01,+4.430833E-06,+9.910000E+37,+7.587534E+03,+2.150800E+04,
-1.600000E+01,+5.598776E-06,+9.910000E+37,+7.588619E+03,+2.150800E+04,
-1.500000E+01,+6.988103E-06,+9.910000E+37,+7.589679E+03,+2.150800E+04,
-1.400000E+01,+8.629665E-06,+9.910000E+37,+7.590739E+03,+2.150800E+04,
-1.300000E+01,+1.050904E-05,+9.910000E+37,+7.593900E+03,+2.150800E+04,
-1.200000E+01,+1.273529E-05,+9.910000E+37,+7.594959E+03,+2.150800E+04,
-1.100000E+01,+1.526123E-05,+9.910000E+37,+7.596018E+03,+2.150800E+04,
-1.000000E+01,+1.810021E-05,+9.910000E+37,+7.597076E+03,+2.150800E+04,
-9.000000E+00,+2.124658E-05,+9.910000E+37,+7.598163E+03,+2.150800E+04,
-8.000000E+00,+2.469109E-05,+9.910000E+37,+7.599223E+03,+2.150800E+04,
-7.000000E+00,+2.837496E-05,+9.910000E+37,+7.600282E+03,+2.150800E+04,
-6.000000E+00,+3.226026E-05,+9.910000E+37,+7.601343E+03,+2.150800E+04,
-5.000000E+00,+3.629981E-05,+9.910000E+37,+7.602404E+03,+2.150800E+04,
-4.000000E+00,+4.044228E-05,+9.910000E+37,+7.603485E+03,+2.150800E+04,
-3.000000E+00,+4.470232E-05,+9.910000E+37,+7.604546E+03,+2.150800E+04,
-2.000000E+00,+4.921380E-05,+9.910000E+37,+7.605634E+03,+2.150800E+04,
-1.000000E+00,+5.426373E-05,+9.910000E+37,+7.606713E+03,+2.150800E+04,
+0.000000E+00,+6.016815E-05,+9.910000E+37,+7.607771E+03,+2.150800E+04,
+1.000000E+00,+6.730224E-05,+9.910000E+37,+7.608835E+03,+2.150800E+04,
+2.000000E+00,+7.574134E-05,+9.910000E+37,+7.609897E+03,+2.150800E+04,
+3.000000E+00,+8.579387E-05,+9.910000E+37,+7.610976E+03,+2.150800E+04,
+4.000000E+00,+9.772266E-05,+9.910000E+37,+7.612037E+03,+2.150800E+04,
+5.000000E+00,+1.122136E-04,+9.910000E+37,+7.615197E+03,+2.150800E+04,
+6.000000E+00,+1.293779E-04,+9.910000E+37,+7.616258E+03,+2.150800E+04,
+7.000000E+00,+1.499238E-04,+9.910000E+37,+7.617317E+03,+2.150800E+04,
+8.000000E+00,+1.749704E-04,+9.910000E+37,+7.618376E+03,+2.150800E+04,
+9.000000E+00,+2.056248E-04,+9.910000E+37,+7.619437E+03,+2.150800E+04,
+1.000000E+01,+2.415113E-04,+9.910000E+37,+7.620495E+03,+2.150800E+04,
+1.100000E+01,+2.819639E-04,+9.910000E+37,+7.621579E+03,+2.150800E+04,
+1.200000E+01,+3.285331E-04,+9.910000E+37,+7.622641E+03,+2.150800E+04,
+1.300000E+01,+3.785471E-04,+9.910000E+37,+7.623702E+03,+2.150800E+04,
+1.400000E+01,+4.242780E-04,+9.910000E+37,+7.624760E+03,+2.150800E+04,
+1.500000E+01,+4.605319E-04,+9.910000E+37,+7.625817E+03,+2.150800E+04,
+1.600000E+01,+4.888659E-04,+9.910000E+37,+7.626879E+03,+2.150800E+04,
+1.700000E+01,+5.128597E-04,+9.910000E+37,+7.627942E+03,+2.150800E+04



current through plasma (-mA) <tab> voltage across plasma (-V) <tab> time (sec)
1.880809	3578.854830	0.001000
1.882501	3576.831070	0.101000
1.881661	3576.650697	0.201000
1.881731	3575.808031	0.301000
1.881689	3575.012551	0.401000
1.881666	3574.188744	0.501000
1.881684	3573.333452	0.601000
1.881644	3572.506500	0.701000
1.881644	3571.669053	0.801000
1.881604	3570.860064	0.901000
1.881627	3569.996832	1.001000
1.881620	3569.165985	1.101000
1.881584	3568.342277	1.201000
1.881528	3567.520026	1.301000
1.881603	3566.666731	1.401000
1.881590	3565.822395	1.501000
1.881557	3564.982570	1.601000
1.881629	3564.108656	1.701000
1.881599	3563.251614	1.801000
1.881600	3562.674457	1.901000
1.881576	3562.193758	2.001000
1.881574	3561.168639	2.101000
1.881578	3559.956187	2.201000
1.881601	3559.103093	2.301000
1.881640	3558.232956	2.401000
1.881687	3557.379002	2.501000
1.881650	3556.597327	2.601000
1.881546	3555.805958	2.701000
1.881591	3554.950133	2.801000
1.881588	3554.107353	2.901000
1.881533	3553.287405	3.001000
1.881577	3552.440386	3.101000
1.881629	3551.590909	3.201000
1.881593	3550.828303	3.301000
1.881550	3549.956825	3.401000
1.881569	3549.110239	3.501000
1.881502	3548.286494	3.601000
1.881511	3547.428977	3.701000
1.881584	3546.552894	3.801000
1.881611	3545.724216	3.901000
1.881567	3544.895878	4.001000
1.881515	3544.081096	4.101000
1.881542	3543.248565	4.201000
1.881583	3542.381916	4.301000
1.881536	3541.639155	4.401000
1.881524	3540.748740	4.501000
1.881544	3539.909915	4.601000
1.881542	3539.086559	4.701000
1.881528	3538.246947	4.801000
1.881604	3537.407127	4.901000
1.881625	3536.560367	5.001000
1.881537	3535.770031	5.101000
1.881581	3534.943142	5.201000
1.881612	3534.119780	5.301000
1.881614	3533.324604	5.401000
1.881566	3532.545838	5.501000
1.881508	3531.708172	5.601000
1.881491	3530.875433	5.701000
1.881540	3530.030963	5.801000
1.881508	3529.220121	5.901000
1.881566	3528.377560	6.001000
1.881573	3527.543982	6.101000
1.881490	3526.759756	6.201000
1.881494	3525.927429	6.301000
1.881513	3525.081588	6.401000
1.881486	3524.280001	6.501000
1.881522	3523.439574	6.601000
1.881585	3522.573521	6.701000
1.881532	3521.775736	6.801000
1.881525	3520.970119	6.901000
1.881513	3520.142332	7.001000
1.881520	3519.333407	7.101000
1.881560	3519.115465	7.201000
1.881532	3518.189900	7.301000
1.881524	3516.975195	7.401000
1.881571	3516.018500	7.501000
1.881542	3515.260661	7.601000
1.881527	3514.395487	7.701000
1.881595	3513.550973	7.801000
1.881624	3512.744939	7.901000
1.881545	3511.921537	8.001000
1.881581	3511.103021	8.101000
1.881630	3510.295764	8.201000
1.881613	3509.511571	8.301000
1.881568	3508.710193	8.401000
1.881558	3507.902769	8.501000
1.881548	3507.080209	8.601000
1.881565	3506.315547	8.701000
1.881554	3505.437090	8.801000
1.881614	3504.606139	8.901000
1.881643	3503.776026	9.001000
1.881569	3503.006454	9.101000
1.881555	3502.203570	9.201000
1.881542	3501.369231	9.301000
1.881539	3500.549600	9.401000
1.881552	3499.731368	9.501000
1.881653	3498.897094	9.601000
1.881616	3498.092399	9.701000
1.881574	3497.314006	9.801000
1.881549	3496.492074	9.901000
1.881555	3495.691407	10.001000
1.881589	3494.848397	10.101000
1.881529	3494.066854	10.201000
1.881544	3493.257983	10.301000
1.881569	3492.440765	10.401000
1.881537	3491.643922	10.501000
1.881512	3490.828850	10.601000
1.881599	3490.006822	10.701000
1.881609	3489.202309	10.801000
1.881547	3488.413938	10.901000
1.881579	3487.610076	11.001000
1.881600	3486.818489	11.101000
1.881607	3486.010668	11.201000
1.881529	3485.267104	11.301000
1.881469	3484.483106	11.401000
1.881571	3483.656556	11.501000
1.881572	3482.849091	11.601000
1.881554	3482.058214	11.701000
1.881612	3481.257134	11.801000
1.881601	3480.455722	11.901000
1.881539	3479.648023	12.001000
1.881563	3478.851605	12.101000
1.881554	3478.068174	12.201000
1.881560	3477.268091	12.301000
1.881586	3477.017304	12.401000
1.881582	3476.158449	12.501000
1.881632	3475.022193	12.601000
1.881670	3474.019411	12.701000
1.881577	3473.276233	12.801000
1.881578	3472.529514	12.901000
1.881605	3471.652606	13.001000
1.881586	3470.853343	13.101000
1.881516	3470.067772	13.201000
1.881576	3469.244635	13.301000
1.881584	3468.448072	13.401000
1.881581	3467.660187	13.501000
1.881604	3466.853516	13.601000
1.881589	3466.073534	13.701000
1.881591	3465.255041	13.801000
1.881562	3464.504756	13.901000
1.881567	3463.771043	14.001000
1.881680	3462.901787	14.101000
1.881670	3462.112912	14.201000
1.881566	3461.365209	14.301000
1.881596	3460.572096	14.401000
1.881623	3459.777652	14.501000
1.881590	3458.991461	14.601000
1.881608	3458.205613	14.701000
1.881618	3457.417221	14.801000
1.881595	3456.623168	14.901000
1.881584	3455.859040	15.001000
1.881579	3455.084622	15.101000
1.881601	3454.252372	15.201000
1.881624	3453.434506	15.301000
1.881595	3452.672211	15.401000
1.881601	3451.891196	15.501000
1.881703	3451.086197	15.601000
1.881641	3450.324473	15.701000
1.881576	3449.565952	15.801000
1.881608	3448.775951	15.901000
1.881556	3448.002401	16.001000
1.881558	3447.245419	16.101000
1.881615	3446.398462	16.201000
1.881594	3445.600025	16.301000
1.881653	3444.801811	16.401000
1.881651	3444.024342	16.501000
1.881606	3443.265737	16.601000
1.881634	3442.486288	16.701000
1.881630	3441.691423	16.801000
1.881558	3440.937231	16.901000
1.881621	3440.110009	17.001000
1.881696	3439.336704	17.101000
1.881677	3438.621055	17.201000
1.881617	3437.828998	17.301000
1.881593	3437.072118	17.401000
1.881609	3436.306631	17.501000
1.881662	3435.847553	17.601000
1.881627	3435.319942	17.701000
1.881587	3434.327937	17.801000
1.881603	3433.216076	17.901000
1.881542	3432.453302	18.001000
1.881541	3431.664800	18.101000
1.881615	3430.861847	18.201000
1.881625	3430.111973	18.301000
1.881599	3429.307838	18.401000
1.881607	3428.532331	18.501000
1.881677	3427.748372	18.601000
1.881677	3426.975493	18.701000
1.881639	3426.231708	18.801000
1.881586	3425.481283	18.901000
1.881595	3424.702881	19.001000
1.881594	3423.916584	19.101000
1.881573	3423.144090	19.201000
1.881632	3422.367453	19.301000
1.881666	3421.566921	19.401000
1.881666	3420.775184	19.501000
1.881654	3420.052425	19.601000
1.881665	3419.252345	19.701000
1.881659	3418.470302	19.801000
1.881641	3417.706469	19.901000
1.881639	3416.932330	20.001000
1.881655	3416.192738	20.101000
1.881751	3415.380588	20.201000
1.881715	3414.631977	20.301000
1.881591	3413.976444	20.401000
1.881647	3413.141112	20.501000
1.881660	3412.368192	20.601000
1.881651	3411.596501	20.701000
1.881660	3410.836505	20.801000
1.881629	3410.077242	20.901000
1.881600	3409.306351	21.001000
1.881626	3408.549394	21.101000
1.881591	3407.765586	21.201000
1.881654	3406.991091	21.301000
1.881686	3406.210241	21.401000
1.881638	3405.529235	21.501000
1.881639	3404.711909	21.601000
1.881764	3403.932645	21.701000
1.881724	3403.187941	21.801000
1.881694	3402.450324	21.901000
1.881669	3401.690243	22.001000
1.881675	3400.951145	22.101000
1.881657	3400.169769	22.201000
1.881665	3399.395674	22.301000
1.881654	3398.639168	22.401000
1.881698	3397.893403	22.501000
1.881728	3397.143451	22.601000
1.881688	3396.356850	22.701000
1.881668	3395.658464	22.801000
1.881684	3395.779219	22.901000
1.881630	3395.124472	23.001000
1.881638	3393.448925	23.101000
1.881720	3392.557998	23.201000
1.881785	3391.806532	23.301000
1.881814	3391.055319	23.401000
1.881688	3390.369835	23.501000
1.881695	3389.631695	23.601000
1.881759	3388.864633	23.701000
1.881703	3388.082776	23.801000
1.881693	3387.422318	23.901000
1.881736	3386.585572	24.001000
1.881725	3385.875523	24.101000
1.881727	3385.103057	24.201000
1.881751	3384.339768	24.301000
1.881734	3383.592550	24.401000
1.881733	3382.830261	24.501000
1.881729	3382.068291	24.601000
1.881678	3381.385657	24.701000
1.881758	3380.595936	24.801000
1.881770	3379.865883	24.901000
1.881701	3379.112334	25.001000
1.881691	3378.387070	25.101000
1.881689	3377.633616	25.201000
1.881724	3376.869012	25.301000
1.881727	3376.097826	25.401000
1.881723	3375.346035	25.501000
1.881727	3374.599455	25.601000
1.881726	3373.854269	25.701000
1.881774	3373.158573	25.801000
1.881712	3372.387106	25.901000
1.881741	3371.644507	26.001000
1.881757	3370.901208	26.101000
1.881739	3370.150753	26.201000
1.881756	3369.410055	26.301000
1.881786	3368.659496	26.401000
1.881870	3367.906719	26.501000
1.881828	3367.204876	26.601000
1.881728	3366.503068	26.701000
1.881738	3365.779652	26.801000
1.881798	3365.039541	26.901000
1.881735	3364.267647	27.001000
1.881743	3363.534461	27.101000
1.881771	3362.775927	27.201000
1.881802	3362.044756	27.301000
1.881800	3361.304472	27.401000
1.881753	3360.592632	27.501000
1.881722	3359.857419	27.601000
1.881711	3359.113141	27.701000
1.881726	3358.365532	27.801000
1.881725	3357.655391	27.901000
1.881820	3356.879600	28.001000
1.881808	3356.667764	28.101000
1.881790	3355.935349	28.201000
1.881757	3354.896041	28.301000
1.881780	3353.945118	28.401000
1.881801	3353.201801	28.501000
1.881787	3352.460627	28.601000
1.881739	3351.758820	28.701000
1.881756	3351.020588	28.801000
1.881813	3350.257068	28.901000
1.881799	3349.559700	29.001000
1.881794	3348.837218	29.101000
1.881795	3348.045751	29.201000
1.881832	3347.317261	29.301000
1.881837	3346.587561	29.401000
1.881826	3345.870362	29.501000
1.881817	3345.154155	29.601000
1.881845	3344.426639	29.701000
1.881822	3343.690210	29.801000
1.881713	3343.032968	29.901000
1.881717	3342.301316	30.001000
1.881736	3341.679785	30.101000
1.881678	3340.857596	30.201000
1.881707	3340.119472	30.301000
1.881731	3339.366509	30.401000
1.881728	3338.652670	30.501000
1.881776	3337.901398	30.601000
1.881728	3337.206488	30.701000
1.881677	3336.490467	30.801000
1.881705	3335.750854	30.901000
1.881700	3335.005759	31.001000
1.881699	3334.286803	31.101000
1.881751	3333.508418	31.201000
1.881791	3332.801714	31.301000
1.881782	3332.064644	31.401000
1.881754	3331.367715	31.501000
1.881719	3330.642263	31.601000
1.881759	3329.909204	31.701000
1.881782	3329.164654	31.801000
1.881705	3328.476171	31.901000
1.881755	3327.739931	32.001000
1.881789	3327.032525	32.101000
1.881721	3326.313372	32.202000
1.881737	3325.592187	32.301000
1.881737	3324.842731	32.401000
1.881747	3324.125062	32.501000
1.881825	3323.374856	32.601000
1.881786	3322.682683	32.701000
1.881721	3321.993702	32.801000
1.881807	3321.268161	32.901000
1.881865	3320.538545	33.001000
1.881807	3319.862345	33.101000
1.881843	3319.128038	33.201000
1.881831	3318.622125	33.301000
1.881823	3318.265127	33.401000
1.881866	3317.399561	33.501000
1.881817	3316.256703	33.601000
1.881836	3315.538299	33.701000
1.881879	3314.824496	33.801000
1.881846	3314.134539	33.901000
1.881796	3313.430947	34.001000
1.881837	3312.699773	34.101000
1.881809	3312.009753	34.201000
1.881847	3311.289138	34.301000
1.881905	3310.500077	34.401000
1.881898	3309.781164	34.501000
1.881971	3309.079425	34.601000
1.881982	3308.344491	34.701000
1.881874	3307.674838	34.801000
1.881868	3306.929435	34.901000
1.881920	3306.192664	35.001000
1.881927	3305.485159	35.101000
1.881894	3304.752877	35.201000
1.881878	3304.062680	35.301000
1.881960	3303.340962	35.401000
1.882021	3302.542012	35.501000
1.881997	3301.847519	35.601000
1.881974	3301.133877	35.701000
1.882007	3300.416438	35.801000
1.882045	3299.698841	35.901000
1.882021	3299.012627	36.001000
1.882004	3298.336342	36.101000
1.882035	3297.592432	36.201000
1.882059	3296.887802	36.301000
1.882131	3296.181465	36.401000
1.882112	3295.461377	36.501000
1.882110	3294.733309	36.601000
1.882200	3294.006702	36.701000
1.882184	3293.309928	36.802000
1.882151	3292.601801	36.901000
1.882176	3291.878359	37.001000
1.882182	3291.190920	37.101000
1.882197	3290.443774	37.201000
1.882152	3289.769309	37.301000
1.882084	3289.076180	37.401000
1.882332	3288.261893	37.501000
1.882400	3287.462041	37.601000
1.882373	3286.750569	37.701000
1.882446	3286.022213	37.801000
1.882452	3285.341396	37.901000
1.882481	3284.618250	38.001000
1.882470	3283.935558	38.101000
1.882478	3283.195932	38.201000
1.882449	3282.497288	38.301000
1.882496	3281.773333	38.401000
1.882482	3281.040729	38.501000
1.882669	3280.779474	38.601000
1.882757	3279.958270	38.701000
1.882767	3278.943752	38.801000
1.882785	3278.038501	38.901000
1.882846	3277.295461	39.001000
1.882797	3276.609655	39.101000
1.882863	3275.887361	39.201000
1.882853	3275.186120	39.301000
1.882755	3274.533872	39.401000
1.882773	3273.818377	39.501000
1.882959	3273.036745	39.601000
1.883174	3272.220728	39.701000
1.883182	3271.479306	39.801000
1.883179	3270.777620	39.901000
1.883201	3270.100133	40.001000
1.883239	3269.378777	40.101000
1.883201	3268.683423	40.201000
1.883208	3267.966146	40.301000
1.883241	3267.270256	40.401000
1.883210	3266.598909	40.501000
1.883206	3265.884649	40.601000
1.883551	3264.999766	40.701000
1.883724	3264.134828	40.801000
1.883726	3263.423339	40.901000
1.883764	3262.726117	41.001000
1.883727	3262.021575	41.101000
1.883790	3261.302206	41.201000
1.883788	3260.626680	41.301000
1.883796	3259.953342	41.401000
1.883777	3259.255357	41.501000
1.883796	3258.552276	41.601000
1.883762	3257.856048	41.701000
1.884387	3256.771693	41.801000
1.884387	3255.987302	41.901000
1.884390	3255.263528	42.001000
1.884396	3254.583980	42.101000
1.884446	3253.859095	42.201000
1.884447	3253.181392	42.301000
1.884495	3252.469963	42.401000
1.884472	3251.778917	42.501000
1.884473	3251.086113	42.601000
1.884540	3250.363684	42.701000
1.884745	3249.524135	42.801000
1.885119	3248.560162	42.901000
1.885183	3247.810444	43.001000
1.885211	3247.113182	43.101000
1.885239	3246.397937	43.201000
1.885280	3245.683409	43.301000
1.885230	3245.017104	43.401000
1.885294	3244.321147	43.501000
1.885314	3243.627303	43.601000
1.885282	3242.942494	43.701000
1.885303	3242.622205	43.801000
1.885873	3241.796427	43.901000
1.886109	3240.585343	44.001000
1.886144	3239.570189	44.101000
1.886127	3238.858892	44.201000
1.886148	3238.157708	44.301000
1.886221	3237.449091	44.401000
1.886167	3236.794229	44.501000
1.886117	3236.127564	44.601000
1.886189	3235.415947	44.701000
1.886268	3234.726450	44.801000
1.886276	3234.035177	44.901000
1.887095	3232.775970	45.001000
1.887081	3232.020318	45.101000
1.887174	3231.289006	45.201000
1.887184	3230.594772	45.301000
1.887152	3229.916413	45.401000
1.887180	3229.211878	45.501000
1.887227	3228.495661	45.601000
1.887209	3227.842406	45.701000
1.887244	3227.161266	45.801000
1.887264	3226.434474	45.901000
1.887480	3225.576692	46.001000
