-0.000855	-6.490491	27.988000
0.000322	-6.056008	28.088000
-0.000101	-35.459772	28.188000
-0.000749	-76.066177	28.288000
-0.001257	-109.674786	28.388000
-0.001708	-136.008232	28.488000
-0.001999	-155.972703	28.588000
-0.002265	-171.178987	28.688000
-0.002456	-182.856353	28.788000
-0.002621	-191.894917	28.888000
-0.002704	-198.964861	28.988000
-0.002769	-204.576114	29.088000
-0.002876	-209.258342	29.189000
-0.002942	-213.108009	29.288000
-0.002919	-216.447225	29.388000
-0.002977	-219.393173	29.488000
-0.003053	-222.116186	29.588000
-0.003077	-224.681439	29.688000
-0.003132	-227.002250	29.788000
-0.003129	-229.251757	29.888000
-0.003213	-231.460991	29.988000
-0.003231	-233.615803	30.088000
-0.003225	-235.690919	30.188000
-0.003292	-237.764959	30.288000
-0.003237	-239.755236	30.388000
-0.003271	-241.780707	30.488000
-0.003371	-243.803328	30.588000
-0.003372	-245.784166	30.688000
-0.003431	-247.801549	30.788000
-0.003514	-249.831076	30.888000
-0.003486	-251.815598	30.988000
-0.003486	-253.795896	31.088000
-0.003549	-255.772140	31.188000
-0.003644	-257.771072	31.288000
-0.003654	-259.756667	31.388000
-0.003663	-261.738490	31.488000
-0.003666	-263.690257	31.588000
-0.003683	-265.645111	31.688000
-0.003781	-267.641111	31.788000
-0.003810	-269.603360	31.888000
-0.003872	-271.614718	31.988000
-0.003937	-273.645535	32.088000
-0.003907	-275.586029	32.188000
-0.003895	-277.563963	32.288000
-0.004004	-279.538736	32.388000
-0.004062	-281.533858	32.488000
-0.004082	-283.502144	32.588000
-0.004078	-285.456031	32.688000
-0.004147	-287.458155	32.788000
-0.004184	-289.896707	32.888000
-0.004263	-292.299153	32.988000
-0.004252	-293.732051	33.088000
-0.004296	-295.272658	33.188000
-0.004416	-297.312837	33.288000
-0.004397	-299.267760	33.388000
-0.004383	-301.250424	33.488000
-0.004465	-303.275798	33.588000
-0.004539	-305.263559	33.688000
-0.004573	-307.262030	33.788000
-0.004569	-309.238828	33.888000
-0.004589	-311.197920	33.988000
-0.004622	-313.157495	34.088000
-0.004703	-315.146141	34.188000
-0.004687	-317.092020	34.288000
-0.004781	-319.114669	34.388000
-0.004854	-321.103601	34.488000
-0.004828	-323.073976	34.588000
-0.004791	-325.033654	34.688000
-0.004879	-327.025786	34.788000
-0.004947	-329.047874	34.888000
-0.005000	-331.000241	34.988000
0.003298	-326.301575	35.088000
0.006442	-325.766479	35.188000
0.008391	-326.145897	35.288000
0.010503	-326.384619	35.388000
0.012751	-326.503593	35.488000
0.015115	-326.532412	35.588000
0.017622	-326.489205	35.688000
0.020150	-326.418360	35.788000
0.022725	-326.353206	35.888000
0.025297	-326.234138	35.988000
0.027891	-326.093566	36.088000
0.030503	-325.970700	36.188000
0.033115	-325.866263	36.288000
0.035727	-325.687953	36.388000
0.038346	-325.531631	36.488000
0.041027	-325.363229	36.588000
0.043695	-325.187614	36.688000
0.046348	-324.950168	36.788000
0.049118	-324.664087	36.888000
0.052051	-324.258228	36.988000
0.055264	-323.683608	37.088000
0.058218	-323.261951	37.188000
0.060776	-323.147786	37.288000
0.063250	-323.146459	37.388000
0.065664	-323.135424	37.488000
0.068104	-323.161168	37.588000
0.070513	-323.196779	37.688000
0.072904	-323.306292	37.788000
0.075257	-323.549592	37.888000
0.077581	-323.811954	37.988000
0.079619	-324.160392	38.088000
0.080983	-324.339041	38.188000
0.081453	-324.264642	38.288000
0.081194	-323.980812	38.388000
0.080336	-323.803018	38.488000
0.079067	-323.870389	38.588000
0.077532	-323.958868	38.688000
0.075673	-324.035396	38.788000
0.073623	-324.128051	38.888000
0.071412	-324.215431	38.988000
0.069121	-324.333872	39.088000
0.066741	-324.464193	39.188000
0.064269	-324.598199	39.288000
0.061724	-324.762461	39.388000
0.059106	-324.933365	39.488000
0.056182	-325.393567	39.588000
0.052863	-326.134843	39.688000
0.049738	-326.698136	39.788000
0.046745	-327.154837	39.888000
0.043912	-327.512977	39.988000
0.041168	-327.796495	40.088000
0.038463	-328.061237	40.188000
0.035723	-328.304992	40.288000
0.032995	-328.535576	40.388000
0.030323	-328.759058	40.488000
0.027587	-328.964045	40.588000
0.024909	-329.141704	40.688000
0.022260	-329.334886	40.788000
0.019607	-329.566007	40.888000
0.016920	-329.726221	40.988000
0.014218	-329.916795	41.088000
0.011551	-330.108417	41.188000
0.008960	-330.255475	41.288000
0.006289	-330.445644	41.388000
0.003658	-330.624340	41.488000
0.001051	-330.790759	41.588000
-0.001589	-330.952258	41.688000
-0.004115	-331.018989	41.788000
-0.004985	-329.731468	41.888000
-0.004923	-327.727775	41.988000
-0.004836	-325.728010	42.088000
-0.004840	-323.783428	42.188000
-0.004861	-321.827498	42.288000
-0.004805	-319.831531	42.388000
-0.004722	-317.820481	42.488000
-0.004731	-315.855346	42.588000
-0.004648	-313.874190	42.688000
-0.004563	-311.896979	42.788000
-0.004584	-309.980630	42.888000
-0.004544	-307.993317	42.988000
-0.004561	-306.027400	43.088000
-0.004518	-304.058052	43.188000
-0.004416	-302.057026	43.288000
-0.004377	-300.246890	43.388000
-0.004391	-298.959567	43.488000
-0.004406	-296.760487	43.588000
-0.004304	-294.191612	43.688000
-0.004281	-292.069399	43.788000
-0.004192	-290.097104	43.888000
-0.004176	-288.147786	43.988000
-0.004158	-286.219972	44.088000
-0.004122	-284.250619	44.188000
-0.004107	-282.280817	44.288000
-0.004025	-280.301138	44.388000
-0.003940	-278.295962	44.488000
-0.003913	-276.344239	44.588000
-0.003977	-274.411002	44.688000
-0.003937	-272.427002	44.788000
-0.003835	-270.417663	44.888000
-0.003798	-268.433063	44.988000
-0.003754	-266.465596	45.088000
-0.003677	-264.497705	45.188000
-0.003678	-262.556081	45.288000
-0.003645	-260.576710	45.388000
-0.003648	-258.641463	45.488000
-0.003591	-256.605757	45.588000
-0.003520	-254.630584	45.688000
-0.003473	-252.670016	45.788000
-0.003492	-250.708034	45.888000
-0.003475	-248.716785	45.988000
-0.003383	-246.718290	46.088000
-0.003386	-244.761198	46.188000
-0.003330	-242.772340	46.288000
-0.003204	-240.794776	46.388000
-0.003281	-238.892044	46.488000
-0.003281	-236.926053	46.588000
-0.003223	-235.445955	46.688000
-0.003208	-234.131340	46.788000
-0.003165	-230.891188	46.888000
-0.003102	-228.868022	46.988000
-0.003101	-226.922712	47.088000
-0.003095	-225.000711	47.188000
-0.003076	-223.036782	47.288000
-0.002996	-221.053003	47.388000
-0.002941	-219.075040	47.488000
-0.002899	-217.118357	47.588000
-0.002962	-215.198911	47.688000
-0.002933	-213.223655	47.788000
-0.002838	-211.239109	47.888000
-0.002865	-209.285366	47.988000
