-0.002525	-6.879903	31.019000
0.000299	-6.291997	31.119000
-0.000147	-35.859681	31.219000
-0.000773	-76.219000	31.319000
-0.001292	-109.756778	31.419000
-0.001703	-135.995843	31.519000
-0.002042	-156.180781	31.619000
-0.002270	-171.175278	31.719000
-0.002501	-182.832981	31.819000
-0.002606	-191.802008	31.919000
-0.002723	-199.169496	32.019000
-0.002810	-204.651652	32.119000
-0.002938	-209.239018	32.219000
-0.002981	-213.074589	32.319000
-0.002960	-216.413968	32.419000
-0.003021	-219.419626	32.519000
-0.003148	-222.394657	32.619000
-0.003155	-224.674802	32.719000
-0.003223	-227.034095	32.819000
-0.003194	-229.273489	32.919000
-0.003299	-231.502473	33.019000
-0.003324	-233.663735	33.119000
-0.003342	-235.742101	33.219000
-0.003423	-237.821646	33.319000
-0.003357	-239.821064	33.419000
-0.003361	-241.817938	33.519000
-0.003485	-243.845059	33.619000
-0.003494	-245.837669	33.719000
-0.003560	-247.846159	33.819000
-0.003610	-249.867670	33.919000
-0.003583	-251.873148	34.019000
-0.003606	-253.892186	34.119000
-0.003669	-255.832038	34.219000
-0.003744	-257.832055	34.319000
-0.003740	-259.815713	34.419000
-0.003742	-261.791626	34.519000
-0.003769	-263.784394	34.619000
-0.003784	-265.718812	34.719000
-0.003872	-267.678589	34.819000
-0.003868	-269.648877	34.919000
-0.003923	-271.652639	35.019000
-0.003977	-273.677978	35.119000
-0.003974	-275.626320	35.219000
-0.003961	-277.613429	35.319000
-0.004021	-279.552369	35.419000
-0.004104	-281.549280	35.519000
-0.004131	-283.558584	35.619000
-0.004125	-285.770118	35.719000
-0.004125	-288.217505	35.819000
-0.004148	-290.072784	35.919000
0.004281	-284.594259	36.019000
0.015269	-277.634233	36.119000
0.017248	-278.046343	36.219000
0.019627	-278.090865	36.319000
0.022152	-278.038067	36.419000
0.024790	-277.962429	36.519000
0.027429	-277.777266	36.619000
0.030034	-277.617215	36.719000
0.032706	-277.452014	36.819000
0.035929	-276.827306	36.919000
0.040061	-275.655616	37.019000
0.042904	-275.584572	37.119000
0.045659	-275.244723	37.219000
0.048394	-274.987461	37.319000
0.051099	-274.743376	37.419000
0.053778	-274.510207	37.519000
0.056534	-274.254226	37.619000
0.060407	-272.776010	37.719000
0.064017	-271.808857	37.819000
0.066890	-271.460509	37.919000
0.069586	-271.273055	38.019000
0.072145	-271.170757	38.119000
0.074670	-271.132490	38.219000
0.077191	-271.076538	38.319000
0.079628	-271.098602	38.419000
0.082019	-271.134277	38.519000
0.084340	-271.262673	38.619000
0.086664	-271.289367	38.719000
0.088959	-271.401547	38.819000
0.091199	-271.528166	38.919000
0.093506	-271.673616	39.019000
0.095740	-271.821431	39.119000
0.097994	-271.973040	39.219000
0.100212	-272.149766	39.319000
0.102410	-272.354526	39.419000
0.104614	-272.530796	39.519000
0.106830	-272.746366	39.619000
0.109040	-272.914126	39.719000
0.111219	-273.126458	39.819000
0.113340	-273.393622	39.919000
0.115472	-273.575377	40.019000
0.117566	-273.807000	40.119000
0.119754	-274.019124	40.219000
0.121920	-274.249729	40.319000
0.124066	-274.492324	40.419000
0.126189	-274.708868	40.519000
0.128365	-274.935543	40.619000
0.130531	-275.156554	40.719000
0.132727	-275.384271	40.819000
0.134902	-275.594274	40.919000
0.137025	-276.539046	41.019000
0.139008	-276.745110	41.119000
0.140290	-276.488533	41.219000
0.140772	-276.314517	41.319000
0.140606	-276.279677	41.419000
0.139864	-276.280384	41.519000
0.138757	-276.232531	41.619000
0.137308	-276.164318	41.719000
0.135614	-276.087754	41.819000
0.133795	-275.995348	41.919000
0.131823	-275.896918	42.019000
0.129771	-275.798564	42.119000
0.127720	-275.649951	42.219000
0.125593	-275.527087	42.319000
0.123368	-275.419805	42.419000
0.121145	-275.305416	42.519000
0.118927	-275.182932	42.619000
0.116715	-275.045853	42.719000
0.114482	-274.930877	42.819000
0.112231	-274.826954	42.919000
0.110003	-274.733783	43.019000
0.107713	-274.590893	43.119000
0.105443	-274.475489	43.219000
0.103146	-274.380621	43.319000
0.100803	-274.301214	43.419000
0.098461	-274.206172	43.520000
0.096165	-274.137646	43.619000
0.093804	-274.082403	43.719000
0.091422	-274.035863	43.819000
0.089009	-274.010020	43.919000
0.086595	-274.007414	44.019000
0.084164	-274.018152	44.119000
0.081672	-274.063854	44.219000
0.079182	-274.130144	44.319000
0.076618	-274.245153	44.419000
0.074005	-274.393577	44.519000
0.071312	-274.610602	44.619000
0.068442	-274.933832	44.719000
0.065489	-275.383442	44.819000
0.061951	-276.304516	44.919000
0.057418	-277.972997	45.019000
0.054470	-278.370265	45.119000
0.051576	-278.705558	45.219000
0.048706	-279.053668	45.320000
0.045836	-279.426549	45.419000
0.042888	-279.868597	45.519000
0.039340	-280.765967	45.619000
0.035865	-281.595848	45.719000
0.033208	-281.778718	45.819000
0.030556	-281.939969	45.919000
0.027927	-282.088242	46.019000
0.025296	-282.250296	46.119000
0.022632	-282.991107	46.219000
0.020004	-283.430236	46.319000
0.017300	-283.107569	46.419000
0.014618	-282.883749	46.519000
0.012023	-283.038662	46.620000
0.009400	-283.218630	46.719000
0.006792	-283.353581	46.819000
0.004281	-283.495690	46.919000
0.001663	-283.625291	47.019000
-0.000882	-283.734008	47.119000
-0.003357	-283.760736	47.219000
-0.004095	-282.397571	47.319000
-0.004050	-280.369266	47.419000
-0.003937	-278.374050	47.519000
-0.003927	-276.413501	47.619000
-0.003968	-274.478480	47.719000
-0.003943	-272.494622	47.819000
-0.003849	-270.478918	47.919000
-0.003830	-268.511099	48.019000
-0.003768	-266.540317	48.119000
-0.003701	-264.588777	48.220000
-0.003721	-262.653636	48.319000
-0.003677	-260.665898	48.419000
-0.003675	-258.689006	48.519000
-0.003661	-256.712920	48.619000
-0.003600	-254.725003	48.719000
-0.003538	-252.767144	48.819000
-0.003578	-250.810500	48.919000
-0.003549	-248.816503	49.019000
-0.003464	-246.823647	49.119000
-0.003476	-244.862307	49.219000
-0.003444	-242.882317	49.319000
-0.003298	-240.905712	49.419000
-0.003362	-238.982803	49.519000
-0.003362	-237.025929	49.619000
-0.003315	-235.025216	49.719000
-0.003333	-233.056107	49.819000
-0.003245	-231.055448	49.919000
-0.003176	-229.070653	50.019000
-0.003183	-227.126033	50.119000
-0.003167	-225.141378	50.219000
-0.003146	-223.165561	50.319000
-0.003085	-221.165188	50.419000
-0.003039	-219.184305	50.519000
-0.002984	-217.232467	50.619000
-0.003006	-215.314551	50.719000
-0.002984	-213.340278	50.819000
-0.002906	-211.347456	50.919000
-0.002931	-209.386918	51.019000
