-0.000315	-7.653919	15.051000
0.000284	-9.801979	15.151000
-0.000626	-70.560525	15.251000
-0.001842	-146.745141	15.351000
-0.002812	-210.393340	15.451000
-0.003577	-258.931721	15.551000
-0.004177	-294.140066	15.651000
-0.004679	-319.527699	15.751000
-0.004992	-337.594743	15.851000
0.006744	-341.092622	15.951000
0.018021	-340.436986	16.051000
0.025014	-340.283957	16.151000
0.029572	-341.690639	16.251000
0.032116	-340.958122	16.351000
0.033159	-340.911322	16.451000
0.033128	-340.637766	16.551000
0.032387	-340.458151	16.651000
0.031095	-341.268013	16.751000
0.029394	-341.390262	16.851000
0.027402	-341.258762	16.951000
0.025196	-341.383510	17.051000
0.022781	-341.633896	17.151000
0.020329	-341.940012	17.251000
0.017717	-342.265022	17.351000
0.015124	-343.138442	17.451000
0.012480	-343.370329	17.551000
0.009859	-343.824421	17.651000
0.007097	-344.213941	17.751000
0.004335	-344.193823	17.851000
0.001637	-344.386048	17.951000
-0.001057	-344.689602	18.051000
-0.003617	-344.708070	18.151000
-0.005112	-343.680857	18.251000
-0.005071	-341.842730	18.351000
-0.004947	-340.023209	18.452000
-0.004883	-338.094698	18.551000
-0.004926	-335.920199	18.651000
-0.004968	-333.990009	18.751000
-0.004946	-331.899567	18.851000
-0.004929	-329.669591	18.951000
-0.004807	-327.617687	19.051000
-0.004702	-325.690368	19.151000
-0.004683	-323.737222	19.251000
-0.004797	-321.880734	19.351000
-0.004778	-319.942067	19.451000
-0.004701	-317.940049	19.551000
-0.004662	-315.982672	19.651000
-0.004551	-314.056430	19.751000
-0.004437	-312.029066	19.851000
-0.004437	-310.205017	19.951000
-0.004466	-308.090968	20.051000
-0.004546	-306.605297	20.151000
-0.004507	-305.040859	20.251000
-0.004428	-302.476548	20.351000
-0.004294	-300.169113	20.451000
-0.004312	-298.174812	20.551000
-0.004253	-296.202397	20.651000
-0.004227	-294.405547	20.751000
-0.004252	-292.505886	20.851000
-0.004247	-290.370363	20.951000
-0.004182	-288.439808	21.051000
-0.004131	-286.542381	21.151000
-0.004026	-284.353106	21.251000
-0.004004	-282.392454	21.351000
-0.003976	-280.414215	21.451000
-0.003973	-278.477259	21.551000
-0.003981	-276.519235	21.651000
-0.004009	-274.674580	21.751000
-0.003973	-272.801962	21.851000
-0.003831	-270.623658	21.951000
-0.003779	-268.571222	22.051000
-0.003753	-266.944164	22.151000
-0.003707	-264.966096	22.251000
-0.003743	-262.884614	22.351000
-0.003745	-260.757141	22.451000
-0.003731	-258.940712	22.551000
-0.003631	-256.981909	22.651000
-0.003503	-254.898726	22.751000
-0.003470	-252.912610	22.851000
-0.003537	-250.958359	22.951000
-0.003564	-249.057258	23.051000
-0.003501	-247.083135	23.151000
-0.003494	-245.790878	23.251000
-0.003413	-243.170043	23.351000
-0.003220	-240.937500	23.451000
-0.003278	-239.105392	23.551000
-0.003282	-237.101767	23.651000
-0.003274	-235.279554	23.751000
-0.003333	-233.364048	23.851000
-0.003299	-231.139438	23.951000
-0.003187	-229.119719	24.051000
-0.003130	-227.167046	24.151000
-0.003052	-225.196004	24.251000
-0.003030	-223.210405	24.351000
-0.003016	-221.249699	24.451000
-0.002999	-219.529257	24.551000
-0.002988	-217.607376	24.651000
-0.002989	-215.596906	24.751000
-0.002936	-213.467059	24.851000
-0.002805	-211.492827	24.951000
-0.002802	-209.045871	25.051000
-0.002789	-207.241633	25.151000
-0.002757	-206.045254	25.251000
-0.002803	-205.690284	25.351000
-0.002842	-206.788639	25.451000
-0.002860	-207.054269	25.551000
-0.002817	-207.583163	25.651000
-0.002815	-208.691147	25.751000
-0.002747	-211.100224	25.851000
-0.002802	-211.824710	25.951000
-0.002966	-213.244453	26.051000
-0.003019	-215.089639	26.151000
-0.002973	-216.957026	26.251000
-0.002984	-218.766408	26.351000
-0.002981	-220.651662	26.451000
-0.003018	-222.578022	26.551000
-0.003027	-224.546497	26.651000
-0.003114	-226.516873	26.751000
-0.003197	-228.439682	26.851000
-0.003266	-230.425098	26.951000
-0.003334	-232.411995	27.052000
-0.003259	-234.390110	27.151000
-0.003252	-236.329903	27.251000
-0.003270	-238.282047	27.351000
-0.003243	-240.208292	27.451000
-0.003364	-242.182422	27.551000
-0.003502	-244.196604	27.651000
-0.003489	-246.143737	27.751000
-0.003546	-248.143156	27.851000
-0.003552	-250.100972	27.951000
-0.003464	-252.035668	28.051000
-0.003488	-254.003305	28.151000
-0.003586	-255.985187	28.251000
-0.003716	-257.996742	28.351000
-0.003755	-259.974666	28.451000
-0.003774	-261.965113	28.551000
-0.003728	-263.878119	28.651000
-0.003702	-265.817536	28.751000
-0.003786	-267.789474	28.851000
-0.003792	-269.740112	28.951000
-0.003897	-271.770633	29.051000
-0.004022	-273.806638	29.151000
-0.004002	-275.755748	29.251000
-0.004002	-277.739101	29.351000
-0.004018	-279.658338	29.451000
-0.004051	-281.636958	29.551000
-0.004027	-283.600814	29.651000
-0.004068	-285.576593	29.751000
-0.004158	-287.561223	29.851000
-0.004162	-289.550354	29.951000
-0.004279	-291.540164	30.051000
-0.004258	-293.479830	30.151000
-0.004275	-295.454466	30.251000
-0.004332	-297.453043	30.351000
-0.004271	-299.414551	30.451000
-0.004296	-301.384320	30.551000
-0.004446	-304.403721	30.651000
-0.004522	-306.076244	30.751000
-0.004552	-307.390126	30.851000
-0.004520	-309.185626	30.951000
-0.004495	-311.144767	31.051000
-0.004469	-313.131191	31.151000
-0.004584	-315.138114	31.251000
-0.004587	-317.103602	31.351000
-0.004697	-319.105869	31.451000
-0.004807	-321.135081	31.551000
-0.004809	-323.092104	31.651000
-0.004787	-325.080938	31.751000
-0.004819	-327.054801	31.851000
-0.004871	-329.085246	31.951000
-0.004860	-331.010310	32.051000
-0.004843	-332.981413	32.151000
-0.004891	-334.916420	32.251000
-0.004967	-336.897943	32.351000
-0.005060	-338.892414	32.451000
-0.005108	-340.883579	32.552000
-0.002504	-340.751126	32.651000
0.000056	-340.659057	32.751000
0.002402	-340.736960	32.851000
0.004692	-340.855921	32.951000
0.006997	-340.962436	33.051000
0.009298	-341.032987	33.151000
0.011756	-341.025981	33.251000
0.014276	-340.954492	33.351000
0.016849	-340.826569	33.451000
0.019606	-340.627713	33.551000
0.022367	-340.394355	33.651000
0.025004	-340.156033	33.751000
0.027741	-339.902267	33.851000
0.030437	-339.639121	33.951000
0.033224	-339.361301	34.051000
0.036046	-339.076697	34.151000
0.038927	-338.736282	34.251000
0.041867	-338.361303	34.351000
0.044712	-338.055297	34.451000
0.048878	-336.636190	34.551000
0.053913	-334.546408	34.651000
0.057064	-333.993187	34.751000
0.060139	-333.441915	34.851000
0.063128	-333.038424	34.951000
0.066107	-332.533118	35.051000
