0.000258	-6.409342	14.609000
0.000257	-9.967759	14.709000
-0.000677	-71.258231	14.809000
-0.001876	-146.839584	14.909000
-0.002912	-209.782853	15.009000
-0.003704	-257.908973	15.109000
-0.004312	-293.394144	15.209000
-0.004715	-319.047215	15.309000
-0.004991	-337.140895	15.409000
-0.005214	-349.753866	15.509000
0.000450	-353.783559	15.609000
0.009885	-351.792962	15.709000
0.013869	-352.092655	15.809000
0.016210	-352.259730	15.909000
0.017240	-352.361202	16.009000
0.017269	-352.480772	16.109000
0.016555	-352.645758	16.209000
0.015295	-352.831236	16.309000
0.013567	-353.071234	16.409000
0.011565	-353.844130	16.509000
0.009340	-354.402085	16.609000
0.007000	-354.211630	16.709000
0.004611	-354.032302	16.809000
0.002200	-354.226148	16.909000
-0.000258	-354.398647	17.009000
-0.002712	-354.539641	17.109000
-0.004901	-354.456221	17.209000
-0.005318	-352.900292	17.309000
-0.005297	-350.986983	17.409000
-0.005188	-349.023983	17.509000
-0.005126	-347.075002	17.609000
-0.005119	-345.176314	17.709000
-0.005089	-343.210248	17.809000
-0.005013	-341.225092	17.909000
-0.004949	-339.268149	18.009000
-0.004899	-337.325380	18.109000
-0.004885	-335.371572	18.210000
-0.004872	-333.441467	18.309000
-0.004873	-331.492502	18.409000
-0.004916	-329.535507	18.509000
-0.004865	-327.560777	18.609000
-0.004793	-325.637640	18.709000
-0.004795	-323.650199	18.809000
-0.004863	-321.698909	18.909000
-0.004819	-319.745877	19.009000
-0.004712	-317.725017	19.109000
-0.004697	-315.769238	19.209000
-0.004614	-313.806030	19.309000
-0.004547	-311.822692	19.410000
-0.004524	-309.877256	19.509000
-0.004484	-307.901619	19.609000
-0.004500	-305.958996	19.709000
-0.004428	-303.956469	19.809000
-0.004342	-301.981944	19.909000
-0.004276	-300.000874	20.009000
-0.004335	-298.066311	20.109000
-0.004292	-296.069929	20.209000
-0.004245	-294.088415	20.309000
-0.004229	-292.123123	20.409000
-0.004179	-290.155859	20.509000
-0.004172	-288.182967	20.609000
-0.004184	-286.264312	20.709000
-0.004146	-284.277289	20.809000
-0.004154	-282.307094	20.909000
-0.004097	-280.317554	21.009000
-0.004058	-278.346992	21.109000
-0.004011	-276.381912	21.209000
-0.004025	-274.444311	21.309000
-0.003976	-272.442959	21.409000
-0.003897	-270.427115	21.509000
-0.003855	-268.454473	21.609000
-0.003809	-266.865398	21.709000
-0.003663	-265.275780	21.809000
-0.003684	-263.098965	21.909000
-0.003653	-260.528867	22.009000
-0.003647	-258.511756	22.109000
-0.003568	-256.520397	22.209000
-0.003525	-254.590889	22.309000
-0.003517	-252.656702	22.409000
-0.003559	-250.716491	22.509000
-0.003549	-248.745238	22.609000
-0.003477	-246.766924	22.709000
-0.003503	-244.813271	22.809000
-0.003471	-242.847140	22.909000
-0.003339	-240.863260	23.009000
-0.003397	-238.963925	23.109000
-0.003413	-236.995924	23.209000
-0.003328	-235.003440	23.309000
-0.003331	-233.026128	23.409000
-0.003240	-231.015486	23.509000
-0.003159	-229.013810	23.609000
-0.003160	-227.106756	23.709000
-0.003094	-225.074902	23.809000
-0.003043	-223.075635	23.909000
-0.002979	-221.082781	24.009000
-0.002946	-219.126496	24.109000
-0.002851	-217.160441	24.209000
-0.002887	-215.231859	24.309000
-0.002877	-213.257842	24.409000
-0.002846	-211.293408	24.509000
-0.002870	-209.336398	24.609000
-0.002835	-207.476826	24.709000
-0.002793	-206.245611	24.809000
-0.002811	-205.754091	24.909000
-0.002834	-205.891439	25.009000
-0.002855	-206.498019	25.109000
-0.002918	-207.508854	25.209000
-0.002945	-208.775442	25.309000
-0.002934	-210.220564	25.409000
-0.002910	-211.801987	25.509000
-0.002961	-213.496248	25.609000
-0.002954	-215.270577	25.709000
-0.002904	-217.046499	25.809000
-0.002963	-218.905180	25.909000
-0.002971	-220.770082	26.009000
-0.003034	-222.701762	26.109000
-0.003050	-224.637654	26.209000
-0.003094	-226.582660	26.309000
-0.003104	-228.522165	26.409000
-0.003148	-230.489574	26.509000
-0.003279	-232.497331	26.609000
-0.003281	-234.458174	26.709000
-0.003326	-236.439055	26.809000
-0.003377	-238.414432	26.909000
-0.003338	-240.921484	27.009000
-0.003469	-243.140110	27.109000
-0.003517	-244.574711	27.209000
-0.003488	-246.111426	27.309000
-0.003569	-248.116127	27.409000
-0.003635	-250.124625	27.509000
-0.003591	-252.091479	27.609000
-0.003561	-254.077504	27.709000
-0.003604	-256.042946	27.809000
-0.003688	-258.047138	27.909000
-0.003678	-260.011003	28.009000
-0.003653	-261.976189	28.109000
-0.003645	-263.912447	28.209000
-0.003720	-265.892455	28.309000
-0.003806	-267.873906	28.409000
-0.003807	-269.843007	28.509000
-0.003907	-271.852988	28.609000
-0.003995	-273.861484	28.709000
-0.003969	-275.815143	28.809000
-0.004011	-277.786922	28.909000
-0.004075	-279.780164	29.009000
-0.004166	-281.771207	29.109000
-0.004189	-283.729055	29.209000
-0.004197	-285.706559	29.309000
-0.004222	-287.678764	29.409000
-0.004187	-289.639227	29.509000
-0.004294	-291.603678	29.609000
-0.004268	-293.553085	29.709000
-0.004304	-295.539268	29.809000
-0.004376	-297.540670	29.909000
-0.004324	-299.495161	30.009000
-0.004306	-301.451842	30.109000
-0.004361	-303.409717	30.209000
-0.004431	-305.412543	30.309000
-0.004448	-307.386827	30.409000
-0.004493	-309.383250	30.509000
-0.004497	-311.312285	30.609000
-0.004535	-313.289946	30.709000
-0.004653	-315.289468	30.809000
-0.004682	-317.250240	30.909000
-0.004741	-319.228702	31.009000
-0.004833	-321.244774	31.109000
-0.004823	-323.202646	31.209000
-0.004832	-325.175999	31.309000
-0.004881	-327.175943	31.409000
-0.004927	-329.158990	31.509000
-0.004936	-331.124422	31.609000
-0.004902	-333.061114	31.709000
-0.004894	-335.009871	31.809000
-0.004905	-336.977953	31.909000
-0.004969	-338.931090	32.009000
-0.005015	-340.923895	32.109000
-0.005080	-343.024395	32.209000
-0.005061	-345.783497	32.309000
-0.005079	-347.441092	32.409000
-0.005123	-348.784349	32.509000
-0.005223	-350.737046	32.609000
-0.005275	-352.745429	32.709000
-0.002310	-352.336541	32.809000
0.000151	-352.302350	32.909000
0.002371	-352.470881	33.009000
0.004679	-352.592830	33.109000
0.007038	-352.655322	33.209000
0.009406	-352.648932	33.309000
0.011872	-352.597916	33.409000
0.014459	-352.492020	33.509000
0.017159	-352.322143	33.609000
0.019838	-352.138449	33.709000
0.022560	-351.933403	33.809000
0.025269	-351.728594	33.909000
0.028011	-351.423766	34.009000
0.030840	-351.168600	34.109000
0.033600	-350.935392	34.209000
0.036345	-350.665790	34.309000
0.039170	-350.346231	34.409000
0.047113	-345.893472	34.509000
0.051451	-344.379695	34.609000
