0.000053	-6.147214	32.374000
0.000313	-11.459995	32.474000
-0.000858	-88.011049	32.574000
-0.002371	-181.921295	32.674000
-0.003663	-260.000523	32.774000
0.070823	-259.379383	32.874000
0.139809	-247.589776	32.974000
0.179084	-247.404565	33.074000
0.204778	-248.769025	33.174000
0.221650	-250.351880	33.274000
0.232977	-251.527403	33.374000
0.240244	-252.238649	33.474000
0.244512	-252.807198	33.574000
0.246660	-253.150605	33.674000
0.247338	-253.355556	33.774000
0.246878	-253.476465	33.874000
0.245606	-253.510948	33.974000
0.243807	-254.369957	34.074000
0.241497	-254.060202	34.174000
0.238839	-253.506434	34.274000
0.236165	-253.193833	34.374000
0.233295	-253.049272	34.474000
0.230227	-252.900461	34.574000
0.227085	-252.740766	34.674000
0.223921	-252.545234	34.774000
0.220709	-252.377994	34.874000
0.217418	-252.194634	34.974000
0.214116	-252.007920	35.074000
0.210792	-251.819379	35.174000
0.207464	-251.635581	35.274000
0.204170	-251.467108	35.374000
0.200797	-251.285720	35.474000
0.197347	-251.123201	35.574000
0.193877	-251.002216	35.674000
0.190441	-250.864536	35.774000
0.186937	-250.764730	35.874000
0.183360	-250.695661	35.974000
0.179860	-250.632948	36.074000
0.176404	-250.571193	36.174000
0.172796	-250.528055	36.274000
0.169173	-250.528180	36.374000
0.165553	-250.519596	36.474000
0.161815	-250.565684	36.574000
0.158085	-250.642159	36.674000
0.154360	-250.717701	36.774000
0.150529	-250.872213	36.874000
0.146633	-251.084778	36.974000
0.142783	-251.311790	37.074000
0.138805	-251.584400	37.174000
0.134732	-251.906794	37.274000
0.130607	-252.274390	37.374000
0.126505	-252.649356	37.474000
0.122386	-253.025300	37.574000
0.118267	-253.394849	37.674000
0.114233	-253.710950	37.774000
0.110302	-253.980614	37.874000
0.106350	-254.243533	37.974000
0.102417	-254.483105	38.074000
0.098484	-254.736241	38.174000
0.094477	-255.007445	38.274000
0.090473	-255.316774	38.374000
0.086389	-255.660930	38.474000
0.082195	-256.063208	38.574000
0.076478	-257.741120	38.674000
0.069651	-260.302543	38.774000
0.065150	-261.014860	38.874000
0.060919	-261.510686	38.974000
0.056080	-262.427654	39.074000
0.051509	-263.179652	39.174000
0.046859	-264.460774	39.274000
0.042250	-265.577655	39.374000
0.037145	-266.337337	39.474000
0.032190	-266.885925	39.574000
0.027188	-267.971821	39.674000
0.022050	-269.178570	39.774000
0.016777	-270.539735	39.874000
0.012179	-271.321451	39.974000
0.007108	-272.410465	40.074000
-0.000078	-275.307070	40.174000
-0.003913	-275.453444	40.274000
-0.003961	-272.523011	40.374000
-0.003887	-269.556169	40.474000
-0.003809	-266.572307	40.574000
-0.003734	-264.230082	40.674000
-0.003707	-261.776100	40.774000
-0.003692	-257.659013	40.874000
-0.003606	-254.655442	40.974000
-0.003606	-251.763656	41.074000
-0.003529	-248.787935	41.174000
-0.003444	-245.846177	41.274000
-0.003432	-242.870907	41.374000
-0.003335	-239.940618	41.474000
-0.003327	-237.023522	41.574000
-0.003283	-234.060086	41.674000
-0.003240	-231.096513	41.774000
-0.003159	-228.127457	41.874000
-0.003133	-225.153978	41.974000
-0.003115	-222.191549	42.074000
-0.002977	-219.217534	42.174000
-0.002923	-216.311728	42.274000
-0.002972	-213.385264	42.374000
-0.002894	-210.625623	42.474000
-0.002868	-208.760329	42.574000
-0.002856	-207.995380	42.674000
-0.002874	-208.192726	42.774000
-0.002907	-209.123424	42.874000
-0.002869	-210.575227	42.974000
-0.002918	-212.470997	43.074000
-0.002986	-214.671315	43.174000
-0.002930	-216.983791	43.274000
-0.003020	-219.507742	43.374000
-0.003077	-222.168643	43.474000
-0.003110	-224.928065	43.574000
-0.003174	-227.732205	43.674000
-0.003240	-230.595473	43.774000
-0.003277	-233.478192	43.874000
-0.003300	-236.369064	43.974000
-0.003345	-239.280985	44.074000
-0.003372	-242.167993	44.174000
-0.003446	-245.086191	44.274000
-0.003503	-248.024254	44.374000
-0.003586	-251.199051	44.474000
-0.003577	-254.738579	44.574000
-0.003665	-257.452187	44.674000
-0.003722	-259.837342	44.774000
-0.003720	-262.697926	44.874000
-0.003755	-265.608237	44.974000
-0.003887	-268.570682	45.074000
-0.003939	-271.553955	45.174000
-0.003677	-274.322000	45.274000
0.003344	-271.639743	45.374000
0.009192	-269.834730	45.474000
0.012701	-269.956922	45.574000
0.017397	-269.123757	45.674000
0.022566	-267.888892	45.774000
0.027589	-266.762080	45.874000
0.032600	-265.702741	45.974000
0.037361	-264.799826	46.074000
0.042178	-263.864977	46.174000
0.047157	-262.825775	46.274000
0.051577	-262.185636	46.374000
0.056087	-261.475403	46.474000
0.060847	-260.642769	46.574000
0.065068	-260.139377	46.674000
0.069407	-259.583304	46.774000
0.073734	-259.043170	46.874000
0.078040	-258.502246	46.974000
0.082321	-257.992787	47.074000
0.086979	-257.231600	47.175000
0.090982	-256.901488	47.274000
0.095610	-256.090404	47.374000
0.100340	-255.223845	47.474000
0.106050	-253.570357	47.574000
0.111133	-252.433393	47.674000
0.114828	-252.354438	47.774000
0.118655	-252.204989	47.874000
0.122574	-252.008167	47.974000
0.126530	-251.777280	48.074000
0.130444	-251.554688	48.174000
0.134452	-251.295786	48.274000
0.138372	-251.074461	48.374000
0.142271	-250.880635	48.474000
0.146072	-250.726895	48.574000
0.149810	-250.611619	48.674000
0.153530	-250.556462	48.774000
0.157245	-250.531025	48.874000
0.160948	-250.510865	48.974000
0.164525	-250.545747	49.074000
0.168093	-250.619626	49.174000
0.171647	-250.697518	49.274000
0.175216	-250.795905	49.374000
0.178606	-250.928817	49.474000
0.182076	-251.080052	49.575000
0.185567	-251.223511	49.674000
0.188992	-251.765157	49.774000
0.192406	-252.412910	49.874000
0.195795	-252.384473	49.974000
0.199061	-252.017949	50.074000
0.202437	-252.242939	50.174000
0.205817	-252.482935	50.274000
0.209110	-252.757202	50.374000
0.212377	-253.042094	50.474000
0.215718	-253.322111	50.574000
0.219081	-253.587976	50.674000
0.222341	-253.875228	50.774000
0.225689	-254.171614	50.874000
0.228994	-254.421417	50.974000
0.232314	-254.704736	51.074000
0.235555	-254.992389	51.174000
0.238832	-255.269784	51.274000
0.242125	-255.554087	51.374000
0.245395	-255.862582	51.474000
0.248716	-256.141409	51.574000
0.252007	-256.420078	51.674000
0.255322	-256.763775	51.774000
0.258605	-257.010008	51.874000
0.261871	-257.309128	51.974000
0.265157	-257.565194	52.074000
0.268444	-257.863571	52.174000
0.271730	-258.129942	52.274000
0.275110	-258.384764	52.374000
