0.000217	-6.720417	18.589000
0.000377	-6.284357	18.689000
-0.000083	-35.910224	18.789000
-0.000704	-76.624588	18.889000
-0.001229	-110.805120	18.989000
-0.001684	-137.643208	19.089000
-0.002027	-158.384216	19.189000
-0.002253	-174.387259	19.289000
-0.002512	-186.874170	19.389000
-0.002679	-196.761848	19.489000
-0.002759	-204.761019	19.589000
-0.002886	-211.362571	19.689000
-0.002986	-216.968954	19.789000
-0.003078	-221.762821	19.889000
-0.003138	-226.107328	19.989000
-0.003202	-230.038240	20.089000
-0.003300	-233.795298	20.189000
-0.003333	-237.297737	20.289000
-0.003321	-240.619044	20.389000
-0.003472	-243.867063	20.489000
-0.003471	-246.985678	20.589000
-0.003580	-250.145063	20.689000
-0.003577	-253.384828	20.789000
-0.003676	-256.562286	20.889000
-0.003685	-260.255481	20.989000
-0.003707	-263.598691	21.089000
-0.003787	-265.938872	21.189000
-0.003856	-268.474182	21.289000
-0.003887	-271.119434	21.389000
-0.003980	-274.590933	21.489000
-0.002940	-276.323735	21.589000
0.012074	-267.181121	21.689000
0.016142	-266.885829	21.789000
0.021012	-265.886546	21.889000
0.026083	-264.799465	21.989000
0.031002	-263.767139	22.089000
0.035845	-262.868168	22.189000
0.040691	-261.918367	22.289000
0.045316	-261.159843	22.389000
0.050044	-260.264797	22.489000
0.054631	-260.389343	22.589000
0.058758	-259.807726	22.689000
0.063464	-258.399279	22.789000
0.067837	-257.648661	22.889000
0.072184	-257.075274	22.989000
0.076538	-256.570931	23.089000
0.080773	-256.091132	23.189000
0.084977	-255.689531	23.289000
0.089525	-254.974045	23.389000
0.094096	-254.245447	23.489000
0.099121	-253.170443	23.589000
0.104266	-251.960139	23.689000
0.110190	-250.190919	23.789000
0.113855	-250.143150	23.889000
0.117619	-250.004675	23.989000
0.121487	-249.822831	24.089000
0.125423	-249.634638	24.189000
0.129374	-249.385950	24.289000
0.133329	-249.133220	24.389000
0.137247	-249.086775	24.489000
0.141114	-248.869325	24.589000
0.145020	-248.632356	24.689000
0.148730	-248.487686	24.789000
0.152423	-248.464384	24.889000
0.156125	-248.502868	24.989000
0.159775	-248.478172	25.089000
0.163350	-248.474386	25.189000
0.166878	-248.757993	25.289000
0.170466	-248.637448	25.389000
0.173957	-248.764965	25.489000
0.177458	-248.908178	25.589000
0.180842	-249.056959	25.689000
0.184211	-249.298868	25.789000
0.187624	-249.449817	25.889000
0.191010	-249.728759	25.989000
0.194335	-250.003027	26.089000
0.197612	-250.298462	26.189000
0.200934	-250.592871	26.289000
0.204269	-250.920781	26.389000
0.207524	-251.148385	26.489000
0.210732	-251.408770	26.589000
0.214010	-251.681742	26.689000
0.217326	-251.962167	26.789000
0.220613	-252.292442	26.889000
0.223868	-252.696467	26.989000
0.227186	-252.897358	27.089000
0.230447	-253.192938	27.189000
0.233735	-253.514220	27.289000
0.236941	-253.870718	27.389000
0.240206	-254.142422	27.489000
0.243436	-254.485988	27.589000
0.246743	-254.757887	27.689000
0.250075	-255.405799	27.789000
0.253244	-256.246048	27.889000
0.256472	-256.236357	27.989000
0.259775	-255.928301	28.089000
0.263009	-256.238789	28.189000
0.266221	-256.538042	28.289000
0.269549	-256.846083	28.389000
0.272860	-257.134196	28.489000
0.276152	-257.444445	28.589000
0.279198	-257.716456	28.689000
0.281236	-257.897174	28.789000
0.282000	-258.020027	28.889000
0.281756	-258.060303	28.989000
0.280716	-258.003270	29.089000
0.279042	-257.929225	29.189000
0.276850	-257.829534	29.289000
0.274317	-257.712380	29.389000
0.271603	-257.536382	29.489000
0.268679	-257.423318	29.589000
0.265638	-257.180782	29.689000
0.262565	-256.979445	29.789000
0.259410	-256.769135	29.889000
0.256167	-256.575250	29.989000
0.252899	-256.355402	30.089000
0.249630	-256.146517	30.189000
0.246304	-255.945140	30.289000
0.242932	-255.725271	30.389000
0.239640	-255.483452	30.489000
0.236264	-255.257754	30.589000
0.232996	-255.083633	30.689000
0.229661	-254.807685	30.789000
0.226344	-254.571811	30.889000
0.222931	-254.353322	30.989000
0.219571	-254.156178	31.089000
0.216215	-253.915578	31.189000
0.212779	-253.726264	31.289000
0.209393	-253.529342	31.389000
0.206065	-253.323498	31.489000
0.202686	-253.147728	31.589000
0.199187	-252.997402	31.689000
0.195779	-252.849798	31.789000
0.192242	-252.719141	31.889000
0.188731	-252.637797	31.989000
0.185197	-252.520261	32.089000
0.181654	-253.066566	32.189000
0.178056	-252.743397	32.289000
0.174516	-252.325855	32.389000
0.170927	-252.288537	32.489000
0.167274	-252.297705	32.589000
0.163594	-252.326856	32.689000
0.159889	-252.374553	32.789000
0.156146	-252.460928	32.889000
0.152321	-252.682390	32.989000
0.148432	-253.960156	33.089000
0.144458	-254.156545	33.189000
0.140448	-253.433670	33.289000
0.136429	-253.540033	33.389000
0.132425	-253.853072	33.489000
0.128416	-254.166326	33.589000
0.124387	-254.471053	33.689000
0.120368	-254.789335	33.789000
0.116448	-255.033150	33.889000
0.112449	-255.278560	33.989000
0.108554	-255.524127	34.089000
0.104660	-256.082518	34.189000
0.100741	-255.980198	34.289000
0.096755	-256.367530	34.389000
0.092793	-256.677380	34.489000
0.088797	-256.878770	34.589000
0.084633	-257.213071	34.689000
0.080365	-257.640931	34.789000
0.073018	-260.658863	34.889000
0.068008	-261.768616	34.989000
0.063519	-262.443595	35.089000
0.058841	-263.274542	35.189000
0.054479	-263.841913	35.289000
0.049846	-264.628325	35.389000
0.045010	-265.577894	35.489000
0.040500	-266.314860	35.589000
0.035713	-267.240566	35.689000
0.030641	-268.345683	35.789000
0.025588	-269.568821	35.889000
0.020324	-270.899407	35.989000
0.014791	-272.306002	36.089000
0.010964	-272.393119	36.189000
0.004547	-274.960068	36.289000
-0.002266	-277.601267	36.389000
-0.003953	-276.007430	36.489000
-0.003948	-273.025206	36.589000
-0.003881	-270.023004	36.689000
-0.003834	-267.040965	36.789000
-0.003699	-264.019233	36.889000
-0.003693	-260.650132	36.989000
-0.003729	-257.717343	37.089000
-0.003594	-254.770893	37.189000
-0.003537	-251.830119	37.289000
-0.003550	-248.880362	37.389000
-0.003476	-245.915294	37.489000
-0.003396	-242.983915	37.589000
-0.003309	-240.047099	37.689000
-0.003345	-237.120036	37.789000
-0.003273	-234.128623	37.889000
-0.003236	-231.156287	37.989000
-0.003162	-228.195397	38.089000
-0.003133	-225.255760	38.189000
-0.003065	-223.054810	38.289000
-0.003006	-220.030408	38.389000
-0.002959	-216.601022	38.489000
-0.002933	-213.323939	38.589000
