0.000365	-7.063052	10.442000
0.000374	-7.009060	10.542000
-0.000039	-35.843925	10.642000
-0.000705	-76.214670	10.742000
-0.001225	-109.790545	10.842000
-0.001632	-135.974156	10.942000
-0.001939	-155.937155	11.042000
-0.002203	-171.189250	11.142000
-0.002389	-182.877266	11.242000
-0.002539	-191.857392	11.342000
-0.002629	-199.152123	11.442000
-0.002708	-204.716493	11.542000
-0.002859	-209.239329	11.642000
-0.002897	-213.102366	11.742000
-0.002910	-216.464744	11.842000
-0.002951	-219.433656	11.942000
-0.003063	-222.405584	12.042000
-0.003081	-224.666435	12.142000
-0.003116	-227.038223	12.242000
-0.003088	-229.268763	12.342000
-0.003180	-231.511749	12.442000
-0.003204	-233.663520	12.542000
-0.003229	-235.727662	12.642000
-0.003289	-238.031984	12.742000
-0.003207	-240.735283	12.842000
-0.003307	-242.429772	12.942000
-0.003388	-243.761878	13.042000
-0.003393	-245.741023	13.142000
-0.003440	-247.761266	13.242000
-0.003500	-249.803514	13.342000
-0.003480	-251.822147	13.442000
-0.003513	-253.869695	13.542000
-0.003562	-255.796768	13.642000
-0.003657	-257.819590	13.742000
-0.003623	-259.793804	13.842000
-0.003656	-261.773876	13.942000
-0.003682	-263.754469	14.042000
-0.003711	-265.721757	14.142000
-0.003812	-267.712930	14.242000
-0.003783	-269.654664	14.342000
-0.003886	-271.681916	14.442000
-0.003946	-273.747374	14.542000
-0.003937	-275.654774	14.642000
-0.003936	-277.621208	14.742000
-0.004010	-279.590736	14.842000
-0.004097	-281.593331	14.942000
-0.004115	-283.607968	15.042000
-0.004116	-285.544971	15.142000
-0.004167	-287.527710	15.242000
-0.004165	-289.522209	15.342000
-0.004249	-291.485852	15.442000
-0.002576	-292.122466	15.542000
0.001452	-290.810833	15.642000
0.003630	-291.008983	15.742000
0.005762	-291.267418	15.842000
0.007914	-291.514019	15.942000
0.010082	-291.702950	16.042000
0.012313	-291.885197	16.142000
0.014613	-291.984668	16.242000
0.016925	-292.086256	16.342000
0.019238	-292.178916	16.442000
0.021561	-292.248718	16.542000
0.023931	-292.337606	16.642000
0.026257	-292.365342	16.742000
0.028608	-292.423135	16.842000
0.031002	-292.456047	16.942000
0.033378	-292.529432	17.042000
0.035811	-292.511325	17.142000
0.038275	-292.521154	17.242000
0.040691	-292.524552	17.342000
0.043131	-292.541776	17.442000
0.045685	-292.407600	17.542000
0.048322	-292.271122	17.642000
0.051105	-291.999790	17.742000
0.053796	-291.833307	17.842000
0.056357	-291.683620	17.942000
0.058780	-292.470705	18.042000
0.061100	-292.428850	18.142000
0.063386	-292.058119	18.242000
0.065706	-291.870123	18.342000
0.068059	-291.967414	18.442000
0.070395	-292.092918	18.542000
0.072718	-292.193754	18.642000
0.074972	-292.309301	18.742000
0.077290	-292.432712	18.842000
0.079589	-292.569961	18.942000
0.081885	-292.681689	19.042000
0.084216	-292.830878	19.142000
0.086488	-292.941847	19.242000
0.088702	-293.063934	19.342000
0.090989	-293.173539	19.442000
0.093325	-293.310525	19.542000
0.095696	-293.321239	19.642000
0.098129	-293.324082	19.742000
0.100694	-293.206300	19.842000
0.103261	-293.160658	19.942000
0.105666	-293.135004	20.042000
0.108018	-293.221444	20.142000
0.110328	-293.339861	20.242000
0.112576	-293.536178	20.342000
0.114873	-293.615504	20.442000
0.116907	-293.803474	20.542000
0.118217	-293.942986	20.642000
0.118667	-294.030803	20.742000
0.118499	-294.059098	20.842000
0.117853	-294.021861	20.942000
0.116724	-293.968102	21.042000
0.115232	-293.920178	21.142000
0.113514	-293.855671	21.242000
0.111633	-293.792345	21.342000
0.109648	-293.732109	21.442000
0.107481	-293.706738	21.542000
0.105188	-293.717492	21.642000
0.102836	-293.773401	21.742000
0.100278	-293.961015	21.842000
0.097675	-294.148249	21.942000
0.095197	-294.218069	22.042000
0.092812	-294.221133	22.142000
0.090483	-294.166348	22.242000
0.088170	-294.110956	22.342000
0.085886	-294.048224	22.442000
0.083562	-293.971567	22.542000
0.081186	-293.911089	22.642000
0.078878	-293.826854	22.742000
0.076517	-293.785835	22.842000
0.074182	-293.701670	22.942000
0.071785	-293.669733	23.042000
0.069429	-293.625920	23.142000
0.067001	-294.170719	23.242000
0.064574	-294.411558	23.342000
0.062099	-293.999406	23.442000
0.059592	-293.587087	23.542000
0.057104	-293.648470	23.642000
0.054545	-293.805861	23.742000
0.051754	-294.127574	23.842000
0.048876	-294.504015	23.942000
0.046180	-294.718149	24.042000
0.043545	-294.870050	24.142000
0.041041	-294.939719	24.242000
0.038548	-294.985343	24.342000
0.036105	-295.015546	24.442000
0.033607	-295.058149	24.542000
0.031142	-295.054952	24.642000
0.028741	-295.038533	24.742000
0.026309	-295.025231	24.842000
0.023899	-295.015134	24.942000
0.021483	-295.011483	25.042000
0.019126	-294.997303	25.142000
0.016745	-294.996601	25.242000
0.014331	-294.945168	25.342000
0.011900	-294.928619	25.442000
0.009435	-294.924319	25.542000
0.007047	-294.912401	25.642000
0.004664	-294.891956	25.742000
0.002248	-294.874648	25.842000
-0.000226	-294.867149	25.942000
-0.002617	-294.835608	26.042000
-0.004236	-294.186991	26.142000
-0.004295	-292.272485	26.242000
-0.004247	-290.302644	26.342000
-0.004219	-288.342335	26.442000
-0.004216	-286.385434	26.542000
-0.004146	-284.393406	26.642000
-0.004170	-282.426475	26.742000
-0.004109	-280.426559	26.842000
-0.004051	-278.442380	26.942000
-0.003988	-276.464194	27.042000
-0.004006	-274.527850	27.142000
-0.003987	-272.535245	27.242000
-0.003910	-270.525284	27.342000
-0.003883	-268.538631	27.442000
-0.003838	-266.574146	27.542000
-0.003731	-264.595328	27.642000
-0.003736	-262.660560	27.742000
-0.003732	-260.702219	27.842000
-0.003736	-258.727960	27.942000
-0.003660	-256.722049	28.042000
-0.003581	-254.741461	28.142000
-0.003547	-252.777831	28.242000
-0.003582	-250.836186	28.342000
-0.003554	-248.929958	28.442000
-0.003471	-247.841488	28.542000
-0.003409	-245.443999	28.642000
-0.003379	-242.783077	28.742000
-0.003276	-240.798598	28.842000
-0.003329	-238.905715	28.942000
-0.003260	-236.937516	29.042000
-0.003205	-234.992604	29.142000
-0.003251	-233.030497	29.242000
-0.003174	-231.007835	29.342000
-0.003102	-229.019883	29.442000
-0.003107	-227.087887	29.542000
-0.003062	-225.137504	29.642000
-0.003067	-223.152205	29.742000
-0.003003	-221.144499	29.842000
-0.002898	-219.140290	29.942000
-0.002860	-217.189512	30.043000
-0.002902	-215.288800	30.142000
-0.002886	-213.313423	30.242000
-0.002798	-211.320230	30.342000
-0.002794	-209.342804	30.442000
