-0.003017	-7.336621	17.731000
0.000396	-6.176074	17.831000
-0.000036	-36.132452	17.931000
-0.000659	-77.000570	18.031000
-0.001197	-110.154027	18.131000
-0.001640	-135.882184	18.231000
-0.001948	-155.897277	18.331000
-0.002182	-171.077272	18.431000
-0.002386	-182.772298	18.531000
-0.002571	-191.805033	18.631000
-0.002685	-199.218200	18.731000
-0.002771	-204.712216	18.831000
-0.002851	-209.186927	18.931000
-0.002937	-213.065140	19.031000
-0.002954	-216.449692	19.131000
-0.003015	-219.429772	19.231000
-0.003105	-222.451784	19.331000
-0.003136	-224.692248	19.431000
-0.003181	-227.004572	19.531000
-0.003192	-229.276683	19.631000
-0.003301	-231.510923	19.731000
-0.003313	-233.666742	19.831000
-0.003317	-235.736449	19.931000
-0.003407	-237.839769	20.031000
-0.003345	-239.838526	20.131000
-0.003377	-241.835061	20.231000
-0.003490	-243.892936	20.331000
-0.003483	-245.858930	20.431000
-0.003547	-247.880640	20.531000
-0.003648	-249.907646	20.631000
-0.003598	-251.933906	20.731000
-0.003592	-253.904715	20.831000
-0.003677	-255.846313	20.931000
-0.003788	-257.857497	21.031000
-0.003785	-259.836060	21.131000
-0.003766	-261.801446	21.231000
-0.003770	-263.776205	21.331000
-0.003813	-265.739932	21.431000
-0.003931	-267.720881	21.531000
-0.003931	-269.692190	21.631000
-0.003962	-271.687888	21.731000
-0.004040	-273.704222	21.831000
-0.004039	-275.671430	21.931000
-0.004044	-277.661418	22.031000
-0.004104	-279.896501	22.131000
-0.004158	-281.884635	22.231000
-0.004163	-283.950427	22.331000
-0.004192	-285.890532	22.431000
-0.004251	-287.847688	22.531000
-0.004219	-289.802470	22.631000
-0.004310	-291.717192	22.731000
-0.004291	-293.654381	22.831000
-0.004349	-295.335531	22.931000
-0.004439	-297.357103	23.031000
-0.004394	-299.372934	23.131000
0.011196	-289.793932	23.231000
0.018621	-285.346986	23.331000
0.020366	-285.266176	23.431000
0.022586	-285.434317	23.531000
0.024984	-285.722772	23.631000
0.027456	-285.514521	23.731000
0.029917	-285.503432	23.831000
0.032369	-285.486481	23.931000
0.034846	-285.464912	24.031000
0.037384	-285.364624	24.131000
0.039970	-285.262516	24.231000
0.042530	-285.146781	24.331000
0.045216	-284.999911	24.431000
0.048042	-284.694775	24.531000
0.051064	-284.246513	24.631000
0.054102	-283.732065	24.731000
0.056984	-283.367089	24.831000
0.059777	-283.104731	24.931000
0.062463	-282.929666	25.031000
0.065047	-282.894085	25.131000
0.067509	-282.775577	25.231000
0.069898	-282.772982	25.331000
0.072275	-282.798894	25.431000
0.074623	-282.900271	25.531000
0.076981	-282.960561	25.631000
0.079245	-283.091832	25.731000
0.081537	-283.224068	25.831000
0.083785	-283.416028	25.931000
0.085994	-283.551232	26.031000
0.088267	-283.720814	26.131000
0.090478	-283.886919	26.231000
0.092648	-284.117823	26.331000
0.094884	-284.252125	26.431000
0.097090	-284.447454	26.531000
0.099239	-284.648866	26.631000
0.101409	-284.841855	26.731000
0.103557	-285.046510	26.831000
0.105785	-285.233244	26.931000
0.108011	-285.411029	27.031000
0.110205	-285.604591	27.131000
0.112447	-285.798856	27.231000
0.114590	-285.954770	27.331000
0.116859	-286.110626	27.431000
0.119152	-286.262979	27.531000
0.121410	-286.399469	27.631000
0.123675	-286.558412	27.731000
0.125824	-286.622548	27.831000
0.127293	-286.656308	27.931000
0.127866	-286.680503	28.031000
0.127663	-286.750585	28.131000
0.126836	-286.817365	28.231000
0.125572	-286.861818	28.331000
0.124031	-287.600527	28.431000
0.122208	-287.595152	28.531000
0.120187	-287.100131	28.631000
0.118099	-286.830217	28.731000
0.115973	-286.775214	28.831000
0.113829	-286.713892	28.931000
0.111675	-286.636948	29.031000
0.109444	-286.570239	29.131000
0.107196	-286.476260	29.231000
0.104957	-286.365352	29.331000
0.102711	-286.251169	29.431000
0.100447	-286.153211	29.531000
0.098186	-286.052811	29.631000
0.095946	-285.961878	29.731000
0.093653	-285.896258	29.831000
0.091345	-285.757448	29.931000
0.089052	-285.676215	30.031000
0.086669	-285.622094	30.131000
0.084317	-285.545077	30.231000
0.081964	-285.501891	30.331000
0.079571	-285.470659	30.431000
0.077166	-285.451968	30.531000
0.074681	-285.475206	30.631000
0.072180	-285.509235	30.731000
0.069687	-285.584795	30.831000
0.067128	-285.714407	30.931000
0.064510	-285.881003	31.031000
0.061747	-286.141187	31.131000
0.058902	-286.483646	31.231000
0.055906	-286.929384	31.331000
0.052667	-287.567271	31.431000
0.049438	-288.187824	31.531000
0.046578	-288.552322	31.631000
0.043856	-288.800846	31.731000
0.041215	-288.963726	31.831000
0.038564	-289.095990	31.931000
0.036030	-289.204770	32.031000
0.033476	-289.288375	32.131000
0.030963	-289.344646	32.231000
0.028513	-289.403370	32.331000
0.026005	-289.462691	32.431000
0.023535	-289.496835	32.531000
0.021060	-289.543476	32.631000
0.018576	-289.575044	32.731000
0.016078	-289.610628	32.831000
0.013581	-289.660031	32.931000
0.011123	-289.702506	33.031000
0.008630	-289.765059	33.131000
0.006119	-289.796960	33.231000
0.003628	-289.840814	33.331000
0.001124	-289.888933	33.431000
-0.001368	-289.927000	33.531000
-0.003668	-290.122819	33.631000
-0.004194	-289.219127	33.731000
-0.004202	-286.872837	33.831000
-0.004164	-284.292288	33.931000
-0.004183	-282.316225	34.031000
-0.004103	-280.333145	34.131000
-0.004020	-278.365624	34.231000
-0.003996	-276.420339	34.331000
-0.004036	-274.488769	34.431000
-0.004020	-272.516735	34.531000
-0.003910	-270.527665	34.631000
-0.003889	-268.525077	34.731000
-0.003833	-266.567841	34.831000
-0.003769	-264.594593	34.931000
-0.003788	-262.664361	35.031000
-0.003747	-260.686275	35.131000
-0.003745	-258.715341	35.231000
-0.003694	-256.717381	35.331000
-0.003650	-254.745629	35.431000
-0.003586	-252.765144	35.531000
-0.003612	-250.831671	35.631000
-0.003610	-248.874313	35.731000
-0.003479	-246.826459	35.831000
-0.003510	-244.885615	35.931000
-0.003452	-242.903136	36.031000
-0.003308	-240.911726	36.131000
-0.003349	-238.983105	36.231000
-0.003375	-237.032906	36.331000
-0.003292	-235.029062	36.431000
-0.003313	-233.069609	36.531000
-0.003218	-231.048199	36.631000
-0.003145	-229.050273	36.731000
-0.003164	-227.118040	36.831000
-0.003141	-225.138545	36.931000
-0.003108	-223.149707	37.031000
-0.003048	-221.167582	37.131000
-0.002964	-219.171178	37.231000
-0.002928	-217.223407	37.331000
-0.002941	-215.279121	37.431000
-0.002924	-213.311295	37.531000
-0.002837	-211.334612	37.631000
-0.002846	-209.358341	37.731000
