0.000848	-6.099155	26.271000
0.000353	-6.300058	26.371000
-0.000061	-36.585033	26.471000
-0.000661	-76.552468	26.571000
-0.001195	-109.647168	26.671000
-0.001613	-135.644355	26.771000
-0.001956	-155.799570	26.871000
-0.002153	-171.034165	26.971000
-0.002354	-182.709568	27.071000
-0.002515	-191.782460	27.171000
-0.002622	-199.187743	27.271000
-0.002697	-204.657670	27.371000
-0.002804	-209.262141	27.471000
-0.002852	-213.094019	27.571000
-0.002873	-216.474728	27.671000
-0.002940	-219.414403	27.771000
-0.003036	-222.368784	27.871000
-0.003085	-224.694896	27.971000
-0.003128	-227.065895	28.071000
-0.003140	-229.340091	28.171000
-0.003240	-231.638806	28.271000
-0.003240	-233.724116	28.371000
-0.003288	-235.801033	28.471000
-0.003367	-237.888500	28.571000
-0.003341	-239.896974	28.671000
-0.003359	-241.917303	28.771000
-0.003477	-243.955378	28.871000
-0.003482	-245.915846	28.971000
-0.003558	-247.943259	29.071000
-0.003610	-249.951801	29.171000
-0.003574	-251.951121	29.271000
-0.003584	-253.939624	29.371000
-0.003648	-255.895041	29.471000
-0.003713	-257.894518	29.571000
-0.003718	-259.885991	29.671000
-0.003715	-261.854973	29.771000
-0.003707	-263.809973	29.871000
-0.003755	-265.787161	29.971000
-0.003819	-267.760894	30.071000
-0.003815	-269.720803	30.171000
-0.003878	-271.727137	30.271000
-0.003947	-273.744430	30.371000
-0.003896	-275.683967	30.471000
-0.003906	-277.662528	30.571000
-0.003951	-279.634425	30.671000
-0.004040	-281.626530	30.771000
-0.004062	-283.613492	30.871000
-0.004080	-285.585466	30.971000
-0.004100	-287.566460	31.071000
-0.004106	-289.520660	31.171000
-0.004215	-291.523467	31.271000
-0.004218	-293.493101	31.371000
-0.004250	-295.471977	31.471000
-0.004360	-297.483123	31.571000
-0.004335	-300.032932	31.671000
-0.004356	-302.247106	31.771000
-0.004446	-303.744262	31.871000
-0.004478	-305.286263	31.971000
-0.004510	-307.281519	32.071000
-0.004536	-309.281140	32.171000
-0.004541	-311.252035	32.271000
-0.004548	-313.256781	32.371000
-0.004665	-315.219289	32.471000
-0.004688	-317.190296	32.571000
-0.004729	-319.185318	32.671000
-0.004824	-321.207086	32.771000
-0.004796	-323.182325	32.871000
-0.004775	-325.147416	32.971000
-0.004843	-327.132791	33.071000
-0.004918	-329.118877	33.171000
-0.004921	-331.081496	33.271000
-0.004886	-333.040220	33.371000
-0.004869	-334.983596	33.471000
-0.004928	-336.964240	33.571000
-0.004958	-338.939100	33.671000
-0.005020	-340.941153	33.771000
-0.005100	-342.936539	33.871000
-0.005106	-344.874255	33.971000
-0.005094	-346.852701	34.071000
-0.005122	-348.828027	34.171000
-0.005210	-350.838304	34.271000
0.007387	-342.651697	34.371000
0.012045	-340.886434	34.471000
0.014232	-341.128323	34.571000
0.016605	-341.129409	34.671000
0.019171	-341.044849	34.771000
0.021811	-340.901944	34.871000
0.024409	-340.735571	34.971000
0.027104	-340.501878	35.071000
0.029751	-340.306666	35.171000
0.032457	-340.088219	35.271000
0.035176	-339.872477	35.371000
0.037902	-339.634563	35.471000
0.040660	-339.384326	35.571000
0.043378	-339.136000	35.671000
0.046183	-338.835695	35.771000
0.049130	-338.467787	35.871000
0.052153	-337.981389	35.971000
0.055431	-337.355539	36.071000
0.058408	-336.882252	36.171000
0.060934	-336.782931	36.271000
0.063227	-336.770894	36.371000
0.064689	-336.770157	36.471000
0.065200	-336.833212	36.571000
0.064962	-336.920815	36.671000
0.064111	-337.031523	36.771000
0.062778	-337.565320	36.871000
0.061024	-338.230188	36.971000
0.058949	-337.952411	37.071000
0.056469	-337.961227	37.171000
0.053423	-338.749555	37.271000
0.050438	-339.395200	37.371000
0.047585	-339.914417	37.471000
0.044740	-340.346843	37.571000
0.041937	-340.701796	37.671000
0.039192	-341.027837	37.771000
0.036447	-341.341844	37.871000
0.033737	-341.618952	37.971000
0.031002	-341.853661	38.071000
0.028264	-342.115312	38.171000
0.025531	-342.367128	38.271000
0.022848	-342.607767	38.371000
0.020195	-342.826652	38.471000
0.017525	-343.037521	38.571000
0.014800	-343.266815	38.671000
0.012092	-343.473880	38.771000
0.009399	-343.689572	38.871000
0.006709	-343.879395	38.971000
0.004039	-344.072126	39.071000
0.001404	-344.277072	39.171000
-0.001322	-344.482624	39.271000
-0.003954	-344.634497	39.371000
-0.005141	-343.649524	39.471000
-0.005113	-341.659867	39.571000
-0.005057	-339.669679	39.671000
-0.005003	-337.685983	39.771000
-0.004933	-335.721808	39.871000
-0.004931	-333.785999	39.971000
-0.004903	-331.800056	40.071000
-0.004912	-329.846009	40.171000
-0.004820	-327.827857	40.271000
-0.004739	-325.843619	40.371000
-0.004713	-323.891818	40.471000
-0.004739	-321.941169	40.571000
-0.004687	-319.943993	40.671000
-0.004597	-317.931008	40.771000
-0.004583	-315.965631	40.871000
-0.004497	-313.996430	40.971000
-0.004446	-312.004793	41.071000
-0.004461	-310.076300	41.171000
-0.004436	-308.101991	41.271000
-0.004421	-306.128317	41.371000
-0.004409	-304.162164	41.471000
-0.004326	-302.171674	41.571000
-0.004313	-300.209097	41.671000
-0.004333	-298.256529	41.771000
-0.004304	-296.264304	41.871000
-0.004238	-294.264964	41.971000
-0.004242	-292.391274	42.071000
-0.004204	-291.286648	42.171000
-0.004128	-288.982179	42.271000
-0.004164	-286.392558	42.371000
-0.004131	-284.329432	42.471000
-0.004134	-282.389897	42.571000
-0.004081	-280.420767	42.671000
-0.004017	-278.456291	42.771000
-0.003963	-276.501247	42.871000
-0.004019	-274.567577	42.971000
-0.003973	-272.584377	43.071000
-0.003882	-270.570802	43.171000
-0.003879	-268.610857	43.271000
-0.003830	-266.641371	43.371000
-0.003725	-264.666499	43.471000
-0.003724	-262.729508	43.571000
-0.003691	-260.755601	43.671000
-0.003716	-258.777137	43.771000
-0.003638	-256.784474	43.871000
-0.003552	-254.828791	43.971000
-0.003493	-252.829818	44.071000
-0.003530	-250.872343	44.171000
-0.003521	-248.891288	44.271000
-0.003408	-246.877447	44.371000
-0.003375	-244.919550	44.471000
-0.003333	-242.936255	44.571000
-0.003218	-240.954624	44.671000
-0.003288	-239.035334	44.771000
-0.003260	-237.067110	44.871000
-0.003189	-235.067594	44.971000
-0.003228	-233.109528	45.071000
-0.003188	-231.110891	45.171000
-0.003107	-229.115651	45.271000
-0.003102	-227.165748	45.371000
-0.003077	-225.186502	45.471000
-0.003099	-223.218407	45.571000
-0.003035	-221.236100	45.671000
-0.002977	-219.243204	45.771000
-0.002888	-217.278228	45.871000
-0.002960	-215.370351	45.971000
-0.002972	-213.395393	46.071000
-0.002884	-211.414251	46.171000
-0.002908	-209.451210	46.271000
