0.000730	-5.905838	15.184000
0.000385	-6.253820	15.284000
-0.000066	-35.522531	15.384000
-0.000680	-75.757992	15.484000
-0.001232	-109.453061	15.584000
-0.001651	-135.752109	15.684000
-0.001988	-155.853156	15.784000
-0.002248	-171.165409	15.884000
-0.002454	-182.849102	15.984000
-0.002592	-191.899125	16.084000
-0.002703	-199.369533	16.184000
-0.002795	-204.773871	16.284000
-0.002907	-209.320712	16.384000
-0.002969	-213.158667	16.484000
-0.002947	-216.533661	16.584000
-0.003014	-219.581067	16.684000
-0.003133	-222.385189	16.784000
-0.003128	-224.753152	16.884000
-0.003129	-227.104918	16.984000
-0.003150	-229.371786	17.084000
-0.003258	-232.169168	17.184000
-0.003231	-234.452499	17.284000
-0.003262	-236.301095	17.384000
-0.003305	-237.790944	17.484000
-0.003247	-239.801173	17.584000
-0.003277	-241.833709	17.684000
-0.003393	-243.873574	17.784000
-0.003367	-245.860632	17.884000
-0.003447	-247.914325	17.984000
-0.003544	-249.946028	18.084000
-0.003507	-251.937252	18.184000
-0.003489	-253.918757	18.284000
-0.003559	-255.876314	18.384000
-0.003644	-257.901167	18.484000
-0.003674	-259.899645	18.584000
-0.003684	-261.868633	18.684000
-0.003670	-263.823341	18.784000
-0.003722	-265.803853	18.884000
-0.003853	-267.812134	18.984000
-0.003851	-269.765568	19.084000
-0.003904	-271.772184	19.184000
-0.003990	-273.796717	19.284000
-0.003967	-275.727343	19.384000
-0.003993	-277.711145	19.484000
-0.004070	-279.691355	19.584000
-0.004123	-281.683270	19.684000
-0.004137	-283.691217	19.784000
-0.004140	-285.628821	19.884000
-0.004204	-287.624063	19.984000
-0.004190	-289.590663	20.084000
-0.004262	-291.560417	20.184000
-0.004267	-293.536441	20.284000
-0.004324	-295.525347	20.384000
-0.004400	-297.522669	20.484000
-0.004336	-299.473590	20.584000
-0.004346	-301.450260	20.684000
-0.004416	-303.434868	20.784000
-0.004469	-305.423524	20.884000
-0.004476	-307.399873	20.984000
-0.004456	-309.357113	21.084000
-0.004472	-311.318729	21.184000
-0.004513	-313.280184	21.284000
-0.004595	-315.257145	21.384000
-0.004574	-317.201593	21.484000
-0.004622	-319.200933	21.584000
-0.004747	-321.224628	21.684000
-0.004714	-323.209318	21.784000
-0.004705	-325.146013	21.884000
-0.004765	-327.133465	21.984000
-0.004848	-329.121610	22.084000
-0.004901	-331.101723	22.184000
-0.004888	-333.063490	22.284000
-0.004888	-335.053066	22.384000
-0.004956	-337.832276	22.484000
-0.005048	-339.654256	22.584000
-0.005112	-341.148803	22.684000
-0.005142	-342.868754	22.784000
-0.005175	-344.841120	22.884000
-0.001022	-343.489650	22.984000
0.003040	-342.218692	23.084000
0.005295	-342.370612	23.184000
0.007619	-342.455732	23.284000
0.010066	-342.866560	23.384000
0.012508	-343.687001	23.484000
0.014986	-342.414061	23.584000
0.017618	-342.221112	23.684000
0.020292	-342.031213	23.784000
0.022898	-341.880811	23.884000
0.025552	-341.707408	23.984000
0.028219	-341.523971	24.084000
0.030949	-341.295120	24.184000
0.033666	-341.120144	24.284000
0.036347	-340.916883	24.384000
0.039064	-340.769543	24.484000
0.041736	-340.492907	24.584000
0.044539	-340.257134	24.684000
0.047347	-339.956912	24.784000
0.050192	-339.625920	24.884000
0.053210	-339.195855	24.984000
0.056423	-338.565149	25.084000
0.059182	-338.262668	25.184000
0.061463	-338.209999	25.284000
0.062903	-338.280351	25.384000
0.063442	-338.308116	25.484000
0.063178	-338.418630	25.584000
0.062293	-338.535032	25.684000
0.060946	-338.662582	25.784000
0.059174	-338.837656	25.884000
0.057075	-339.158145	25.984000
0.054260	-339.836078	26.084000
0.051362	-340.865292	26.184000
0.048488	-341.497831	26.284000
0.045681	-341.819375	26.384000
0.042914	-342.187039	26.484000
0.040082	-342.534662	26.584000
0.037353	-342.827444	26.684000
0.034653	-342.801634	26.784000
0.031988	-342.918091	26.884000
0.029324	-343.154048	26.984000
0.026630	-343.373579	27.084000
0.023955	-343.593383	27.184000
0.021317	-343.796433	27.284000
0.018733	-343.987742	27.384000
0.016065	-344.197352	27.484000
0.013397	-344.391076	27.584000
0.010720	-344.904929	27.684000
0.008036	-345.733396	27.784000
0.005276	-345.565305	27.884000
0.002567	-345.189887	27.984000
-0.000024	-345.382324	28.084000
-0.002625	-345.512129	28.184000
-0.004811	-345.323383	28.284000
-0.005053	-343.581566	28.384000
-0.005065	-341.632277	28.485000
-0.004979	-339.663348	28.584000
-0.004900	-337.697011	28.684000
-0.004842	-335.727777	28.784000
-0.004842	-333.789336	28.884000
-0.004856	-331.828939	28.984000
-0.004842	-329.856572	29.084000
-0.004772	-327.874431	29.184000
-0.004702	-325.875505	29.284000
-0.004699	-323.915208	29.384000
-0.004741	-321.966905	29.484000
-0.004672	-319.961863	29.584000
-0.004604	-317.994850	29.684000
-0.004623	-316.006293	29.784000
-0.004548	-314.034808	29.884000
-0.004494	-312.063298	29.984000
-0.004510	-310.132567	30.084000
-0.004501	-308.166023	30.184000
-0.004524	-306.205872	30.284000
-0.004455	-304.221796	30.384000
-0.004387	-302.241165	30.484000
-0.004353	-300.266211	30.584000
-0.004412	-298.327359	30.684000
-0.004382	-296.341395	30.784000
-0.004288	-294.334912	30.884000
-0.004260	-292.345485	30.984000
-0.004208	-290.387519	31.084000
-0.004169	-288.414006	31.184000
-0.004161	-286.476498	31.284000
-0.004101	-284.470691	31.384000
-0.004126	-282.516820	31.484000
-0.004077	-280.522081	31.584000
-0.003999	-278.530305	31.684000
-0.003933	-276.565119	31.784000
-0.003957	-274.610717	31.884000
-0.003930	-272.620537	31.984000
-0.003847	-270.630973	32.084000
-0.003826	-268.638081	32.184000
-0.003753	-266.656174	32.284000
-0.003665	-264.683722	32.384000
-0.003675	-262.749450	32.484000
-0.003667	-260.779709	32.584000
-0.003643	-258.799282	32.684000
-0.003578	-256.796544	32.784000
-0.003518	-254.807252	32.884000
-0.003477	-253.702034	32.984000
-0.003471	-251.600024	33.084000
-0.003478	-249.079077	33.184000
-0.003375	-246.790389	33.284000
-0.003384	-244.844076	33.384000
-0.003354	-242.894857	33.484000
-0.003234	-240.938258	33.584000
-0.003303	-239.043332	33.684000
-0.003272	-237.067445	33.784000
-0.003239	-235.093857	33.884000
-0.003257	-233.144194	33.984000
-0.003216	-231.168436	34.084000
-0.003116	-229.165012	34.184000
-0.003153	-227.213937	34.284000
-0.003128	-225.233515	34.384000
-0.003122	-223.254319	34.484000
-0.003062	-221.283386	34.584000
-0.003011	-219.308596	34.684000
-0.002968	-217.353013	34.784000
-0.002999	-215.414212	34.884000
-0.002974	-213.430577	34.984000
-0.002868	-211.456852	35.084000
-0.002910	-209.504993	35.184000
