-0.000038	-6.607444	24.492000
0.000328	-9.734856	24.592000
-0.000594	-70.701530	24.692000
-0.001813	-146.504869	24.792000
-0.002818	-209.299238	24.892000
-0.003650	-257.438993	24.992000
-0.004280	-292.929070	25.092000
-0.004718	-318.503430	25.192000
-0.005058	-336.721680	25.292000
0.006635	-339.828981	25.392000
0.018535	-338.848497	25.492000
0.025291	-339.035597	25.592000
0.029613	-339.233366	25.692000
0.032131	-339.967991	25.792000
0.033248	-339.681414	25.892000
0.033321	-339.113588	25.992000
0.032719	-339.186645	26.092000
0.031595	-339.286256	26.192000
0.030042	-339.430564	26.292000
0.028223	-339.598258	26.392000
0.026176	-339.767479	26.492000
0.024016	-339.954247	26.592000
0.021698	-340.141360	26.692000
0.019237	-340.345139	26.792000
0.016757	-340.563578	26.892000
0.014285	-340.701575	26.992000
0.011689	-340.897925	27.092000
0.009096	-341.067023	27.192000
0.006520	-341.261888	27.292000
0.003930	-341.429860	27.392000
0.001343	-341.599918	27.492000
-0.001256	-341.749951	27.592000
-0.003850	-341.873331	27.692000
-0.005126	-340.980832	27.792000
-0.005068	-339.011395	27.892000
-0.005004	-337.055649	27.992000
-0.004949	-335.111873	28.092000
-0.004973	-333.181714	28.192000
-0.004985	-331.233974	28.292000
-0.004917	-329.243294	28.392000
-0.004850	-327.254661	28.492000
-0.004753	-325.304761	28.592000
-0.004763	-323.357935	28.692000
-0.004776	-321.397382	28.792000
-0.004685	-319.397666	28.892000
-0.004633	-317.417397	28.992000
-0.004622	-315.473248	29.092000
-0.004503	-313.484473	29.192000
-0.004480	-311.517361	29.292000
-0.004498	-309.592534	29.392000
-0.004492	-307.636632	29.492000
-0.004486	-305.669545	29.592000
-0.004413	-303.678997	29.692000
-0.004364	-301.727500	29.792000
-0.004361	-299.775037	29.892000
-0.004420	-297.833448	29.992000
-0.004367	-295.839854	30.092000
-0.004307	-293.854874	30.192000
-0.004315	-291.903642	30.292000
-0.004231	-289.932565	30.392000
-0.004201	-287.962007	30.492000
-0.004174	-286.017747	30.592000
-0.004143	-284.041380	30.692000
-0.004152	-282.079598	30.792000
-0.004061	-280.073843	30.892000
-0.003992	-278.900699	30.992000
-0.003906	-276.794142	31.092000
-0.003971	-274.387866	31.192000
-0.003905	-272.091831	31.292000
-0.003814	-270.108076	31.392000
-0.003795	-268.141144	31.492000
-0.003725	-266.178424	31.592000
-0.003685	-264.231376	31.692000
-0.003675	-262.317623	31.792000
-0.003655	-260.367600	31.892000
-0.003663	-258.407229	31.992000
-0.003635	-256.421105	32.092000
-0.003578	-254.438346	32.192000
-0.003545	-252.502429	32.292000
-0.003589	-250.567473	32.392000
-0.003577	-248.579873	32.492000
-0.003498	-246.572926	32.592000
-0.003487	-244.613424	32.692000
-0.003436	-242.653480	32.792000
-0.003333	-240.675259	32.892000
-0.003401	-238.793315	32.992000
-0.003365	-236.790964	33.092000
-0.003301	-234.799070	33.192000
-0.003303	-232.819466	33.292000
-0.003244	-230.820881	33.392000
-0.003172	-228.848660	33.492000
-0.003130	-226.889381	33.592000
-0.003088	-224.907610	33.692000
-0.003062	-222.914363	33.792000
-0.002979	-220.919712	33.892000
-0.002930	-218.946559	33.992000
-0.002846	-216.996110	34.092000
-0.002911	-215.088708	34.192000
-0.002893	-213.119498	34.292000
-0.002817	-211.111090	34.392000
-0.002847	-209.156689	34.492000
-0.002829	-207.303118	34.592000
-0.002759	-206.074159	34.692000
-0.002777	-205.563813	34.792000
-0.002781	-205.699536	34.892000
-0.002796	-206.320699	34.992000
-0.002888	-207.319041	35.092000
-0.002947	-208.602840	35.192000
-0.002905	-210.019340	35.292000
-0.002883	-211.610107	35.392000
-0.002991	-213.334998	35.492000
-0.002997	-215.106255	35.592000
-0.002935	-216.884165	35.692000
-0.002983	-218.723222	35.792000
-0.002999	-220.588392	35.892000
-0.003098	-222.518675	35.992000
-0.003110	-224.462542	36.092000
-0.003107	-227.218764	36.192000
-0.003085	-229.007238	36.292000
-0.003152	-230.389488	36.392000
-0.003234	-232.181308	36.492000
-0.003215	-234.127725	36.592000
-0.003251	-236.127624	36.692000
-0.003303	-238.124710	36.792000
-0.003290	-240.079185	36.892000
-0.003325	-242.024993	36.992000
-0.003437	-244.010888	37.092000
-0.003439	-245.969819	37.192000
-0.003522	-247.968334	37.292000
-0.003616	-249.971722	37.392000
-0.003597	-251.938822	37.492000
-0.003583	-253.934041	37.592000
-0.003674	-255.883281	37.692000
-0.003763	-257.857346	37.792000
-0.003773	-259.841592	37.892000
-0.003735	-261.787222	37.992000
-0.003737	-263.715113	38.092000
-0.003765	-265.697691	38.192000
-0.003861	-267.672000	38.292000
-0.003847	-269.619380	38.392000
-0.003865	-271.599747	38.492000
-0.003952	-273.606907	38.592000
-0.003903	-275.561036	38.692000
-0.003891	-277.514955	38.792000
-0.003953	-279.465685	38.892000
-0.004034	-281.460194	38.992000
-0.004077	-283.445116	39.092000
-0.004071	-285.416347	39.192000
-0.004104	-287.380052	39.292000
-0.004122	-289.351167	39.392000
-0.004222	-291.325984	39.492000
-0.004270	-293.294798	39.592000
-0.004312	-295.283177	39.692000
-0.004405	-297.288706	39.792000
-0.004387	-299.253371	39.892000
-0.004388	-301.233120	39.992000
-0.004462	-303.189915	40.092000
-0.004536	-305.173584	40.192000
-0.004574	-307.151939	40.292000
-0.004561	-309.110202	40.392000
-0.004547	-311.059323	40.492000
-0.004554	-313.021290	40.592000
-0.004654	-314.999348	40.692000
-0.004664	-316.961597	40.792000
-0.004679	-318.931749	40.892000
-0.004782	-320.924201	40.992000
-0.004751	-322.885131	41.092000
-0.004717	-324.859244	41.192000
-0.004778	-326.825640	41.292000
-0.004858	-329.199654	41.392000
-0.004859	-331.526180	41.492000
-0.004877	-333.305913	41.592000
-0.004887	-334.653341	41.692000
-0.004943	-336.568198	41.792000
-0.005001	-338.571388	41.892000
-0.004796	-340.348803	41.992000
-0.002033	-340.056854	42.092000
0.000542	-339.963970	42.192000
0.002967	-339.978093	42.292000
0.005328	-340.049908	42.392000
0.007712	-340.107001	42.492000
0.010094	-340.127023	42.592000
0.012541	-340.128353	42.692000
0.015072	-340.069629	42.792000
0.017578	-339.993112	42.892000
0.020135	-339.914620	42.992000
0.022711	-339.822498	43.092000
0.025250	-339.706252	43.192000
0.027826	-339.569495	43.292000
0.030374	-339.469445	43.392000
0.032973	-339.330020	43.492000
0.035573	-339.211107	43.592000
0.038214	-339.061741	43.692000
0.040855	-338.906315	43.792000
0.043470	-338.755866	43.892000
0.046121	-338.568027	43.992000
0.048872	-338.334545	44.092000
0.051671	-338.068039	44.192000
0.054523	-337.721827	44.292000
0.057507	-337.275701	44.392000
0.060186	-337.055191	44.492000
