USB2G48828_1:101		
350	-1.42388	
351	-5.54482	
352	-2.97692	
353	6.25293	
354	3.69269	
355	1.40638	
356	9.21674	
357	29.03162	
358	21.61063	
359	-1.56121	
360	1.26736	
361	2.69256	
362	-5.46217	
363	-1.35632	
364	-4.75869	
365	-0.87249	
366	3.7362	
367	2.57245	
368	-1.00479	
369	-0.77935	
370	6.66822	
371	5.96337	
372	-1.79753	
373	2.79445	
374	11.29526	
375	25.47409	
376	13.23342	
377	2.50693	
378	75.337	
379	20.12242	
380	28.95919	
381	17.50147	
382	4.53668	
383	1.2797	
384	4.27394	
385	4.62247	
386	6.43047	
387	21.80241	
388	21.13339	
389	33.64869	
390	103.64135	
391	172.41102	
392	119.73393	
393	23.98837	
394	17.6835	
395	14.18322	
396	15.25053	
397	5.83903	
398	15.111	
399	21.08126	
400	15.34576	
401	3.42494	
402	5.00484	
403	5.17879	
404	13.46919	
405	20.2776	
406	26.42751	
407	20.28798	
408	8.43275	
409	3.53966	
410	10.54426	
411	6.43067	
412	6.7321	
413	12.39883	
414	9.05579	
415	0.95162	
416	11.35867	
417	8.7802	
418	14.88771	
419	31.87073	
420	26.66438	
421	16.37739	
422	12.40029	
423	16.59696	
424	22.59506	
425	35.0848	
426	85.0204	
427	107.3117	
428	102.12763	
429	35.5998	
430	9.22465	
431	9.76998	
432	10.79769	
433	15.20281	
434	30.32666	
435	23.6027	
436	14.8836	
437	20.96407	
438	17.8	
439	4.1995	
440	9.34108	
441	5.34607	
442	8.18357	
443	28.05854	
444	7.19181	
445	8.63186	
446	1.3184	
447	7.84047	
448	15.67124	
449	6.87116	
450	13.99836	
451	10.61563	
452	7.9237	
453	5.19762	
454	19.68969	
455	17.70265	
456	8.18731	
457	6.13776	
458	24.22699	
459	18.44608	
460	15.80319	
461	25.91113	
462	3.95043	
463	10.07509	
464	15.10838	
465	16.44128	
466	20.43312	
467	12.40962	
468	14.71192	
469	20.09482	
470	25.40309	
471	27.82115	
472	22.04239	
473	28.54867	
474	39.51319	
475	9.01319	
476	28.90253	
477	29.3526	
478	17.37161	
479	6.79227	
480	8.10157	
481	17.4935	
482	12.10777	
483	24.38405	
484	22.15683	
485	16.55005	
486	60.24189	
487	33.74619	
488	51.07246	
489	24.07049	
490	10.31793	
491	17.34691	
492	5.12373	
493	8.66793	
494	4.82519	
495	7.35531	
496	14.9809	
497	13.80031	
498	14.73787	
499	63.25723	
500	10.47404	
501	18.69062	
502	12.42842	
503	4.99606	
504	1.40311	
505	4.82278	
506	9.16548	
507	7.97671	
508	4.90894	
509	10.75442	
510	5.16069	
511	2.09611	
512	28.92655	
513	12.38808	
514	16.74776	
515	12.26015	
516	8.11853	
517	15.17753	
518	28.10428	
519	22.18848	
520	10.40689	
521	7.155	
522	8.79613	
523	11.97278	
524	7.87524	
525	13.15251	
526	3.0817	
527	1.58416	
528	17.7501	
529	1.50806	
530	1.1287	
531	0.07952	
532	14.10965	
533	8.7614	
534	1.05478	
535	13.58076	
536	5.28163	
537	1.22853	
538	6.45025	
539	2.1594	
540	1.3434	
541	4.63584	
542	5.67153	
543	17.4691	
544	2.98445	
545	11.59905	
546	5.85799	
547	3.67283	
548	0.87153	
549	2.89789	
550	16.91482	
551	9.36635	
552	7.96297	
553	1.20375	
554	0.46736	
555	3.62491	
556	22.40332	
557	12.88822	
558	18.72238	
559	5.94845	
560	11.13588	
561	35.29015	
562	9.11539	
563	11.81337	
564	3.26238	
565	6.46677	
566	0.19912	
567	0.82122	
568	4.62611	
569	1.95524	
570	3.45589	
571	4.96964	
572	2.20305	
573	2.28299	
574	7.22866	
575	4.72909	
576	24.01175	
577	13.62882	
578	8.52478	
579	4.58267	
580	2.75643	
581	-1.67133	
582	1.43701	
583	11.6815	
584	5.02657	
585	36.2117	
586	9.89481	
587	-0.74451	
588	8.34706	
589	8.10624	
590	5.55873	
591	8.63465	
592	10.38019	
593	11.8907	
594	5.7592	
595	4.95896	
596	6.98285	
597	9.21887	
598	6.25055	
599	11.66292	
600	11.63623	
601	7.90455	
602	12.80668	
603	32.47842	
604	28.96103	
605	20.62028	
606	14.56389	
607	18.11097	
608	2.19188	
609	8.77171	
610	5.69146	
611	14.68522	
612	11.0009	
613	12.32687	
614	3.123	
615	5.13976	
616	6.40981	
617	6.57819	
618	10.68468	
619	2.00851	
620	0.5961	
621	-5.94879	
622	10.1579	
623	8.0267	
624	-1.4634	
625	0.91427	
626	2.80523	
627	-0.04648	
628	-4.59574	
629	19.33018	
630	10.47757	
631	-1.42269	
632	5.69288	
633	-3.98663	
634	-3.38381	
635	-0.45334	
636	3.87509	
637	1.60288	
638	1.92897	
639	5.3971	
640	5.20916	
641	8.0108	
642	8.01524	
643	2.65641	
644	8.11301	
645	2.21649	
646	3.95136	
647	15.23654	
648	5.52295	
649	-2.1321	
650	-0.82287	
651	2.90119	
652	15.77026	
653	8.31089	
654	16.11318	
655	7.20154	
656	100.60818	
657	135.09075	
658	39.36883	
659	24.31638	
660	16.92018	
661	16.39239	
662	16.87783	
663	10.06998	
664	5.84215	
665	5.34744	
666	9.887	
667	11.52413	
668	16.81538	
669	15.50153	
670	14.75518	
671	17.36346	
672	4.02065	
673	0.49512	
674	4.91247	
675	14.49461	
676	22.05521	
677	17.32023	
678	9.16128	
679	8.79498	
680	-4.04545	
681	0.90369	
682	-2.13374	
683	-0.3436	
684	6.14778	
685	2.08814	
686	0.18352	
687	8.55368	
688	8.14104	
689	3.04473	
690	-0.75497	
691	2.18165	
692	-5.95555	
693	-6.88339	
694	-2.78447	
695	-7.85793	
696	10.99379	
697	42.86753	
698	-0.39144	
699	1.36505	
700	2.07626	
701	13.63656	
702	-1.39658	
703	12.00645	
704	-0.18947	
705	18.9781	
706	1.36327	
707	37.24487	
708	18.75038	
709	1.87862	
710	-1.5761	
711	1.36264	
712	-0.8528	
713	6.19568	
714	-1.11417	
715	2.1596	
716	-2.88021	
717	3.00116	
718	-0.20369	
719	1.93054	
720	0.17258	
721	5.57287	
722	12.63781	
723	2.13255	
724	1.64448	
725	-3.50929	
726	3.20907	
727	5.76542	
728	8.30209	
729	-0.15494	
730	3.5717	
731	-3.67318	
732	8.28351	
733	-2.08618	
734	2.89996	
735	11.08074	
736	9.25351	
737	16.92902	
738	32.505	
739	55.6392	
740	12.49434	
741	0.77037	
742	-1.62888	
743	0.63886	
744	7.27627	
745	32.77506	
746	7.19065	
747	14.11734	
748	10.52848	
749	11.60703	
750	157.85988	
751	304.97243	
752	191.75127	
753	43.03931	
754	12.84022	
755	18.78656	
756	-3.25261	
757	2.21994	
758	9.392	
759	4.75788	
760	10.47151	
761	10.70639	
762	4.25308	
763	121.92858	
764	136.88067	
765	43.03879	
766	9.13884	
767	1.19793	
768	-2.67424	
769	-0.84205	
770	1.16894	
771	10.6687	
772	33.20753	
773	47.45257	
774	16.87289	
775	4.86231	
776	1.9862	
777	11.30688	
778	19.08308	
779	12.23875	
780	-0.45497	
781	-2.42845	
782	-5.75103	
783	-9.46715	
784	-6.52158	
785	-10.09471	
786	-3.82929	
787	2.29925	
788	-4.87021	
789	-0.51937	
790	22.00251	
791	-9.26186	
792	-7.21241	
793	-2.57262	
794	-3.05963	
795	38.72112	
796	12.72186	
797	0.44678	
798	-2.14741	
799	-3.87972	
800	6.84961	
801	31.0361	
802	49.17924	
803	13.38069	
804	-10.61953	
805	-1.83044	
806	-0.18655	
807	-1.90537	
808	0.33615	
809	4.20028	
810	48.06834	
811	108.43368	
812	179.49129	
813	56.67376	
814	7.40661	
815	-6.56812	
816	11.85449	
817	-3.38527	
818	2.24763	
819	6.92351	
820	1.19661	
821	-5.90284	
822	-7.46211	
823	-7.14154	
824	9.69475	
825	-3.8716	
826	13.02678	
827	21.9568	
828	3.16198	
829	2.60615	
830	-9.73708	
831	-5.92928	
832	-6.73133	
833	-9.4009	
834	-7.35166	
835	-0.95633	
836	-7.4849	
837	5.06315	
838	-3.70779	
839	-2.99858	
840	-2.33964	
841	54.58502	
842	48.11981	
843	59.31503	
844	12.07878	
845	5.996	
846	0.11901	
847	-2.73367	
848	-4.59458	
849	-7.75991	
850	-8.11067	
851	-7.51056	
852	11.05154	
853	3.99727	
854	-4.78412	
855	-7.01314	
856	-9.49112	
857	-2.01071	
858	-8.72961	
859	-6.62651	
860	-6.99613	
861	1.98536	
862	-5.0199	
863	-6.51874	
864	-2.14676	
865	-0.85462	
866	-1.88812	
867	1.85306	
868	0.69073	
869	-2.59657	
870	-1.71575	
871	-0.37513	
872	14.5498	
873	-8.86334	
874	-2.73238	
875	-6.87015	
876	-5.78236	
877	1.78765	
878	-6.10667	
879	-7.4955	
880	-1.02658	
881	-7.08601	
882	-2.44302	
883	0.84137	
884	-9.66652	
885	7.20913	
886	-0.74649	
887	-4.20986	
888	-0.7546	
889	-0.77643	
890	0.83342	
891	-0.34144	
892	-6.19372	
893	-1.95067	
894	-7.63449	
895	-9.94339	
896	-5.02365	
897	1.69715	
898	-8.13355	
899	-4.87004	
900	-3.89254	
901	-4.07101	
902	-5.94734	
903	-4.48676	
904	-10.52207	
905	-8.51083	
906	-6.46089	
907	-4.14323	
908	-4.36004	
909	-1.67324	
910	-2.09828	
911	-1.17841	
912	8.37024	
913	13.95795	
914	0.39669	
915	-2.97541	
916	-3.31459	
917	-9.04832	
918	-11.99816	
919	-10.93683	
920	-2.09798	
921	-5.16602	
922	1.21668	
923	-2.06131	
924	-4.54828	
925	-4.58898	
926	-3.88795	
927	-7.95968	
928	-6.65383	
929	-2.84729	
930	0.8854	
931	-4.95562	
932	-8.559	
933	-10.52421	
934	1.68842	
935	9.47465	
936	-0.34706	
937	-4.29943	
938	-8.76157	
939	-3.98519	
940	-3.27909	
941	-5.21554	
942	-0.13041	
943	-6.96249	
944	-7.33169	
945	-5.06083	
946	-1.35735	
947	-8.36824	
948	-3.20495	
949	-5.29654	
950	-4.85246	
951	-7.8277	
952	-6.24632	
953	-8.11739	
954	-3.36976	
955	9.72802	
956	-7.98744	
957	-8.56648	
958	0.53473	
959	6.82577	
960	-0.91429	
961	-7.83597	
962	-3.85199	
963	-0.41029	
964	6.27441	
965	-5.22431	
966	1.35066	
967	-4.49666	
968	-5.74248	
969	-8.00637	
970	-4.74742	
971	-4.63801	
972	-4.22298	
973	-8.16355	
974	-5.57494	
975	-6.52383	
976	-1.00854	
977	-9.59129	
978	-6.97011	
979	-6.48281	
980	-20.81191	
981	-7.27766	
982	-4.84707	
983	-7.3193	
984	-3.50841	
985	-4.87472	
986	-7.68901	
987	-3.32716	
988	45.95434	
989	-8.41225	
990	-10.33326	
991	1.21773	
992	10.41429	
993	-5.03225	
994	21.04318	
995	-12.84343	
996	-4.59023	
997	-0.92604	
998	-3.65439	
999	0.31397	
1000	-10.34514	
