USB2G48828_1:101		
350	-14.82234	
351	-9.269	
352	6.00925	
353	20.02442	
354	-1.94232	
355	11.01658	
356	49.48204	
357	118.86219	
358	11.79515	
359	-13.51164	
360	-9.37583	
361	-8.23169	
362	-8.66479	
363	-13.37867	
364	-11.69021	
365	-16.07807	
366	-6.35223	
367	-5.85627	
368	-8.18153	
369	-5.92534	
370	18.71209	
371	2.80706	
372	-3.90227	
373	4.76568	
374	50.31631	
375	105.99704	
376	9.21967	
377	-1.05174	
378	33.09274	
379	89.44793	
380	163.76841	
381	12.83015	
382	-8.33776	
383	-3.47247	
384	-5.68396	
385	1.70899	
386	-3.95547	
387	2.42296	
388	9.74928	
389	27.1115	
390	67.26986	
391	104.09243	
392	42.37647	
393	24.79888	
394	34.17311	
395	3.57153	
396	-6.09485	
397	7.54409	
398	25.52944	
399	92.97056	
400	33.45101	
401	-4.53741	
402	-3.5904	
403	7.50553	
404	30.97148	
405	68.87819	
406	49.04778	
407	0.8642	
408	-1.28009	
409	-3.89829	
410	-8.63517	
411	-2.26213	
412	-2.91884	
413	1.50907	
414	1.5027	
415	3.27461	
416	6.61229	
417	-1.81071	
418	7.60541	
419	21.6626	
420	50.95935	
421	2.28751	
422	1.68904	
423	1.03822	
424	3.59931	
425	23.90364	
426	80.6066	
427	79.35894	
428	36.07865	
429	-5.03505	
430	-0.56972	
431	1.79516	
432	-1.57916	
433	19.51313	
434	34.83521	
435	11.07094	
436	-3.28541	
437	-2.60436	
438	-3.29671	
439	-7.17552	
440	-4.17813	
441	-8.11546	
442	-8.95497	
443	-2.36246	
444	-7.92861	
445	-5.18095	
446	-6.2225	
447	-0.39198	
448	4.11157	
449	8.44325	
450	0.95578	
451	5.68234	
452	-3.58774	
453	-5.06416	
454	-5.03271	
455	0.36456	
456	0.6084	
457	9.81059	
458	-0.22941	
459	-8.69516	
460	-3.48759	
461	-6.78535	
462	-6.38825	
463	1.26139	
464	1.21296	
465	4.03801	
466	5.75074	
467	-5.50487	
468	-2.19992	
469	0.42362	
470	0.56157	
471	6.13645	
472	4.25137	
473	-2.08896	
474	0.41683	
475	-4.92286	
476	-5.33498	
477	0.15458	
478	-4.12653	
479	-3.34456	
480	-0.86006	
481	2.05089	
482	-0.6369	
483	11.3551	
484	3.52898	
485	-4.52325	
486	30.0082	
487	1.70946	
488	5.47417	
489	-5.02847	
490	-0.12922	
491	5.11897	
492	1.43256	
493	3.9876	
494	-4.69507	
495	-4.33821	
496	-0.00749	
497	-5.86531	
498	-3.18565	
499	-5.47906	
500	-2.84906	
501	-0.11382	
502	-4.9068	
503	-2.78555	
504	-5.89791	
505	-4.19746	
506	-1.56485	
507	2.85415	
508	-2.39983	
509	-5.59509	
510	-8.40405	
511	-6.39905	
512	-0.75021	
513	-8.58306	
514	-5.85619	
515	0.55535	
516	2.05659	
517	0.44308	
518	7.40189	
519	22.12805	
520	12.14105	
521	-0.32247	
522	-1.41744	
523	-5.18977	
524	-5.12855	
525	0.81143	
526	-5.44624	
527	-3.46985	
528	-3.98303	
529	-4.03798	
530	-6.12482	
531	-1.43733	
532	-1.44475	
533	-4.07043	
534	-4.57691	
535	-0.80764	
536	-1.10718	
537	-1.07113	
538	-6.84632	
539	-4.8575	
540	0.0419	
541	1.43709	
542	0.95572	
543	6.58941	
544	2.35433	
545	4.04906	
546	13.34716	
547	5.30895	
548	-7.26057	
549	-2.49523	
550	10.48865	
551	-1.44829	
552	-0.82596	
553	-5.61443	
554	-6.0221	
555	-5.38125	
556	5.42806	
557	-1.30388	
558	2.61505	
559	-10.00841	
560	-0.96746	
561	10.15427	
562	-9.63134	
563	-7.92576	
564	-12.00836	
565	-7.45765	
566	-9.31263	
567	-7.43581	
568	-4.6026	
569	-5.21481	
570	-7.10407	
571	-0.61073	
572	-11.13869	
573	-1.84049	
574	6.47024	
575	4.5395	
576	14.30582	
577	9.01194	
578	8.28285	
579	4.93317	
580	6.25225	
581	-0.67144	
582	3.3977	
583	7.29656	
584	9.25785	
585	15.33111	
586	9.44759	
587	5.97099	
588	5.82994	
589	19.67371	
590	-1.66395	
591	3.15831	
592	9.0046	
593	8.31159	
594	6.96563	
595	4.29121	
596	1.54942	
597	2.59043	
598	5.68429	
599	2.64868	
600	8.867	
601	11.23287	
602	7.90422	
603	18.37485	
604	24.53015	
605	15.23566	
606	8.28729	
607	6.8788	
608	4.69126	
609	-3.17645	
610	0.99796	
611	6.65829	
612	7.81337	
613	9.04666	
614	-0.70831	
615	6.38872	
616	2.25	
617	-2.7822	
618	-0.14114	
619	-5.72233	
620	-3.75695	
621	-7.63656	
622	-4.145	
623	7.4707	
624	-0.86975	
625	0.27098	
626	-9.07498	
627	-7.08885	
628	-3.76653	
629	8.4393	
630	3.18811	
631	3.97939	
632	5.41258	
633	-3.1481	
634	-5.13652	
635	-5.70265	
636	-4.82613	
637	3.6916	
638	3.52773	
639	5.76371	
640	-2.97718	
641	-2.19604	
642	3.36436	
643	9.07082	
644	2.27398	
645	3.03467	
646	8.4052	
647	4.32605	
648	-3.08071	
649	1.74062	
650	1.42524	
651	4.1808	
652	6.14499	
653	9.38852	
654	15.46219	
655	13.87677	
656	84.1936	
657	86.97317	
658	14.81803	
659	20.58814	
660	27.08219	
661	24.52833	
662	26.73008	
663	11.90617	
664	4.82907	
665	3.37671	
666	2.95966	
667	22.38805	
668	19.48099	
669	16.41431	
670	16.47612	
671	14.02083	
672	-0.48496	
673	-3.20447	
674	-6.06544	
675	12.65015	
676	31.68426	
677	11.84775	
678	11.75467	
679	9.15052	
680	-2.56222	
681	-10.1996	
682	-7.94132	
683	-6.32105	
684	-4.96245	
685	-2.97807	
686	-4.88823	
687	-3.25377	
688	-3.28997	
689	-7.40128	
690	-13.64802	
691	-13.87512	
692	-11.76299	
693	-11.42597	
694	-10.12284	
695	-12.37132	
696	-4.84567	
697	26.22908	
698	-6.63855	
699	-9.7124	
700	-13.72427	
701	-6.98117	
702	-15.55842	
703	-4.67581	
704	-7.52973	
705	-11.12439	
706	-13.51451	
707	28.59858	
708	-2.30033	
709	-14.935	
710	-12.78474	
711	-9.55118	
712	-10.59785	
713	-6.60045	
714	-9.62521	
715	-3.9976	
716	-7.95064	
717	-14.43012	
718	-10.08236	
719	-11.05877	
720	-11.30269	
721	-7.82081	
722	-4.49889	
723	-6.66961	
724	-8.16322	
725	-6.3277	
726	-5.23942	
727	-4.26834	
728	-1.55991	
729	-9.99892	
730	-12.23178	
731	-8.20145	
732	-4.66727	
733	-2.97982	
734	-0.57886	
735	6.00308	
736	6.14678	
737	5.98887	
738	29.04597	
739	60.00395	
740	5.41293	
741	-6.12161	
742	-7.67446	
743	-5.50841	
744	1.72682	
745	4.63285	
746	8.50727	
747	8.711	
748	3.22166	
749	10.40866	
750	107.05681	
751	306.7921	
752	136.5352	
753	11.68273	
754	-8.39411	
755	-5.8426	
756	-9.7162	
757	-6.61789	
758	0.49126	
759	2.98836	
760	1.75218	
761	5.14813	
762	-3.42383	
763	57.4375	
764	147.13641	
765	12.09439	
766	-9.10315	
767	-9.59489	
768	-7.8795	
769	-6.56996	
770	-9.43668	
771	-1.5857	
772	18.22288	
773	51.11974	
774	1.65134	
775	0.05595	
776	-7.27931	
777	15.92275	
778	13.301	
779	-5.14274	
780	-14.47234	
781	-12.20174	
782	-16.44957	
783	-11.39887	
784	-12.96163	
785	-14.58001	
786	-12.73089	
787	-15.68228	
788	-13.56817	
789	-9.57282	
790	-5.30535	
791	-15.33949	
792	-13.09868	
793	-10.51866	
794	-10.90948	
795	26.41902	
796	1.71744	
797	-10.14707	
798	-13.45908	
799	-12.26632	
800	-16.69966	
801	18.22637	
802	33.76963	
803	-5.36005	
804	-17.31416	
805	-9.8051	
806	-12.73798	
807	-13.71008	
808	-13.71067	
809	-11.65687	
810	21.24034	
811	94.64139	
812	193.69913	
813	6.17411	
814	-10.45391	
815	-19.54603	
816	-10.53311	
817	-15.12982	
818	-10.53639	
819	-11.7015	
820	-17.55722	
821	-11.8332	
822	-18.52847	
823	-11.88012	
824	-12.78649	
825	-12.76723	
826	-4.31157	
827	5.36457	
828	-16.57507	
829	-15.46487	
830	-7.32471	
831	-11.26411	
832	-17.79698	
833	-17.63493	
834	-15.48721	
835	-26.55213	
836	-11.54303	
837	-13.10328	
838	-15.35378	
839	-15.0675	
840	-11.7934	
841	38.51392	
842	22.39217	
843	57.64226	
844	-6.76973	
845	-8.83803	
846	-12.79907	
847	-13.65493	
848	-9.41203	
849	-9.68589	
850	-12.11412	
851	-14.35125	
852	2.45727	
853	-2.03334	
854	-15.89051	
855	-14.49495	
856	-14.30864	
857	-15.36089	
858	-15.15955	
859	-10.85724	
860	-12.73125	
861	-10.95641	
862	-16.51071	
863	-13.55544	
864	-16.20536	
865	-13.60071	
866	-12.55557	
867	-4.83658	
868	-6.51373	
869	-7.67397	
870	-10.58572	
871	-11.83411	
872	-3.19846	
873	-17.17614	
874	-12.24773	
875	-14.58551	
876	-11.20922	
877	-11.62674	
878	-14.4717	
879	-12.71435	
880	-15.49643	
881	-16.70733	
882	-11.82783	
883	-12.55425	
884	-11.60476	
885	-8.6872	
886	-10.76853	
887	-13.05406	
888	-10.77397	
889	-14.5712	
890	-11.3161	
891	-11.52897	
892	-14.72912	
893	-10.47866	
894	-16.41074	
895	-16.83409	
896	-13.28774	
897	-17.84466	
898	-11.89868	
899	-14.56584	
900	-15.09739	
901	-16.49564	
902	-13.89537	
903	-16.93458	
904	-13.33488	
905	-12.01777	
906	-17.28105	
907	-14.27018	
908	-13.58072	
909	-14.40234	
910	-16.34865	
911	-13.68662	
912	5.75504	
913	1.75303	
914	-12.73442	
915	-12.97515	
916	-13.53066	
917	-16.14797	
918	-14.81771	
919	-15.61301	
920	-14.92331	
921	-14.37912	
922	-17.78659	
923	-13.10963	
924	-12.20615	
925	-12.80166	
926	-11.30608	
927	-15.92916	
928	-14.53466	
929	-13.46897	
930	-14.85653	
931	-14.79731	
932	-17.50452	
933	-14.13424	
934	-18.19019	
935	-14.53686	
936	-15.21317	
937	-14.9939	
938	-19.22049	
939	-18.8435	
940	-16.86057	
941	-15.71775	
942	-15.41265	
943	-14.6485	
944	-13.52215	
945	-8.84658	
946	-12.32459	
947	-9.3621	
948	-12.67647	
949	-11.16912	
950	-16.55984	
951	-15.71793	
952	-10.80498	
953	-16.60559	
954	-14.37849	
955	-12.9948	
956	-15.10781	
957	-16.06571	
958	-14.82229	
959	-13.1513	
960	-16.85062	
961	-13.56816	
962	-13.07778	
963	-16.08295	
964	-16.5087	
965	-15.08572	
966	-18.47827	
967	-11.83224	
968	-16.77396	
969	-13.5845	
970	-9.90367	
971	-22.5035	
972	-20.51552	
973	-12.90964	
974	-17.4064	
975	-16.60427	
976	-16.0873	
977	-13.02933	
978	-14.84343	
979	-14.71959	
980	-20.24658	
981	-14.72333	
982	-13.23616	
983	-20.5563	
984	-18.45637	
985	-15.61237	
986	-17.60062	
987	-15.95202	
988	-6.51072	
989	-19.83903	
990	-12.44728	
991	-14.00589	
992	-8.80482	
993	-18.71511	
994	-12.74463	
995	-19.56596	
996	-15.98506	
997	-10.52766	
998	-10.5572	
999	-17.70046	
1000	-15.07424	
