USB2G48828_1:101		
350	-13.60769	
351	-11.06583	
352	7.71904	
353	20.7598	
354	-3.80532	
355	0.89297	
356	46.12585	
357	104.49118	
358	14.84411	
359	-8.60452	
360	-6.49317	
361	-8.37975	
362	-7.90739	
363	-10.13882	
364	-9.75795	
365	-8.25858	
366	-6.02003	
367	-2.0004	
368	-8.20149	
369	-5.2173	
370	14.33944	
371	6.06117	
372	-3.47939	
373	5.95901	
374	53.51715	
375	94.60512	
376	13.4399	
377	-1.04599	
378	29.02329	
379	82.00597	
380	152.2921	
381	9.56436	
382	-5.78974	
383	-0.31191	
384	-1.73208	
385	-1.62125	
386	-2.58799	
387	2.4272	
388	15.76001	
389	27.2005	
390	66.7384	
391	88.24486	
392	30.01077	
393	19.06629	
394	34.65461	
395	4.21693	
396	0.15716	
397	7.48836	
398	23.22327	
399	89.96032	
400	31.78445	
401	-2.73131	
402	-0.26971	
403	5.59333	
404	23.81898	
405	64.03228	
406	45.60831	
407	-4.72188	
408	-3.27478	
409	0.11553	
410	-5.75824	
411	-2.61605	
412	-0.95134	
413	0.57067	
414	1.93241	
415	-2.75884	
416	9.27975	
417	0.45405	
418	7.76372	
419	22.39029	
420	54.10624	
421	6.01893	
422	-1.82243	
423	3.15806	
424	5.75069	
425	22.69312	
426	81.53314	
427	79.10122	
428	27.52196	
429	-4.9208	
430	6.24571	
431	-4.88207	
432	0.8936	
433	15.87271	
434	30.04415	
435	11.58334	
436	0.49619	
437	-1.89288	
438	-3.91648	
439	-5.95457	
440	-3.97808	
441	-0.85641	
442	-6.37625	
443	-0.19614	
444	-4.75903	
445	-5.69574	
446	-6.79847	
447	-2.41319	
448	5.94385	
449	6.0594	
450	1.2327	
451	6.85264	
452	1.37217	
453	-2.92958	
454	-0.20732	
455	-2.85207	
456	4.03635	
457	8.57024	
458	6.08969	
459	-1.65002	
460	-10.27733	
461	-2.59868	
462	-7.527	
463	-5.77436	
464	-4.33294	
465	1.00823	
466	1.39309	
467	4.03152	
468	-4.29405	
469	0.16247	
470	4.05836	
471	13.92243	
472	3.15747	
473	-3.93502	
474	-0.24924	
475	0.36338	
476	0.11288	
477	-0.01291	
478	-5.86879	
479	-4.63918	
480	2.43945	
481	3.57344	
482	4.21198	
483	10.63377	
484	3.7349	
485	1.39605	
486	29.93608	
487	5.62318	
488	9.08953	
489	4.88918	
490	-3.93967	
491	4.56842	
492	1.15885	
493	4.19401	
494	2.61323	
495	-0.05952	
496	-2.60517	
497	-2.98772	
498	-0.50338	
499	10.10283	
500	-6.99484	
501	-6.94189	
502	-10.56087	
503	1.28621	
504	-4.94946	
505	-2.00865	
506	1.1633	
507	-0.354	
508	-3.1898	
509	-4.31571	
510	-4.35563	
511	-8.28442	
512	-2.67032	
513	-3.83849	
514	-2.68204	
515	-2.02849	
516	0.58584	
517	4.17885	
518	3.69517	
519	12.77767	
520	7.35073	
521	-3.58555	
522	-2.35651	
523	2.72118	
524	-2.29068	
525	-1.97524	
526	-0.6782	
527	-6.77873	
528	-1.91277	
529	-12.96525	
530	-6.34416	
531	-7.45532	
532	-7.9977	
533	-2.02761	
534	-6.32161	
535	-0.76617	
536	0.67249	
537	-1.99191	
538	-2.1672	
539	3.97476	
540	-2.22517	
541	12.20773	
542	2.98703	
543	2.95663	
544	0.82115	
545	5.95053	
546	15.13155	
547	-3.03441	
548	-2.11223	
549	0.14427	
550	11.36921	
551	3.96614	
552	-5.6698	
553	-0.94151	
554	-4.00056	
555	-5.35912	
556	5.67837	
557	3.30097	
558	-4.01481	
559	-0.30148	
560	-2.06927	
561	15.27213	
562	5.10093	
563	-8.17023	
564	-7.12048	
565	-6.67121	
566	-5.95298	
567	-7.64964	
568	-6.38768	
569	-4.3063	
570	-4.26763	
571	-7.98814	
572	-3.37584	
573	2.68885	
574	5.03386	
575	1.85402	
576	1.1592	
577	3.90717	
578	10.95545	
579	7.20864	
580	13.47877	
581	2.97337	
582	3.89895	
583	9.03639	
584	10.51645	
585	11.55186	
586	2.23018	
587	4.01034	
588	8.16467	
589	15.85898	
590	6.41818	
591	9.89738	
592	9.01079	
593	6.61257	
594	2.09779	
595	3.95736	
596	-0.60966	
597	6.14876	
598	-2.87138	
599	6.3065	
600	3.10241	
601	3.80639	
602	1.39207	
603	25.44212	
604	28.41673	
605	19.18764	
606	9.67156	
607	5.6873	
608	7.25187	
609	0.04384	
610	7.92834	
611	7.79808	
612	11.18162	
613	9.49827	
614	1.30278	
615	3.13887	
616	7.77664	
617	3.24572	
618	0.13938	
619	-4.0016	
620	-7.43857	
621	-7.37724	
622	0.63466	
623	1.3407	
624	-3.44829	
625	1.56507	
626	-7.96276	
627	-6.45801	
628	-4.42552	
629	0.96336	
630	2.07174	
631	6.38526	
632	-0.34431	
633	-2.34266	
634	-7.7856	
635	-2.61192	
636	0.51603	
637	1.74186	
638	5.05865	
639	4.62754	
640	1.17871	
641	0.24641	
642	1.11971	
643	5.82074	
644	5.42503	
645	0.44157	
646	6.73577	
647	4.95156	
648	-4.57163	
649	-2.43055	
650	6.12492	
651	6.92914	
652	12.05564	
653	12.04919	
654	19.54093	
655	12.82028	
656	80.51967	
657	92.59946	
658	22.70843	
659	22.08033	
660	22.10325	
661	26.12005	
662	20.12247	
663	12.46258	
664	0.7468	
665	4.39139	
666	7.72107	
667	19.5808	
668	23.73429	
669	23.22744	
670	18.56161	
671	12.59478	
672	3.15601	
673	-2.20843	
674	0.77889	
675	17.89698	
676	25.08196	
677	13.9707	
678	6.35275	
679	6.92968	
680	-4.79975	
681	-11.99093	
682	-9.65995	
683	-8.87857	
684	-0.87437	
685	-4.92485	
686	-3.37397	
687	-0.59112	
688	7.32496	
689	-5.52328	
690	-12.64849	
691	-11.99302	
692	-16.86033	
693	-19.73484	
694	-4.13084	
695	-11.78678	
696	0.89567	
697	29.96301	
698	-6.91275	
699	-9.73358	
700	-9.16451	
701	-10.57731	
702	-11.34651	
703	-7.29452	
704	-10.46117	
705	-8.90054	
706	-8.25251	
707	26.30653	
708	2.39321	
709	-8.45431	
710	-13.99708	
711	-1.74634	
712	-11.82274	
713	-4.8204	
714	-11.88062	
715	-5.05562	
716	-6.00978	
717	-8.04997	
718	-11.03642	
719	-9.18157	
720	-7.86818	
721	-5.99596	
722	-4.11063	
723	-9.03647	
724	0.56075	
725	-5.13734	
726	-0.05165	
727	1.62881	
728	12.3637	
729	-9.24182	
730	-4.76626	
731	-6.85909	
732	-0.56399	
733	-4.32227	
734	-2.44836	
735	3.5921	
736	4.64065	
737	8.45878	
738	28.72185	
739	61.2847	
740	4.58706	
741	-7.5431	
742	-10.16753	
743	-6.77869	
744	6.82301	
745	6.49652	
746	9.41992	
747	12.98077	
748	11.33875	
749	8.92743	
750	122.98888	
751	340.02751	
752	142.31791	
753	8.7432	
754	-1.78714	
755	-2.09267	
756	-7.7696	
757	1.79689	
758	3.78929	
759	1.62106	
760	2.44948	
761	4.5378	
762	5.6079	
763	56.72374	
764	165.41138	
765	13.75678	
766	-7.61288	
767	-5.95173	
768	-7.73459	
769	-0.82999	
770	-3.74626	
771	4.0236	
772	17.02505	
773	48.85534	
774	9.28242	
775	-2.07865	
776	-8.67398	
777	13.40425	
778	15.88826	
779	-2.19012	
780	-9.67916	
781	-11.54788	
782	-10.01276	
783	-14.58647	
784	-14.40496	
785	-14.42401	
786	-10.1464	
787	-12.67137	
788	-11.91479	
789	-13.67758	
790	-11.26116	
791	-9.7252	
792	-4.42107	
793	-10.50643	
794	-14.23295	
795	30.13936	
796	6.95981	
797	-14.72333	
798	-8.59718	
799	-12.11225	
800	-7.29908	
801	27.96408	
802	43.6201	
803	-8.57722	
804	-13.34114	
805	-11.61148	
806	-7.72081	
807	-14.98383	
808	-11.01029	
809	-13.38579	
810	23.46233	
811	107.43756	
812	212.57735	
813	12.90297	
814	-4.66562	
815	-12.0478	
816	-11.06603	
817	-18.00474	
818	-8.08824	
819	-12.36603	
820	-10.84454	
821	-12.07927	
822	-13.2015	
823	-6.40356	
824	-10.33863	
825	-11.58725	
826	-7.24315	
827	9.6192	
828	-8.85284	
829	-13.35408	
830	-14.10331	
831	-15.99404	
832	-12.52592	
833	-13.6993	
834	-14.26622	
835	-14.63971	
836	-11.38443	
837	-13.11893	
838	-13.39129	
839	-15.75395	
840	-12.63224	
841	40.04579	
842	25.13107	
843	62.74954	
844	-1.39676	
845	-4.84252	
846	-6.67403	
847	-13.7161	
848	-12.44551	
849	-12.71995	
850	-15.515	
851	-15.73127	
852	3.57079	
853	2.05037	
854	-10.76992	
855	-17.91367	
856	-13.65405	
857	-10.52156	
858	-11.57511	
859	-10.75301	
860	-16.91922	
861	-16.4153	
862	-12.38903	
863	-11.66643	
864	-10.08301	
865	-11.85309	
866	-10.38599	
867	-7.46857	
868	-7.35314	
869	-14.21392	
870	-4.86918	
871	-13.00126	
872	-8.36402	
873	-13.30157	
874	-12.15209	
875	-12.84798	
876	-13.88346	
877	-16.01447	
878	-13.63444	
879	-15.8205	
880	-17.61128	
881	-13.07924	
882	-14.11459	
883	-11.63665	
884	-9.82491	
885	-11.00457	
886	-4.99401	
887	-7.11113	
888	-8.87755	
889	-9.87318	
890	-18.07106	
891	-8.62658	
892	-11.12334	
893	-11.85145	
894	-11.90999	
895	-14.87329	
896	-13.30686	
897	-10.07229	
898	-13.84297	
899	-11.83003	
900	-12.39186	
901	-16.34132	
902	-12.55524	
903	-13.36239	
904	-16.32621	
905	-15.40966	
906	-12.89104	
907	-9.25602	
908	-12.13446	
909	-8.47603	
910	-10.2412	
911	-16.01091	
912	12.55882	
913	2.14055	
914	-14.38684	
915	-15.78978	
916	-15.35157	
917	-14.75783	
918	-14.09582	
919	-16.83897	
920	-12.70555	
921	-17.05324	
922	-9.84933	
923	-15.84475	
924	-15.82676	
925	-13.58515	
926	-10.86569	
927	-13.77725	
928	-12.16227	
929	-12.86947	
930	-12.45647	
931	-12.19739	
932	-9.75511	
933	-12.62628	
934	-9.68233	
935	-9.81854	
936	-8.44856	
937	-14.39979	
938	-12.84966	
939	-13.47913	
940	-14.1263	
941	-14.78852	
942	-16.69381	
943	-12.34378	
944	-7.20932	
945	-12.72536	
946	-10.32311	
947	-14.78066	
948	-13.70541	
949	-14.17231	
950	-13.85388	
951	-13.86437	
952	-17.32097	
953	-14.48674	
954	-11.12656	
955	-3.99761	
956	-14.39622	
957	-11.1155	
958	-13.91289	
959	-7.63154	
960	-10.91578	
961	-13.83965	
962	-11.56944	
963	-9.61022	
964	-10.60842	
965	-10.6474	
966	-8.35448	
967	-13.22616	
968	-13.85196	
969	-19.67186	
970	-13.60945	
971	-16.42693	
972	-17.69671	
973	-11.9259	
974	-13.65344	
975	-12.56326	
976	-13.16246	
977	-17.70584	
978	-19.0649	
979	-15.09027	
980	-13.34689	
981	-14.40868	
982	-13.96325	
983	-13.65203	
984	-14.89156	
985	-14.43567	
986	-16.90403	
987	-14.88763	
988	-4.22651	
989	-15.9481	
990	-12.23381	
991	-15.36955	
992	-11.96757	
993	-13.02407	
994	-13.47367	
995	-13.85665	
996	-9.78128	
997	-11.90281	
998	-17.62066	
999	-11.3993	
1000	-12.32324	
