-0.001721	-6.598901	17.514000
0.000283	-7.056138	17.614000
-0.000264	-44.585064	17.714000
-0.001035	-93.787102	17.814000
-0.001721	-135.231679	17.914000
-0.002275	-167.599402	18.014000
-0.002679	-192.358552	18.114000
-0.002977	-211.032978	18.214000
-0.003213	-225.143873	18.314000
-0.003411	-236.045797	18.414000
-0.003541	-244.432807	18.514000
-0.003693	-251.068622	18.614000
-0.003757	-256.396475	18.714000
-0.003821	-260.747696	18.814000
-0.003844	-264.476140	18.914000
-0.003983	-267.732718	19.014000
-0.003965	-270.611195	19.114000
-0.004115	-273.339469	19.214000
-0.004049	-275.786612	19.314000
-0.004112	-278.137974	19.414000
-0.004213	-280.402194	19.514000
-0.004271	-282.595709	19.614000
-0.004229	-284.689365	19.714000
-0.004273	-286.801309	19.814000
-0.004273	-288.836515	19.914000
-0.004348	-290.891134	20.014000
-0.004393	-292.934304	20.114000
-0.004420	-294.938118	20.214000
-0.004512	-296.981445	20.314000
-0.004516	-298.971718	20.414000
-0.004512	-300.961933	20.514000
-0.004542	-302.966520	20.614000
-0.004603	-304.969974	20.714000
-0.004648	-306.946684	20.814000
-0.004646	-308.915281	20.914000
-0.004664	-310.885556	21.014000
-0.004686	-312.893161	21.114000
-0.004743	-314.854757	21.214000
-0.004768	-316.810209	21.314000
-0.004837	-318.808202	21.414000
-0.004916	-320.824762	21.514000
-0.004917	-322.815132	21.614000
-0.004898	-324.777927	21.714000
-0.004909	-326.747742	21.814000
-0.005002	-328.757877	21.914000
-0.005065	-330.735600	22.014000
-0.005033	-332.700510	22.114000
-0.005026	-334.654958	22.214000
-0.005095	-336.645984	22.314000
-0.005120	-338.603553	22.414000
-0.005182	-340.587372	22.514000
-0.005252	-342.595934	22.614000
-0.005254	-345.037311	22.714000
-0.005240	-347.229607	22.814000
-0.005288	-348.758579	22.914000
-0.005366	-350.438293	23.014000
-0.005417	-352.422658	23.114000
-0.005399	-354.396929	23.214000
-0.005447	-356.403976	23.314000
-0.005455	-358.371131	23.414000
-0.005437	-360.340002	23.514000
-0.005474	-362.326625	23.614000
-0.005537	-364.308032	23.714000
-0.005642	-366.299494	23.814000
-0.005642	-368.277748	23.914000
-0.005662	-370.248545	24.014000
-0.005686	-372.219357	24.114000
-0.005746	-374.226760	24.214000
-0.005789	-376.194778	24.314000
-0.005801	-378.195251	24.414000
-0.005859	-380.189222	24.514000
-0.005823	-382.136494	24.614000
-0.005784	-384.092145	24.714000
-0.005839	-386.039884	24.814000
-0.005957	-388.042622	24.914000
-0.006031	-390.020880	25.014000
-0.006035	-391.987625	25.114000
-0.006069	-393.970976	25.214000
-0.006083	-395.944159	25.314000
-0.006129	-397.961832	25.414000
-0.006193	-399.935800	25.514000
-0.006195	-401.911891	25.614000
-0.006219	-403.926178	25.714000
-0.006235	-405.837849	25.814000
-0.006236	-407.812749	25.914000
-0.006267	-409.770012	26.014000
-0.006347	-411.748651	26.114000
-0.006404	-413.732244	26.214000
-0.006428	-415.705669	26.314000
-0.006479	-417.698061	26.414000
-0.006499	-419.675204	26.514000
-0.006524	-421.684619	26.614000
-0.006575	-423.665217	26.714000
-0.006578	-425.641809	26.814000
-0.006608	-427.628388	26.914000
-0.006612	-429.548758	27.014000
-0.006572	-431.513862	27.114000
-0.006602	-433.479881	27.214000
-0.006728	-435.470773	27.314000
-0.006766	-437.476396	27.414000
-0.006858	-439.469947	27.514000
-0.006868	-441.288822	27.614000
-0.006841	-442.518612	27.714000
-0.006837	-443.008409	27.814000
-0.006831	-443.171803	27.914000
-0.006829	-443.070312	28.014000
-0.006827	-441.731228	28.114000
-0.006850	-439.983686	28.214000
-0.006813	-438.523019	28.314000
-0.006751	-436.926059	28.414000
-0.006736	-435.261958	28.514000
-0.006606	-433.503672	28.614000
-0.006555	-431.666307	28.714000
-0.006593	-429.822493	28.814000
-0.006621	-428.031343	28.914000
-0.006576	-426.076378	29.014000
-0.006538	-424.123967	29.114000
-0.006513	-422.191579	29.214000
-0.006486	-420.243731	29.314000
-0.006445	-418.306708	29.414000
-0.006432	-416.317366	29.514000
-0.006371	-414.352001	29.614000
-0.006324	-412.384462	29.714000
-0.006248	-410.406061	29.814000
-0.006151	-408.421914	29.914000
-0.006162	-406.483942	30.014000
-0.006154	-404.549201	30.114000
-0.006139	-402.581942	30.214000
-0.006147	-400.594911	30.314000
-0.006127	-398.638898	30.414000
-0.006048	-396.647825	30.514000
-0.005964	-394.660860	30.614000
-0.005963	-392.690817	30.714000
-0.005983	-390.716844	30.814000
-0.005905	-388.745093	30.914000
-0.005819	-386.749642	31.014000
-0.005716	-384.777128	31.114000
-0.005737	-382.833172	31.214000
-0.005798	-380.926384	31.314000
-0.005729	-378.913902	31.414000
-0.005722	-376.927889	31.514000
-0.005697	-374.964150	31.614000
-0.005613	-372.966227	31.714000
-0.005559	-370.992433	31.814000
-0.005576	-369.048456	31.914000
-0.005550	-367.045820	32.014000
-0.005497	-365.058377	32.114000
-0.005409	-363.068740	32.214000
-0.005336	-361.113934	32.314000
-0.005334	-359.163452	32.414000
-0.005363	-357.227674	32.514000
-0.005300	-355.238828	32.614000
-0.005278	-353.243139	32.714000
-0.005309	-351.288584	32.814000
-0.005204	-349.289427	32.914000
-0.005171	-347.307605	33.014000
-0.005159	-345.403332	33.114000
-0.005118	-344.205851	33.214000
-0.005134	-341.952072	33.314000
-0.005045	-339.423101	33.414000
-0.004962	-337.338123	33.514000
-0.004909	-335.384040	33.614000
-0.004929	-333.483929	33.714000
-0.004947	-331.516662	33.814000
-0.004939	-329.568340	33.914000
-0.004859	-327.552331	34.014000
-0.004768	-325.570835	34.114000
-0.004794	-323.626299	34.214000
-0.004803	-321.669424	34.314000
-0.004747	-319.759850	34.414000
-0.004651	-317.672476	34.514000
-0.004659	-315.702818	34.614000
-0.004591	-313.732703	34.714000
-0.004544	-311.766782	34.814000
-0.004529	-309.834405	34.914000
-0.004522	-307.849119	35.014000
-0.004502	-305.866912	35.114000
-0.004455	-303.904668	35.214000
-0.004370	-301.907594	35.314000
-0.004363	-299.941268	35.414000
-0.004383	-297.989264	35.514000
-0.004338	-295.998551	35.614000
-0.004255	-293.984802	35.714000
-0.004292	-292.022853	35.814000
-0.004184	-290.041712	35.914000
-0.004155	-288.067552	36.014000
-0.004150	-286.132188	36.114000
-0.004104	-284.127723	36.214000
-0.004129	-282.162733	36.314000
-0.004067	-280.175247	36.414000
-0.003984	-278.190057	36.514000
-0.003942	-276.216077	36.614000
-0.004007	-274.284197	36.714000
-0.003985	-272.302237	36.814000
-0.003873	-270.275530	36.914000
-0.003867	-268.310891	37.014000
-0.003793	-266.334290	37.114000
-0.003727	-264.348073	37.214000
-0.003743	-262.420767	37.314000
-0.003710	-260.436762	37.414000
-0.003695	-258.464981	37.514000
-0.000108	-11.085606	7.611000
0.000283	-12.091745	7.711000
-0.000397	-54.707557	7.811000
-0.001304	-112.832470	7.911000
-0.002085	-161.617111	8.011000
-0.002728	-199.934013	8.111000
-0.003223	-229.319994	8.211000
-0.003591	-251.408868	8.311000
-0.003888	-268.058638	8.411000
-0.004066	-280.648160	8.511000
-0.004251	-290.312892	8.611000
-0.004421	-297.897274	8.711000
-0.004527	-303.908367	8.811000
-0.004569	-308.814934	8.911000
-0.004603	-312.863386	9.011000
-0.004708	-316.405679	9.111000
-0.004793	-319.491247	9.211000
-0.004865	-322.328518	9.311000
-0.004810	-324.912450	9.411000
-0.004902	-327.318181	9.511000
-0.004991	-329.841851	9.611000
-0.004970	-332.783223	9.711000
-0.004997	-334.209006	9.811000
-0.005020	-336.007839	9.911000
-0.005066	-338.078117	10.011000
-0.005154	-341.004890	10.111000
-0.005228	-342.788287	10.211000
-0.005196	-344.263473	10.311000
-0.005231	-346.188762	10.411000
-0.005258	-348.209709	10.511000
-0.005345	-350.276796	10.611000
-0.005372	-352.286289	10.711000
-0.005398	-354.306516	10.811000
-0.005428	-356.283921	10.911000
-0.005420	-358.263814	11.011000
-0.005417	-360.247307	11.111000
-0.005467	-362.232437	11.211000
-0.005538	-364.224178	11.311000
-0.005615	-366.202136	11.411000
-0.005627	-368.193317	11.511000
-0.005652	-370.206097	11.611000
-0.005690	-372.163019	11.711000
-0.005738	-374.169052	11.811000
-0.005790	-376.142156	11.911000
-0.005796	-378.139758	12.012000
-0.005848	-380.160093	12.111000
-0.005859	-382.099173	12.211000
-0.005823	-384.032790	12.311000
-0.005828	-385.979273	12.411000
-0.005973	-387.995553	12.511000
-0.006043	-389.997146	12.611000
-0.006071	-391.978966	12.711000
-0.006091	-393.955007	12.811000
-0.006109	-395.955197	12.911000
-0.006160	-397.946386	13.011000
-0.006232	-399.911877	13.111000
-0.006241	-401.889138	13.211000
-0.006275	-403.938454	13.311000
-0.006268	-405.824357	13.411000
-0.006250	-407.780167	13.511000
-0.006285	-409.746481	13.611000
-0.006388	-411.745668	13.711000
-0.006478	-413.754154	13.811000
-0.006468	-415.705359	13.911000
-0.006519	-417.699951	14.011000
-0.006542	-419.674086	14.111000
-0.006607	-421.682689	14.211000
-0.006641	-423.670651	14.311000
-0.006639	-425.642694	14.411000
-0.006679	-427.627446	14.511000
-0.006677	-429.553152	14.611000
-0.006664	-431.515036	14.711000
-0.006683	-433.505341	14.811000
-0.006814	-435.500381	14.911000
-0.006845	-437.482689	15.011000
-0.006936	-439.500697	15.111000
-0.006940	-441.439023	15.211000
-0.006889	-444.163351	15.311000
-0.006948	-445.991995	15.411000
-0.007037	-447.459848	15.511000
-0.007081	-449.288639	15.611000
-0.007076	-451.252047	15.711000
-0.007067	-453.234316	15.811000
-0.007067	-455.228517	15.911000
-0.007148	-457.211798	16.011000
-0.007232	-459.195481	16.111000
-0.007265	-461.178593	16.211000
-0.007317	-463.210173	16.311000
-0.007359	-465.156425	16.411000
-0.007337	-467.131002	16.511000
-0.007365	-469.124956	16.611000
-0.007452	-471.118313	16.711000
-0.007505	-473.092228	16.811000
-0.007502	-475.078252	16.911000
-0.007516	-477.039200	17.011000
-0.007543	-479.009194	17.111000
-0.007588	-480.989440	17.211000
0.049338	-437.226023	17.311000
0.056956	-433.139656	17.411000
0.057512	-434.579256	17.511000
0.060610	-434.095109	17.611000
0.064132	-433.164175	17.711000
0.064441	-434.098973	17.811000
0.063803	-435.115395	17.911000
0.061916	-436.464859	18.011000
0.059923	-437.659215	18.111000
0.053327	-441.864075	18.211000
0.046564	-446.018318	18.311000
0.039449	-450.318533	18.411000
0.030744	-455.721738	18.511000
0.018860	-463.615421	18.611000
0.003535	-474.153976	18.711000
-0.007328	-481.093180	18.811000
-0.007556	-479.410800	18.911000
-0.007509	-477.479977	19.011000
-0.007525	-475.569915	19.111000
-0.007500	-473.607942	19.211000
-0.007449	-471.662515	19.311000
-0.007386	-469.707467	19.411000
-0.007352	-467.744942	19.511000
-0.007372	-465.796786	19.611000
-0.007350	-463.841211	19.711000
-0.007271	-461.843023	19.811000
-0.007246	-459.865425	19.911000
-0.007177	-457.903433	20.011000
-0.007127	-455.947326	20.111000
-0.007057	-453.947282	20.211000
-0.007113	-452.028840	20.311000
-0.007103	-450.043941	20.411000
-0.007099	-448.821460	20.511000
-0.007012	-446.739948	20.611000
-0.006921	-444.254349	20.711000
-0.006948	-442.069025	20.811000
-0.006971	-440.159007	20.911000
-0.006943	-438.173932	21.011000
-0.006852	-436.182928	21.111000
-0.006770	-434.229257	21.211000
-0.006682	-432.244714	21.311000
-0.006687	-430.283064	21.411000
-0.006721	-428.367308	21.511000
-0.006689	-426.382183	21.611000
-0.006639	-424.375022	21.711000
-0.006627	-422.422666	21.811000
-0.006593	-420.459846	21.911000
-0.006534	-418.470020	22.011000
-0.006521	-416.512829	22.111000
-0.006505	-414.508073	22.211000
-0.006428	-412.519113	22.311000
-0.006342	-410.527263	22.411000
-0.006259	-408.589805	22.511000
-0.006251	-406.598946	22.611000
-0.006292	-404.685091	22.711000
-0.006254	-402.712127	22.811000
-0.006248	-400.718425	22.911000
-0.006239	-398.757336	23.011000
-0.006146	-396.754138	23.111000
-0.006078	-394.754451	23.211000
-0.006094	-392.818342	23.311000
-0.006077	-390.841935	23.411000
-0.006017	-388.840529	23.511000
-0.005941	-386.851307	23.611000
-0.005819	-384.872571	23.711000
-0.005834	-382.912887	23.811000
-0.005907	-381.019012	23.911000
-0.005854	-379.026708	24.011000
-0.005839	-377.025194	24.111000
-0.005821	-375.059058	24.211000
-0.005731	-373.066679	24.311000
-0.005716	-371.083693	24.411000
-0.005710	-369.126684	24.511000
-0.005675	-367.149822	24.611000
-0.005645	-365.174952	24.711000
-0.005561	-363.173694	24.811000
-0.005466	-361.210389	24.911000
-0.005430	-359.227814	25.011000
-0.005481	-357.297515	25.111000
-0.005410	-355.311338	25.211000
-0.005409	-353.338827	25.311000
-0.005436	-351.372298	25.411000
-0.005338	-349.375526	25.511000
-0.005287	-347.379218	25.611000
-0.005279	-345.596987	25.711000
-0.005247	-344.219995	25.811000
-0.005232	-341.981082	25.911000
-0.005141	-339.463260	26.011000
-0.005056	-337.410934	26.111000
-0.005036	-335.460710	26.211000
-0.005035	-333.524010	26.311000
-0.005028	-331.570690	26.411000
-0.005037	-329.607604	26.511000
-0.004963	-327.627280	26.611000
-0.004871	-325.631938	26.711000
-0.004876	-323.675896	26.811000
-0.004896	-321.735419	26.911000
-0.004838	-319.730878	27.011000
-0.004763	-317.739539	27.111000
-0.004754	-315.771528	27.211000
-0.004706	-313.797301	27.311000
-0.004655	-311.804805	27.411000
-0.004637	-309.872583	27.511000
-0.004621	-307.899039	27.611000
