0.008149	-2.718160	19.445000
0.000278	-9.283770	19.545000
-0.000678	-70.766133	19.645000
-0.001944	-146.760361	19.745000
-0.002972	-209.596743	19.845000
-0.003781	-257.666182	19.945000
-0.004396	-293.280003	20.045000
-0.004819	-318.926145	20.145000
-0.005133	-337.076966	20.245000
-0.005394	-349.750977	20.345000
-0.005484	-358.477282	20.445000
-0.005592	-364.053701	20.545000
-0.005693	-367.522633	20.645000
0.022133	-347.173867	20.745000
0.040086	-333.711248	20.845000
0.039048	-334.718185	20.945000
0.038020	-335.122187	21.045000
0.036576	-335.470368	21.145000
0.034778	-335.797747	21.245000
0.032757	-336.102434	21.345000
0.030539	-336.385095	21.445000
0.028276	-337.053575	21.545000
0.025884	-337.638385	21.645000
0.023359	-337.413236	21.745000
0.020851	-337.256076	21.845000
0.018369	-337.434721	21.945000
0.015891	-337.568693	22.045000
0.013384	-337.697570	22.145000
0.010927	-337.810170	22.245000
0.008420	-337.917779	22.345000
0.005929	-338.018111	22.445000
0.003438	-338.074089	22.545000
0.000952	-338.120826	22.645000
-0.001481	-338.150675	22.745000
-0.003857	-338.144752	22.845000
-0.004999	-337.153845	22.945000
-0.004977	-335.206286	23.045000
-0.004964	-333.267055	23.145000
-0.004955	-331.313302	23.245000
-0.004972	-329.347732	23.345000
-0.004920	-327.365578	23.445000
-0.004859	-325.422980	23.545000
-0.004848	-323.431062	23.645000
-0.004895	-321.479701	23.745000
-0.004814	-319.495744	23.845000
-0.004776	-317.507497	23.945000
-0.004784	-315.561999	24.045000
-0.004681	-313.601049	24.145000
-0.004644	-311.627146	24.245000
-0.004671	-309.716047	24.345000
-0.004659	-307.746976	24.445000
-0.004674	-305.763159	24.545000
-0.004611	-303.782806	24.645000
-0.004504	-301.802991	24.745000
-0.004493	-299.845005	24.845000
-0.004544	-297.891524	24.945000
-0.004479	-295.898542	25.045000
-0.004408	-293.909968	25.145000
-0.004401	-291.944962	25.245000
-0.004303	-289.957249	25.345000
-0.004299	-287.982023	25.445000
-0.004292	-286.040223	25.545000
-0.004241	-284.058934	25.645000
-0.004218	-282.082318	25.745000
-0.004162	-280.092217	25.845000
-0.004075	-278.102412	25.945000
-0.004035	-276.141452	26.045000
-0.004087	-274.200694	26.145000
-0.004007	-272.195701	26.245000
-0.003947	-270.205057	26.345000
-0.003918	-268.222648	26.445000
-0.003855	-266.249820	26.545000
-0.003780	-264.273872	26.645000
-0.003775	-262.397100	26.745000
-0.003725	-261.220855	26.845000
-0.003745	-258.980731	26.945000
-0.003665	-256.397966	27.045000
-0.003588	-254.323870	27.145000
-0.003558	-252.377058	27.245000
-0.003596	-250.438999	27.345000
-0.003542	-248.466184	27.445000
-0.003473	-246.468968	27.545000
-0.003467	-244.515907	27.645000
-0.003405	-242.547294	27.745000
-0.003293	-240.567780	27.845000
-0.003378	-238.680399	27.945000
-0.003355	-236.694631	28.045000
-0.003314	-234.712622	28.145000
-0.003328	-232.753822	28.245000
-0.003241	-230.746906	28.345000
-0.003216	-228.779751	28.445000
-0.003230	-226.848073	28.545000
-0.003198	-224.849233	28.645000
-0.003186	-222.869626	28.745000
-0.003110	-220.871376	28.845000
-0.003085	-218.912274	28.946000
-0.003032	-216.962781	29.045000
-0.003069	-215.039060	29.145000
-0.003031	-213.045992	29.245000
-0.002952	-211.265070	29.345000
-0.003010	-209.486719	29.445000
-0.002966	-207.575692	29.545000
-0.002924	-206.317641	29.645000
-0.002879	-205.788676	29.745000
-0.002845	-205.911534	29.845000
-0.002872	-206.374809	29.945000
-0.002970	-207.151217	30.045000
-0.003018	-208.441176	30.145000
-0.003011	-209.908484	30.245000
-0.003001	-211.499350	30.345000
-0.003058	-213.231855	30.445000
-0.003079	-215.021072	30.545000
-0.003043	-216.821162	30.645000
-0.003095	-218.681864	30.745000
-0.003120	-220.562036	30.845000
-0.003208	-222.474169	30.945000
-0.003221	-224.411510	31.045000
-0.003229	-226.362375	31.145000
-0.003256	-228.315361	31.245000
-0.003270	-230.270357	31.345000
-0.003339	-232.245278	31.445000
-0.003323	-234.200809	31.545000
-0.003376	-236.182497	31.645000
-0.003398	-238.149479	31.745000
-0.003334	-240.070002	31.845000
-0.003387	-242.035625	31.945000
-0.003461	-244.807960	32.045000
-0.003464	-246.595736	32.145000
-0.003534	-248.023981	32.245000
-0.003601	-249.842324	32.345000
-0.003572	-251.858054	32.445000
-0.003577	-253.808293	32.545000
-0.003636	-255.794719	32.645000
-0.003724	-257.801636	32.745000
-0.003721	-259.797929	32.845000
-0.003711	-261.755275	32.945000
-0.003750	-263.712607	33.045000
-0.003785	-265.688165	33.145000
-0.003900	-267.672788	33.245000
-0.003914	-269.641512	33.345000
-0.003970	-271.629611	33.445000
-0.004040	-273.637496	33.545000
-0.004054	-275.606210	33.645000
-0.004056	-277.566863	33.745000
-0.004136	-279.545159	33.845000
-0.004190	-281.529017	33.945000
-0.004211	-283.544994	34.045000
-0.004259	-285.514003	34.145000
-0.004280	-287.460300	34.245000
-0.004272	-289.433111	34.345000
-0.004370	-291.405631	34.445000
-0.004390	-293.370500	34.545000
-0.004454	-295.373449	34.645000
-0.004526	-297.366539	34.745000
-0.004506	-299.341666	34.845000
-0.004478	-301.293954	34.945000
-0.004558	-303.263859	35.045000
-0.004664	-305.266311	35.145000
-0.004667	-307.236272	35.245000
-0.004653	-309.202518	35.345000
-0.004636	-311.157135	35.445000
-0.004656	-313.101766	35.545000
-0.004788	-315.093972	35.645000
-0.004774	-317.045131	35.745000
-0.004817	-319.031181	35.845000
-0.004894	-321.037424	35.945000
-0.004878	-323.006434	36.045000
-0.004844	-324.963164	36.145000
-0.004926	-326.955004	36.245000
-0.004994	-328.952465	36.345000
-0.004984	-330.908482	36.445000
-0.004983	-332.871994	36.545000
-0.004974	-334.825686	36.645000
-0.004999	-336.784398	36.745000
-0.005051	-338.759811	36.845000
-0.001017	-337.454645	36.945000
0.003998	-335.368104	37.045000
0.005744	-335.933922	37.145000
0.007792	-336.949163	37.245000
0.009955	-337.114978	37.345000
0.012181	-336.881834	37.445000
0.014491	-336.646693	37.545000
0.016926	-336.662582	37.645000
0.019421	-336.640193	37.745000
0.021915	-336.579461	37.845000
0.024476	-336.514922	37.945000
0.027075	-336.404946	38.045000
0.029664	-336.268471	38.145000
0.032240	-336.103928	38.245000
0.034897	-335.896966	38.345000
0.037701	-335.619764	38.445000
0.040648	-335.243981	38.545000
0.043688	-334.750923	38.645000
0.047053	-333.992818	38.745000
0.050411	-333.224149	38.845000
0.053690	-332.582008	38.945000
0.056804	-332.036076	39.045000
0.059761	-331.627239	39.145000
0.062608	-331.316895	39.245000
0.065375	-331.102669	39.345000
0.068062	-330.846618	39.445000
