-0.000270	-12.250345	7.523000
0.000154	-12.803076	7.623000
-0.000457	-54.435857	7.723000
-0.001396	-112.333939	7.823000
-0.002163	-161.184610	7.923000
-0.002781	-199.388395	8.023000
-0.003247	-228.323785	8.123000
-0.003613	-249.982467	8.223000
-0.003884	-266.229697	8.323000
-0.004079	-278.376885	8.423000
-0.004220	-287.590922	8.523000
-0.004339	-294.621924	8.623000
-0.004390	-300.131606	8.723000
-0.004478	-304.541569	8.823000
-0.004526	-308.148695	8.923000
-0.004551	-311.116620	9.023000
-0.004566	-313.705477	9.123000
-0.004638	-315.994276	9.223000
-0.004669	-318.065968	9.323000
-0.004758	-320.036504	9.423000
-0.004833	-321.869863	9.523000
-0.004770	-323.520253	9.623000
-0.004750	-325.178889	9.723000
-0.004842	-326.813100	9.823000
-0.004920	-328.433917	9.923000
-0.004986	-330.007192	10.023000
-0.004984	-331.554864	10.123000
-0.005004	-333.070641	10.223000
-0.004973	-334.568062	10.323000
-0.005012	-336.076518	10.423000
-0.005068	-337.579130	10.523000
-0.005132	-339.087585	10.623000
-0.005186	-340.596113	10.723000
-0.005234	-342.114576	10.823000
-0.005247	-343.583104	10.923000
-0.005288	-345.101428	11.023000
-0.005272	-346.585106	11.123000
-0.005314	-348.068871	11.223000
-0.005306	-349.562425	11.323000
-0.005392	-351.064961	11.423000
-0.005379	-353.357566	11.523000
-0.005370	-354.626770	11.623000
-0.005402	-355.597961	11.723000
-0.005437	-356.915483	11.823000
-0.005388	-358.392570	11.923000
-0.005366	-359.879789	12.023000
-0.003998	-360.272730	12.123000
-0.001917	-360.042535	12.223000
-0.002002	-361.570270	12.323000
-0.001599	-362.713259	12.423000
-0.001141	-363.810748	12.523000
-0.000601	-364.885322	12.624000
-0.000073	-365.924069	12.723000
0.000489	-366.940908	12.823000
0.001104	-367.908909	12.923000
0.001697	-368.878443	13.023000
0.002315	-369.846490	13.123000
0.003029	-370.736680	13.223000
0.003719	-371.656580	13.323000
0.004396	-372.581073	13.423000
0.005066	-373.551836	13.523000
0.005754	-374.413591	13.623000
0.006435	-375.320983	13.723000
0.007129	-376.215415	13.823000
0.007794	-377.095798	13.923000
0.008496	-377.987122	14.023000
0.009180	-378.891837	14.123000
0.009902	-379.793979	14.223000
0.010639	-380.696731	14.323000
0.011404	-381.583697	14.423000
0.012187	-382.392456	14.523000
0.012948	-383.280237	14.623000
0.013648	-384.148513	14.723000
0.014395	-385.019535	14.823000
0.015185	-385.877957	14.923000
0.015932	-386.765660	15.023000
0.016605	-387.686383	15.123000
0.017341	-388.557748	15.223000
0.018077	-389.442114	15.323000
0.018831	-390.324665	15.423000
0.019530	-391.189977	15.523000
0.020231	-392.068434	15.623000
0.020900	-393.001048	15.723000
0.021626	-393.845969	15.823000
0.022431	-394.701765	15.923000
0.023169	-395.568018	16.023000
0.023886	-396.470694	16.123000
0.024566	-397.362216	16.223000
0.025299	-398.262622	16.323000
0.025964	-399.153177	16.423000
0.026761	-399.984405	16.523000
0.027539	-400.851744	16.623000
0.028248	-402.275193	16.723000
0.028920	-403.379738	16.823000
0.029639	-403.854114	16.923000
0.030388	-404.313013	17.023000
0.031174	-405.217038	17.123000
0.031885	-406.018891	17.223000
0.032633	-406.915743	17.323000
0.033399	-407.753984	17.423000
0.034194	-408.604162	17.523000
0.034919	-409.401193	17.623000
0.035361	-409.951613	17.723000
0.035545	-410.188216	17.823000
0.035473	-410.148626	17.923000
0.035217	-409.906914	18.023000
0.034843	-409.521296	18.123000
0.034358	-408.980967	18.223000
0.033751	-408.394283	18.323000
0.033075	-407.737941	18.423000
0.032411	-407.023498	18.523000
0.031717	-406.278351	18.623000
0.031062	-405.571400	18.723000
0.030263	-404.777835	18.823000
0.029492	-403.981693	18.923000
0.028738	-403.162042	19.023000
0.028003	-402.347837	19.123000
0.027260	-401.494008	19.223000
0.026459	-400.671145	19.323000
0.025651	-399.855409	19.423000
0.024865	-399.026252	19.523000
0.024100	-398.177370	19.623000
0.023358	-397.312617	19.723000
0.022593	-396.464746	19.823000
0.021852	-395.605785	19.923000
0.021071	-394.745098	20.023000
0.020246	-393.940772	20.123000
0.019517	-393.085759	20.223000
0.018800	-392.211419	20.323000
0.018117	-391.346171	20.423000
0.017337	-390.501588	20.523000
0.016568	-389.644125	20.623000
0.015847	-388.763297	20.723000
0.015105	-387.918447	20.823000
0.014384	-387.052534	20.923000
0.013640	-386.161587	21.023000
0.012874	-385.297612	21.123000
0.012136	-384.461409	21.223000
0.011385	-383.598698	21.323000
0.010666	-382.716685	21.423000
0.009834	-381.903205	21.523000
0.009068	-381.063086	21.623000
0.008296	-380.211519	21.723000
0.007557	-379.360955	21.823000
0.006815	-378.869080	21.923000
0.006036	-378.468074	22.023000
0.005337	-377.122244	22.123000
0.004523	-375.929936	22.223000
0.003739	-375.088555	22.323000
0.002947	-374.265374	22.423000
0.002189	-373.447730	22.523000
0.001391	-372.627482	22.623000
0.000556	-371.802590	22.723000
-0.000230	-370.970520	22.823000
-0.001051	-370.195544	22.923000
-0.002073	-369.556164	23.023000
-0.003544	-369.273081	23.123000
-0.004734	-368.732365	23.223000
-0.005469	-367.883155	23.323000
-0.005665	-366.529921	23.423000
-0.005607	-365.039387	23.523000
-0.005568	-363.557158	23.623000
-0.005477	-362.059741	23.723000
-0.005482	-360.605938	23.823000
-0.005452	-359.137954	23.923000
-0.005491	-357.674165	24.023000
-0.005440	-356.195111	24.123000
-0.005413	-354.698801	24.223000
-0.005395	-353.202494	24.323000
-0.005391	-351.733243	24.423000
-0.005307	-350.419517	24.523000
-0.005243	-348.974353	24.623000
-0.005209	-347.434157	24.723000
-0.005211	-346.149029	24.823000
-0.005153	-344.552352	24.923000
-0.005151	-342.837450	25.023000
-0.005106	-341.247380	25.123000
-0.005028	-339.744233	25.223000
-0.004986	-338.311401	25.323000
-0.004950	-336.839008	25.423000
-0.004911	-335.351531	25.523000
-0.004918	-333.912135	25.623000
-0.004902	-332.444743	25.723000
-0.004977	-330.998725	25.823000
-0.004956	-329.512549	25.923000
-0.004923	-328.028505	26.023000
-0.004852	-326.542849	26.123000
-0.004818	-325.048028	26.223000
-0.004819	-323.574080	26.323000
-0.004908	-322.142827	26.423000
-0.004870	-320.632684	26.523000
-0.004812	-319.144811	26.623000
-0.004739	-317.629188	26.723000
-0.004766	-316.164745	26.823000
-0.004751	-314.702702	26.923000
-0.004679	-313.223838	27.023000
-0.004646	-311.815688	27.123000
-0.004598	-311.104016	27.223000
-0.004618	-309.354094	27.323000
-0.004626	-307.313939	27.423000
-0.004605	-305.741685	27.523000
