-0.000652	-6.628800	8.736000
0.000332	-7.386800	8.836000
-0.000365	-53.097156	8.936000
-0.001271	-111.803023	9.036000
-0.002059	-160.983298	9.136000
-0.002705	-199.307640	9.236000
-0.003178	-228.270542	9.336000
-0.003540	-249.916418	9.436000
-0.003790	-266.158952	9.536000
-0.003993	-278.327230	9.636000
-0.004144	-287.485586	9.736000
-0.004332	-294.553449	9.836000
-0.004392	-300.140381	9.936000
-0.004508	-304.514433	10.036000
-0.004536	-308.079559	10.136000
-0.004563	-311.064461	10.236000
-0.004639	-313.671018	10.336000
-0.004746	-315.977619	10.436000
-0.004737	-318.048721	10.536000
-0.004830	-320.008783	10.636000
-0.004909	-321.835864	10.736000
-0.004877	-323.526740	10.836000
-0.004923	-325.217144	10.936000
-0.004952	-326.817154	11.036000
-0.005027	-328.431440	11.136000
-0.005079	-330.009572	11.236000
-0.005071	-331.537892	11.336000
-0.005066	-333.066836	11.436000
-0.005047	-334.552083	11.536000
-0.005042	-336.047972	11.636000
-0.005047	-337.525482	11.736000
-0.005097	-339.014038	11.836000
-0.005161	-340.538590	11.936000
-0.005214	-342.061050	12.036000
-0.005203	-343.535482	12.136000
-0.005206	-345.022864	12.236000
-0.005203	-346.514536	12.336000
-0.005237	-348.018460	12.436000
-0.005235	-349.503021	12.536000
-0.005306	-351.001753	12.636000
-0.005309	-352.489507	12.736000
-0.005288	-353.960440	12.836000
-0.005336	-355.477357	12.936000
-0.005421	-356.988387	13.036000
-0.005369	-358.439937	13.136000
-0.005365	-359.900905	13.236000
-0.005373	-361.385170	13.336000
-0.000109	-358.845450	13.436000
-0.000450	-361.105614	13.536000
-0.000601	-362.334724	13.636000
-0.000312	-363.015757	13.736000
0.000142	-364.104734	13.836000
0.000706	-365.154182	13.936000
0.001267	-366.172603	14.036000
0.001891	-367.131559	14.136000
0.002571	-368.084023	14.236000
0.003220	-369.019956	14.336000
0.003916	-369.936484	14.436000
0.004675	-370.808083	14.536000
0.005365	-371.743379	14.636000
0.006072	-372.611605	14.736000
0.006805	-373.514931	14.836000
0.007561	-374.407829	14.936000
0.008270	-375.290530	15.036000
0.008938	-376.167756	15.136000
0.009694	-377.030431	15.236000
0.010420	-377.898728	15.336000
0.011168	-378.798636	15.436000
0.011919	-379.642858	15.536000
0.012659	-380.547478	15.636000
0.013421	-381.420721	15.736000
0.014257	-382.227139	15.836000
0.014997	-383.075253	15.936000
0.015752	-383.949250	16.036000
0.016512	-384.808433	16.136000
0.017295	-385.652399	16.236000
0.018037	-386.526376	16.336000
0.018764	-387.414171	16.436000
0.019516	-388.284342	16.536000
0.020231	-389.174752	16.636000
0.020889	-390.077849	16.736000
0.021621	-390.905586	16.836000
0.022344	-391.794961	16.936000
0.023061	-392.663285	17.036000
0.023812	-393.540656	17.136000
0.024591	-394.366590	17.236000
0.025354	-395.226947	17.336000
0.026064	-396.104966	17.437000
0.026838	-396.980551	17.536000
0.027519	-397.894565	17.636000
0.028302	-398.713282	17.736000
0.029047	-399.574046	17.836000
0.029872	-400.411938	17.936000
0.030595	-401.294491	18.036000
0.031357	-402.157312	18.136000
0.032151	-402.992181	18.236000
0.032907	-403.845898	18.336000
0.033575	-404.704949	18.436000
0.034408	-405.506917	18.536000
0.035265	-406.317265	18.636000
0.036024	-408.016121	18.736000
0.036718	-408.546171	18.836000
0.037193	-408.583662	18.936000
0.037391	-408.633803	19.036000
0.037295	-408.628752	19.136000
0.037044	-408.403786	19.236000
0.036610	-408.032577	19.336000
0.036123	-407.521868	19.436000
0.035518	-406.934698	19.536000
0.034879	-406.275285	19.636000
0.034152	-405.622581	19.736000
0.033365	-404.920981	19.836000
0.032696	-404.166080	19.936000
0.031952	-403.381528	20.036000
0.031182	-402.604009	20.136000
0.030399	-401.791545	20.236000
0.029645	-400.984370	20.336000
0.028850	-400.169968	20.436000
0.027997	-399.390555	20.536000
0.027211	-398.564207	20.636000
0.026485	-397.711314	20.736000
0.025688	-396.869616	20.836000
0.024903	-396.032799	20.936000
0.024135	-395.197066	21.036000
0.023385	-394.347513	21.136000
0.022532	-393.543377	21.236000
0.021789	-392.679519	21.336000
0.021057	-391.835226	21.436000
0.020292	-390.986337	21.536000
0.019611	-390.141557	21.636000
0.018879	-389.282405	21.736000
0.018087	-388.437828	21.836000
0.017332	-387.581234	21.936000
0.016613	-386.724027	22.036000
0.015899	-385.847065	22.136000
0.015082	-385.011247	22.236000
0.014311	-384.168946	22.336000
0.013588	-383.326329	22.436000
0.012810	-382.470304	22.536000
0.011954	-381.678775	22.636000
0.011180	-380.843009	22.736000
0.010427	-379.986932	22.836000
0.009625	-379.138313	22.936000
0.008853	-378.304328	23.036000
0.008090	-377.462875	23.136000
0.007348	-376.617652	23.236000
0.006573	-375.810074	23.336000
0.005781	-374.983197	23.436000
0.004938	-374.166873	23.536000
0.004153	-373.335736	23.636000
0.003346	-372.520425	23.736000
0.002522	-371.714595	23.836000
0.001656	-371.418860	23.936000
0.000786	-370.892773	24.036000
-0.000091	-369.669787	24.136000
-0.000950	-368.498663	24.236000
-0.001895	-367.821283	24.336000
-0.003337	-367.543544	24.436000
-0.004552	-367.057060	24.536000
-0.005416	-366.273006	24.636000
-0.005610	-365.006988	24.736000
-0.005543	-363.503170	24.836000
-0.005426	-362.008934	24.936000
-0.005412	-360.558423	25.036000
-0.005400	-359.090036	25.136000
-0.005450	-357.632675	25.236000
-0.005386	-356.150276	25.336000
-0.005308	-354.640149	25.436000
-0.005302	-353.157201	25.536000
-0.005335	-351.691970	25.636000
-0.005272	-350.211353	25.736000
-0.005190	-348.696096	25.836000
-0.005155	-347.250258	25.936000
-0.005171	-345.751072	26.036000
-0.005125	-344.250031	26.136000
-0.005175	-342.785692	26.236000
-0.005117	-341.295032	26.336000
-0.005038	-339.800749	26.436000
-0.005006	-338.318088	26.536000
-0.005020	-336.869054	26.636000
-0.005005	-335.393919	26.736000
-0.004990	-333.920248	26.836000
-0.004987	-332.444839	26.936000
-0.005029	-330.996870	27.036000
-0.005030	-329.528703	27.136000
-0.004997	-328.026859	27.236000
-0.004937	-326.535064	27.336000
-0.004885	-325.064072	27.436000
-0.004877	-323.593299	27.536000
-0.004927	-322.132419	27.636000
-0.004896	-320.636309	27.736000
-0.004815	-319.125297	27.836000
-0.004767	-317.623992	27.936000
-0.004769	-316.150108	28.036000
-0.004703	-314.669876	28.136000
-0.004615	-313.184344	28.236000
-0.004588	-311.677321	28.336000
-0.004587	-310.245213	28.436000
-0.004541	-308.748727	28.536000
-0.004539	-307.278767	28.636000
-0.004520	-305.789754	28.736000
