0.000136	-6.341456	14.536000
0.000354	-6.559494	14.636000
-0.000071	-35.654730	14.736000
-0.000681	-76.054133	14.836000
-0.001217	-109.578822	14.936000
-0.001632	-135.667767	15.036000
-0.001973	-155.673106	15.136000
-0.002202	-170.932402	15.236000
-0.002406	-182.591345	15.336000
-0.002572	-191.645922	15.436000
-0.002690	-198.704452	15.536000
-0.002770	-204.546411	15.636000
-0.002838	-209.822450	15.736000
-0.002925	-213.374751	15.836000
-0.002921	-216.181560	15.936000
-0.002997	-219.118759	16.036000
-0.003088	-221.858776	16.136000
-0.003121	-224.426475	16.236000
-0.003157	-226.803974	16.336000
-0.003155	-229.070603	16.436000
-0.003241	-231.289959	16.536000
-0.003260	-233.430183	16.636000
-0.003278	-235.533220	16.736000
-0.003357	-237.623720	16.836000
-0.003316	-239.635173	16.936000
-0.003326	-241.644261	17.036000
-0.003466	-243.697372	17.136000
-0.003440	-245.651571	17.236000
-0.003495	-247.653877	17.336000
-0.003576	-249.679954	17.436000
-0.003560	-251.700333	17.536000
-0.003538	-253.687497	17.636000
-0.003589	-255.614426	17.736000
-0.003691	-257.634033	17.836000
-0.003694	-259.619268	17.936000
-0.003709	-261.591519	18.036000
-0.003734	-263.576912	18.136000
-0.003744	-265.536519	18.236000
-0.003826	-267.517544	18.336000
-0.003853	-269.496306	18.436000
-0.003901	-271.486959	18.536000
-0.003980	-273.506277	18.636000
-0.003952	-275.467819	18.736000
-0.003939	-277.436411	18.836000
-0.004029	-279.399194	18.936000
-0.004099	-281.394368	19.036000
-0.004111	-283.395808	19.136000
-0.004106	-285.355903	19.236000
-0.004141	-287.337554	19.336000
-0.004174	-289.313909	19.436000
-0.004237	-291.286397	19.536000
-0.004282	-293.285863	19.636000
-0.004327	-295.258420	19.736000
-0.004406	-297.256790	19.836000
-0.004404	-299.235752	19.936000
-0.004404	-301.203550	20.036000
-0.004467	-303.196553	20.136000
-0.004539	-305.180819	20.236000
-0.004536	-307.140903	20.336000
-0.004550	-309.113194	20.436000
-0.004564	-311.079869	20.536000
-0.004590	-313.061602	20.636000
-0.004699	-315.030904	20.736000
-0.004692	-317.016641	20.837000
-0.004794	-319.871665	20.936000
-0.004854	-321.558863	21.036000
-0.004817	-322.989761	21.136000
-0.004815	-324.864975	21.236000
-0.004835	-326.825330	21.336000
-0.002927	-327.215664	21.436000
0.002387	-324.914036	21.536000
0.004192	-325.455102	21.636000
0.006155	-325.875883	21.736000
0.008199	-326.180372	21.836000
0.010349	-326.414207	21.936000
0.012555	-326.590920	22.036000
0.014832	-326.665326	22.136000
0.017175	-326.743859	22.236000
0.019508	-326.821142	22.336000
0.021868	-326.893290	22.436000
0.024249	-326.969677	22.536000
0.026557	-327.045716	22.636000
0.029676	-326.500761	22.736000
0.033967	-325.017601	22.836000
0.036428	-325.044907	22.936000
0.038893	-324.965528	23.036000
0.041384	-324.920555	23.136000
0.043825	-324.943060	23.236000
0.046254	-324.905927	23.336000
0.048700	-324.891613	23.436000
0.051184	-324.860856	23.536000
0.053653	-324.842494	23.636000
0.056560	-324.509969	23.736000
0.058516	-324.830345	23.836000
0.060989	-324.798108	23.936000
0.063493	-324.800776	24.037000
0.065923	-324.776770	24.136000
0.068422	-324.710155	24.236000
0.070874	-324.687163	24.336000
0.073363	-324.638337	24.436000
0.075829	-324.617488	24.536000
0.078072	-324.624052	24.636000
0.079602	-324.604443	24.736000
0.080090	-324.714959	24.836000
0.079825	-324.819384	24.936000
0.078916	-324.954184	25.036000
0.077565	-325.054342	25.136000
0.075729	-325.303882	25.236000
0.073688	-325.519049	25.336000
0.071462	-325.727009	25.436000
0.069103	-325.942223	25.536000
0.066625	-326.195575	25.636000
0.064112	-326.433018	25.736000
0.061455	-326.711154	25.836000
0.058733	-327.009658	25.936000
0.055473	-327.692149	26.036000
0.053277	-328.080613	26.136000
0.050377	-328.725693	26.236000
0.047387	-328.749609	26.336000
0.044422	-328.841235	26.436000
0.041354	-329.372526	26.536000
0.037993	-330.144035	26.636000
0.034140	-331.320545	26.736000
0.031235	-331.735679	26.836000
0.028464	-332.018309	26.936000
0.025935	-332.134300	27.036000
0.023374	-332.216829	27.136000
0.020859	-332.283361	27.236000
0.018382	-332.324595	27.336000
0.015912	-332.364532	27.436000
0.013456	-332.395143	27.536000
0.011000	-332.438694	27.636000
0.008524	-332.411840	27.736000
0.006104	-332.406405	27.836000
0.003726	-332.374121	27.936000
0.001400	-332.346122	28.036000
-0.000922	-332.272271	28.136000
-0.003236	-332.170833	28.236000
-0.004896	-331.536528	28.336000
-0.004975	-329.629360	28.436000
-0.004927	-327.626947	28.536000
-0.004805	-325.631735	28.636000
-0.004814	-323.682532	28.736000
-0.004888	-321.740996	28.836000
-0.004796	-319.727594	28.936000
-0.004687	-317.714226	29.036000
-0.004690	-315.768420	29.136000
-0.004609	-313.774362	29.236000
-0.004560	-311.808580	29.336000
-0.004571	-309.883418	29.436000
-0.004547	-307.891201	29.536000
-0.004535	-305.934251	29.636000
-0.004511	-303.945819	29.736000
-0.004431	-301.967772	29.836000
-0.004394	-299.985636	29.937000
-0.004400	-298.029460	30.036000
-0.004360	-296.063830	30.136000
-0.004317	-294.068358	30.236000
-0.004291	-292.064044	30.336000
-0.004200	-290.091443	30.436000
-0.004193	-288.121674	30.536000
-0.004159	-286.165319	30.636000
-0.004137	-284.181434	30.736000
-0.004129	-282.213792	30.836000
-0.004059	-280.215407	30.936000
-0.003984	-278.229071	31.036000
-0.003938	-276.247472	31.136000
-0.004007	-274.319677	31.236000
-0.003941	-272.346036	31.336000
-0.003873	-271.182844	31.436000
-0.003812	-268.867434	31.536000
-0.003765	-266.370457	31.636000
-0.003709	-264.289506	31.736000
-0.003716	-262.361845	31.836000
-0.003682	-260.402572	31.936000
-0.003682	-258.453262	32.036000
-0.003646	-256.488135	32.136000
-0.003563	-254.501445	32.236000
-0.003538	-252.528460	32.336000
-0.003575	-250.597830	32.436000
-0.003516	-248.580539	32.536000
-0.003425	-246.589918	32.636000
-0.003427	-244.625041	32.736000
-0.003388	-242.668025	32.836000
-0.003283	-240.679722	32.936000
-0.003345	-238.772381	33.036000
-0.003297	-236.790353	33.137000
-0.003253	-234.804435	33.236000
-0.003292	-232.853779	33.336000
-0.003205	-230.864910	33.436000
-0.003125	-228.820974	33.536000
-0.003151	-226.881482	33.636000
-0.003116	-224.903123	33.736000
-0.003110	-222.923865	33.836000
-0.003054	-220.929128	33.936000
-0.002978	-218.945151	34.036000
-0.002922	-217.010521	34.136000
-0.002937	-215.063110	34.236000
-0.002929	-213.085210	34.336000
-0.002813	-211.128695	34.436000
-0.002864	-209.505269	34.536000
