0.003842	-3.900145	30.027000
0.000328	-9.322956	30.127000
-0.000591	-70.730147	30.227000
-0.001787	-146.531783	30.327000
-0.002816	-209.376452	30.427000
-0.003655	-257.510505	30.527000
-0.004270	-293.018383	30.627000
-0.004701	-318.634802	30.727000
-0.005004	-336.787983	30.827000
0.008053	-338.736698	30.927000
0.049342	-314.103666	31.027000
0.054526	-315.560422	31.127000
0.057886	-316.384870	31.227000
0.059415	-317.159814	31.327000
0.059490	-318.045913	31.427000
0.058621	-318.899943	31.527000
0.057024	-319.773032	31.627000
0.054890	-320.673456	31.727000
0.052459	-321.515261	31.827000
0.049674	-322.398645	31.927000
0.046677	-323.301486	32.027000
0.043471	-324.264298	32.127000
0.040000	-325.342975	32.227000
0.035899	-326.912046	32.327000
0.031808	-328.369314	32.427000
0.028906	-328.843744	32.527000
0.025957	-329.330476	32.627000
0.023347	-329.545711	32.727000
0.020735	-329.734384	32.827000
0.018150	-329.890847	32.927000
0.015565	-330.047351	33.027000
0.012946	-330.194073	33.127000
0.010404	-330.291908	33.227000
0.007891	-330.395328	33.327000
0.005425	-330.456581	33.427000
0.002965	-330.509317	33.527000
0.000526	-330.532615	33.627000
-0.001836	-330.498284	33.727000
-0.004161	-330.394681	33.827000
-0.004908	-329.029724	33.927000
-0.004853	-327.035577	34.027000
-0.004769	-325.457874	34.127000
-0.004761	-323.924734	34.227000
-0.004786	-321.461323	34.327000
-0.004724	-319.076636	34.427000
-0.004665	-317.097890	34.527000
-0.004679	-315.139552	34.627000
-0.004553	-313.185153	34.727000
-0.004538	-311.246746	34.827000
-0.004522	-309.320040	34.927000
-0.004531	-307.379408	35.027000
-0.004514	-305.403773	35.127000
-0.004439	-303.395869	35.227000
-0.004355	-301.476270	35.327000
-0.004365	-299.453345	35.427000
-0.004406	-297.487092	35.527000
-0.004308	-295.459750	35.627000
-0.004268	-293.471865	35.727000
-0.004244	-291.497842	35.827000
-0.004172	-289.540568	35.927000
-0.004171	-287.535501	36.027000
-0.004129	-285.543472	36.127000
-0.004116	-283.580302	36.227000
-0.004095	-281.616721	36.327000
-0.004032	-279.611381	36.427000
-0.003955	-277.633001	36.527000
-0.003957	-275.669972	36.627000
-0.003977	-273.698579	36.727000
-0.003904	-271.677003	36.827000
-0.003877	-269.725382	36.927000
-0.003858	-267.747310	37.027000
-0.003753	-265.784482	37.127000
-0.003724	-263.803522	37.227000
-0.003710	-261.856263	37.327000
-0.003713	-259.890735	37.427000
-0.003720	-257.913516	37.527000
-0.003635	-255.913417	37.627000
-0.003580	-253.964133	37.727000
-0.003556	-252.014035	37.827000
-0.003581	-250.077347	37.927000
-0.003528	-248.088025	38.027000
-0.003429	-246.026669	38.127000
-0.003433	-244.065649	38.227000
-0.003351	-242.066567	38.327000
-0.003310	-240.116332	38.427000
-0.003367	-238.218871	38.527000
-0.003296	-236.245759	38.627000
-0.003269	-234.329990	38.727000
-0.003299	-232.387153	38.827000
-0.003209	-230.394395	38.927000
-0.003153	-228.396508	39.027000
-0.003123	-226.446012	39.127000
-0.003122	-224.487228	39.227000
-0.003106	-222.659973	39.327000
-0.003052	-221.298447	39.427000
-0.002984	-219.104742	39.527000
-0.002917	-216.594822	39.627000
-0.002960	-214.505745	39.727000
-0.002913	-212.565522	39.827000
-0.002871	-210.611686	39.927000
-0.002885	-208.667726	40.027000
-0.002811	-206.828739	40.127000
-0.002754	-205.604352	40.227000
-0.002778	-205.130576	40.327000
-0.002761	-205.218184	40.427000
-0.002763	-205.847391	40.527000
-0.002802	-206.826935	40.627000
-0.002886	-208.139597	40.727000
-0.002886	-209.609100	40.827000
-0.002854	-211.145667	40.927000
-0.002936	-212.856758	41.027000
-0.002945	-214.657849	41.127000
-0.002957	-216.451897	41.227000
-0.002967	-218.290673	41.327000
-0.003006	-220.198479	41.427000
-0.003091	-222.095672	41.527000
-0.003088	-224.027422	41.627000
-0.003120	-225.977214	41.727000
-0.003175	-227.943868	41.827000
-0.003168	-229.899826	41.927000
-0.003277	-231.889421	42.027000
-0.003261	-233.859985	42.127000
-0.003295	-235.826351	42.227000
-0.003342	-237.797993	42.327000
-0.003332	-239.759747	42.427000
-0.003312	-241.686938	42.527000
-0.003427	-243.620300	42.627000
-0.003447	-245.603075	42.727000
-0.003501	-247.605944	42.827000
-0.003584	-249.599434	42.927000
-0.003569	-251.568689	43.027000
-0.003562	-253.548429	43.127000
-0.003608	-255.488256	43.227000
-0.003710	-257.476944	43.327000
-0.003727	-259.433380	43.427000
-0.003713	-261.393968	43.527000
-0.003719	-263.353797	43.627000
-0.003743	-265.327023	43.727000
-0.003865	-267.289676	43.827000
-0.003871	-269.241840	43.927000
-0.003895	-271.227783	44.027000
-0.003965	-273.204314	44.127000
-0.003988	-275.191960	44.227000
-0.003952	-277.162364	44.327000
-0.004017	-279.135076	44.427000
-0.004085	-281.130613	44.527000
-0.004119	-283.542593	44.627000
-0.004169	-285.893268	44.727000
-0.004178	-287.401398	44.827000
-0.004164	-288.953604	44.927000
-0.004239	-290.931715	45.027000
-0.004255	-292.912154	45.127000
-0.004317	-294.900930	45.227000
-0.004396	-296.948364	45.327000
-0.004383	-298.902173	45.427000
-0.004367	-300.870048	45.527000
-0.004415	-302.843511	45.627000
-0.004511	-304.846553	45.727000
-0.004530	-306.818364	45.827000
-0.004523	-308.772850	45.927000
-0.004510	-310.819682	46.033000
-0.004580	-313.698014	46.127000
-0.004685	-315.261721	46.227000
-0.004684	-316.597804	46.327000
-0.004689	-318.561722	46.427000
-0.004804	-320.592780	46.527000
-0.004800	-322.586772	46.627000
-0.004764	-324.566917	46.727000
-0.004826	-326.590629	46.827000
-0.001995	-326.255960	46.927000
0.001025	-325.784141	47.027000
0.002968	-326.206921	47.127000
0.004911	-326.580412	47.227000
0.006936	-326.903564	47.327000
0.009056	-327.159566	47.427000
0.011215	-327.348102	47.527000
0.013450	-327.524217	47.627000
0.015709	-327.619197	47.727000
0.018063	-327.705871	47.827000
0.020431	-327.796414	47.927000
0.022708	-327.892790	48.027000
0.025037	-327.980004	48.127000
0.027365	-328.060610	48.227000
0.031246	-326.935829	48.327000
0.034849	-325.989159	48.427000
0.037522	-325.795162	48.527000
0.040108	-325.663491	48.627000
0.042685	-325.541011	48.727000
0.045208	-325.462655	48.827000
0.047770	-325.327849	48.927000
0.050275	-325.267108	49.027000
0.052888	-325.168248	49.127000
0.055412	-325.089066	49.227000
0.058535	-324.586395	49.327000
0.060411	-324.958029	49.427000
0.062900	-324.907113	49.527000
0.065453	-324.805858	49.627000
0.067894	-324.786139	49.727000
0.070397	-324.737512	49.827000
0.072897	-325.599361	49.927000
0.075273	-325.286399	50.027000
