0.000430	-8.024101	13.417000
0.000302	-11.441086	13.517000
-0.000629	-71.374722	13.617000
-0.001819	-146.583581	13.717000
-0.002882	-209.353568	13.817000
-0.003678	-257.704064	13.917000
-0.004317	-293.155655	14.017000
-0.004712	-318.681982	14.117000
0.005473	-328.637356	14.217000
0.024846	-326.162580	14.317000
0.038478	-323.628249	14.417000
0.045538	-322.995767	14.517000
0.049710	-323.107592	14.617000
0.051770	-323.470412	14.717000
0.052359	-323.992706	14.817000
0.051848	-324.536090	14.917000
0.050621	-325.128205	15.017000
0.048828	-325.748143	15.117000
0.046617	-326.410504	15.217000
0.044042	-327.138278	15.317000
0.041157	-327.956550	15.417000
0.037738	-329.078775	15.517000
0.033956	-330.445264	15.617000
0.031096	-330.991128	15.717000
0.028338	-331.395636	15.817000
0.025829	-331.568967	15.917000
0.023261	-331.716808	16.017000
0.020745	-331.843589	16.117000
0.018285	-331.953755	16.217000
0.015765	-332.054395	16.317000
0.013267	-332.172933	16.417000
0.010778	-332.214304	16.517000
0.008277	-332.272283	16.617000
0.005882	-332.314593	16.717000
0.003422	-332.332901	16.817000
0.001076	-332.315311	16.917000
-0.001285	-332.279625	17.017000
-0.003610	-332.208444	17.117000
-0.005000	-331.380695	17.217000
-0.005011	-329.422896	17.317000
-0.004971	-327.422304	17.417000
-0.004877	-325.435477	17.517000
-0.004859	-323.479187	17.617000
-0.004894	-321.538636	17.717000
-0.004836	-319.568759	17.817000
-0.004754	-317.553506	17.917000
-0.004754	-315.596161	18.017000
-0.004672	-313.633862	18.117000
-0.004632	-311.655041	18.217000
-0.004645	-309.722708	18.317000
-0.004610	-307.758649	18.417000
-0.004634	-305.794384	18.517000
-0.004551	-303.806166	18.617000
-0.004470	-301.822436	18.717000
-0.004455	-299.859462	18.817000
-0.004505	-297.924347	18.917000
-0.004451	-295.941209	19.017000
-0.004365	-293.931786	19.117000
-0.004363	-291.968190	19.217000
-0.004275	-289.982344	19.317000
-0.004263	-288.008177	19.417000
-0.004268	-286.548778	19.517000
-0.004199	-284.819150	19.617000
-0.004213	-282.417965	19.717000
-0.004137	-280.052607	19.817000
-0.004080	-278.061087	19.917000
-0.004059	-276.120990	20.017000
-0.004095	-274.195245	20.117000
-0.004036	-272.195764	20.217000
-0.003975	-270.216397	20.317000
-0.003975	-268.252062	20.417000
-0.003896	-266.274661	20.517000
-0.003824	-264.321439	20.617000
-0.003832	-262.380902	20.717000
-0.003816	-260.412044	20.817000
-0.003822	-258.435615	20.917000
-0.003777	-256.451761	21.017000
-0.003683	-254.477405	21.117000
-0.003654	-252.515484	21.217000
-0.003720	-250.567799	21.317000
-0.003648	-248.565322	21.417000
-0.003558	-246.584207	21.517000
-0.003569	-244.599908	21.617000
-0.003492	-242.616470	21.718000
-0.003401	-240.658587	21.817000
-0.003489	-238.780983	21.917000
-0.003422	-236.752103	22.017000
-0.003361	-234.767067	22.117000
-0.003382	-232.798477	22.217000
-0.003323	-230.796116	22.317000
-0.003264	-228.813544	22.417000
-0.003254	-226.859747	22.517000
-0.003217	-224.882732	22.617000
-0.003206	-222.902445	22.717000
-0.003145	-220.902512	22.817000
-0.003082	-218.913770	22.917000
-0.003007	-216.964362	23.017000
-0.003053	-215.039790	23.117000
-0.003020	-213.055208	23.217000
-0.002973	-211.077909	23.317000
-0.003013	-209.124637	23.417000
-0.002924	-207.256684	23.517000
-0.002836	-206.018812	23.617000
-0.002870	-205.515482	23.717000
-0.002877	-205.644055	23.817000
-0.002855	-206.248011	23.917000
-0.002931	-207.253127	24.017000
-0.002977	-208.540926	24.117000
-0.002986	-209.991486	24.217000
-0.002967	-211.554319	24.317000
-0.003045	-213.283353	24.417000
-0.003054	-215.055733	24.517000
-0.003001	-216.833222	24.617000
-0.003049	-218.804138	24.717000
-0.003148	-221.470383	24.817000
-0.003191	-223.003565	24.917000
-0.003213	-224.386800	25.017000
-0.003212	-226.292512	25.117000
-0.003267	-228.257901	25.217000
-0.003272	-230.247070	25.317000
-0.003354	-232.248366	25.417000
-0.003336	-234.204947	25.517000
-0.003385	-236.205394	25.617000
-0.003448	-238.195087	25.717000
-0.003380	-240.130449	25.817000
-0.003443	-242.062444	25.917000
-0.003514	-244.025297	26.017000
-0.003513	-245.999298	26.117000
-0.003569	-247.972069	26.217000
-0.003649	-249.973109	26.317000
-0.003602	-251.942261	26.417000
-0.003618	-253.910978	26.517000
-0.003693	-255.888167	26.617000
-0.003779	-257.878891	26.717000
-0.003774	-259.834670	26.817000
-0.003769	-261.835849	26.917000
-0.003779	-264.152022	27.017000
-0.003816	-266.048288	27.117000
-0.003889	-268.004770	27.217000
-0.003934	-269.965520	27.317000
-0.003967	-271.917296	27.417000
-0.004014	-273.935677	27.517000
-0.003996	-275.655831	27.617000
-0.004016	-277.491647	27.717000
-0.004085	-279.477496	27.817000
-0.004154	-281.483514	27.917000
-0.004158	-283.488055	28.017000
-0.004147	-285.458063	28.117000
-0.004216	-287.442962	28.217000
-0.004208	-289.410313	28.317000
-0.004305	-291.395936	28.417000
-0.004302	-293.367844	28.517000
-0.004351	-295.361474	28.617000
-0.004434	-297.363239	28.717000
-0.004423	-299.329690	28.817000
-0.004385	-301.276342	28.917000
-0.004472	-303.258621	29.017000
-0.004515	-305.241813	29.117000
-0.004538	-307.226498	29.217000
-0.004543	-309.191275	29.317000
-0.004545	-311.142822	29.417000
-0.004564	-313.116311	29.517000
-0.004666	-315.097103	29.617000
-0.004658	-317.048681	29.717000
-0.004730	-319.048429	29.817000
-0.004798	-321.042467	29.917000
-0.004748	-323.539291	30.017000
-0.004765	-325.689219	30.117000
-0.004870	-327.301020	30.217000
-0.004911	-328.868524	30.317000
-0.000529	-327.298583	30.417000
0.002069	-327.216223	30.517000
0.003998	-327.624944	30.617000
0.005977	-327.979113	30.717000
0.008084	-328.265853	30.817000
0.010236	-328.466549	30.917000
0.012476	-328.631769	31.017000
0.014796	-328.744011	31.117000
0.017144	-328.801987	31.217000
0.019503	-328.859931	31.317000
0.021866	-328.917161	31.417000
0.024195	-328.976517	31.517000
0.026567	-329.040074	31.617000
0.028957	-329.109473	31.717000
0.033983	-327.020638	31.817000
0.036825	-326.701758	31.917000
0.039358	-326.624003	32.017000
0.041892	-326.544682	32.117000
0.044418	-326.447852	32.217000
0.046997	-326.346502	32.317000
0.049519	-326.267317	32.417000
0.052048	-326.190885	32.517000
0.054611	-326.101534	32.617000
0.057581	-325.710502	32.717000
0.059692	-325.920466	32.817000
0.062196	-325.873463	32.917000
0.064699	-325.846658	33.017000
0.067256	-325.706364	33.117000
0.069801	-325.623983	33.217000
0.072292	-325.585252	33.317000
0.074804	-325.560936	33.417000
