0.000320	-12.874434	8.100000
0.000255	-15.151525	8.200000
-0.000653	-72.512934	8.300000
-0.001826	-147.360841	8.400000
-0.002845	-209.903709	8.500000
-0.003638	-257.930036	8.600000
-0.004259	-293.336921	8.700000
-0.004687	-318.906613	8.800000
0.000228	-332.917870	8.900000
0.018549	-330.726699	9.000000
0.032994	-327.675268	9.100000
0.042348	-325.830128	9.200000
0.047423	-325.249757	9.301000
0.050321	-324.951021	9.400000
0.051366	-325.064111	9.500000
0.051132	-325.418372	9.600000
0.049982	-325.922540	9.700000
0.048113	-326.602244	9.800000
0.045851	-327.314929	9.900000
0.042857	-328.366409	10.000000
0.039924	-329.209349	10.100000
0.036694	-330.224015	10.200000
0.033100	-331.420040	10.300000
0.029378	-332.666857	10.400000
0.026596	-333.090434	10.500000
0.023622	-333.662774	10.600000
0.021113	-333.774560	10.700000
0.017781	-334.540637	10.800000
0.014952	-334.951115	10.900000
0.012284	-335.174041	11.000000
0.009689	-335.340031	11.100000
0.007100	-335.492534	11.200000
0.004506	-335.629669	11.300000
0.001933	-335.766924	11.400000
-0.000625	-335.894074	11.500000
-0.003093	-335.970981	11.600000
-0.004829	-335.445901	11.700000
-0.004933	-333.575744	11.800000
-0.004925	-331.608858	11.900000
-0.004891	-329.879937	12.000000
-0.004858	-328.635628	12.100000
-0.004781	-326.207675	12.200000
-0.004738	-323.624035	12.300000
-0.004790	-321.692364	12.400000
-0.004741	-319.725615	12.500000
-0.004669	-317.748906	12.600000
-0.004635	-315.791507	12.700000
-0.004590	-313.846439	12.800000
-0.004532	-311.889896	12.900000
-0.004502	-309.958911	13.000000
-0.004471	-307.994110	13.100000
-0.004513	-306.048733	13.200000
-0.004469	-304.064659	13.300000
-0.004359	-302.068782	13.400000
-0.004323	-300.107889	13.500000
-0.004404	-298.190376	13.600000
-0.004352	-296.203244	13.700000
-0.004238	-294.183492	13.800000
-0.004244	-292.251029	13.900000
-0.004183	-290.256534	14.000000
-0.004151	-288.281747	14.100000
-0.004144	-286.343427	14.200000
-0.004105	-284.350049	14.300000
-0.004109	-282.387690	14.400000
-0.004029	-280.402207	14.500000
-0.003984	-278.419170	14.600000
-0.003951	-276.454714	14.700000
-0.003957	-274.499256	14.800000
-0.003921	-272.505450	14.900000
-0.003890	-270.515735	15.000000
-0.003868	-268.559163	15.100000
-0.003783	-266.574980	15.200000
-0.003710	-264.604656	15.300000
-0.003734	-262.677026	15.400000
-0.003726	-260.710485	15.500000
-0.003685	-258.748070	15.600000
-0.003677	-256.747229	15.700000
-0.003584	-254.744365	15.800000
-0.003548	-252.790664	15.900000
-0.003588	-250.854043	16.000000
-0.003565	-248.872718	16.100000
-0.003440	-246.864281	16.200000
-0.003437	-244.891183	16.300000
-0.003424	-242.934723	16.400000
-0.003289	-240.949067	16.500000
-0.003310	-239.027974	16.600000
-0.003331	-237.057690	16.700000
-0.003301	-235.066318	16.800000
-0.003268	-233.089627	16.900000
-0.003209	-231.094324	17.000000
-0.003136	-229.097621	17.100000
-0.003180	-227.294540	17.200000
-0.003110	-226.134717	17.300000
-0.003097	-223.751015	17.400000
-0.003052	-221.162494	17.500000
-0.002998	-219.135426	17.600000
-0.002921	-217.187671	17.700000
-0.002988	-215.288949	17.800000
-0.002948	-213.324394	17.900000
-0.002859	-211.345550	18.000000
-0.002891	-209.395123	18.100000
-0.002866	-207.562723	18.200000
-0.002775	-206.297459	18.300000
-0.002737	-205.794803	18.400000
-0.002759	-205.927790	18.500000
-0.002808	-206.548866	18.600000
-0.002835	-207.547335	18.700000
-0.002867	-208.798987	18.800000
-0.002889	-210.256904	18.900000
-0.002867	-211.838488	19.000000
-0.002942	-213.543909	19.100000
-0.002952	-215.333187	19.200000
-0.002916	-217.166712	19.300000
-0.002961	-218.952227	19.400000
-0.003009	-220.836256	19.500000
-0.003121	-222.791941	19.600000
-0.003111	-224.720347	19.700000
-0.003121	-226.659763	19.800000
-0.003165	-228.611269	19.900000
-0.003210	-230.586137	20.000000
-0.003242	-232.535545	20.100000
-0.003245	-234.502825	20.200000
-0.003313	-236.475509	20.300000
-0.003345	-238.450325	20.400000
-0.003284	-240.366422	20.500000
-0.003380	-242.337562	20.600000
-0.003465	-244.323547	20.700000
-0.003444	-246.262763	20.800000
-0.003513	-248.236090	20.900000
-0.003582	-250.252238	21.000000
-0.003538	-252.213061	21.100000
-0.003563	-254.181180	21.200000
-0.003650	-256.151163	21.300000
-0.003707	-258.142195	21.400000
-0.003693	-260.104934	21.500000
-0.003725	-262.078353	21.600000
-0.003745	-264.021459	21.700000
-0.003780	-265.986415	21.800000
-0.003824	-267.952369	21.900000
-0.003869	-269.937639	22.000000
-0.003930	-271.918988	22.100000
-0.003969	-273.901619	22.200000
-0.003924	-275.856325	22.300000
-0.003939	-277.835126	22.400000
-0.004073	-280.637202	22.500000
-0.004100	-282.499913	22.600000
-0.004122	-283.891512	22.700000
-0.004135	-285.650416	22.800000
-0.004140	-287.621936	22.900000
-0.004159	-289.623738	23.001000
-0.004265	-291.650992	23.100000
-0.004228	-293.590874	23.200000
-0.004311	-295.581780	23.300000
-0.004423	-297.594789	23.400000
-0.004366	-299.555368	23.500000
-0.004335	-301.519939	23.600000
-0.004408	-303.495037	23.700000
-0.004498	-305.498759	23.800000
-0.004528	-307.500585	23.900000
-0.004499	-309.445504	24.000000
-0.004512	-311.379543	24.100000
-0.004547	-313.415785	24.200000
-0.004651	-315.344243	24.300000
-0.004642	-317.294950	24.400000
-0.004701	-319.304900	24.500000
-0.004771	-321.290761	24.600000
-0.004749	-323.246730	24.700000
-0.004761	-325.224976	24.800000
-0.004850	-327.216993	24.900000
-0.004869	-329.198978	25.000000
-0.004912	-331.175633	25.100000
-0.004924	-333.163182	25.200000
-0.002438	-333.105403	25.300000
0.000673	-332.553682	25.400000
0.002650	-332.934759	25.500000
0.004699	-333.168248	25.600000
0.006917	-333.324939	25.700000
0.009298	-333.382773	25.800000
0.011733	-333.380409	25.900000
0.014306	-333.276536	26.000000
0.016980	-333.092647	26.100000
0.019701	-332.859552	26.200000
0.022525	-332.561002	26.300000
0.025304	-332.311340	26.400000
0.029173	-331.145778	26.500000
0.032406	-330.475092	26.600000
0.035974	-329.576595	26.700000
0.039231	-328.920781	26.800000
0.042502	-328.245833	26.900000
0.045167	-328.056872	27.000000
0.048114	-327.638264	27.100000
0.050903	-327.391095	27.200000
0.053655	-327.117042	27.300000
0.056386	-326.892091	27.400000
0.059055	-326.689864	27.500000
0.061765	-326.477252	27.600000
0.064414	-327.185245	27.700000
0.066947	-326.979515	27.800000
0.069450	-326.285831	27.900000
0.072003	-325.939486	28.000000
0.074583	-325.868509	28.100000
