0.000010	-10.083238	10.729000
0.000195	-12.845864	10.829000
-0.000677	-71.569754	10.929000
-0.001892	-146.906864	11.029000
-0.002926	-209.694057	11.129000
-0.003738	-257.810332	11.229000
0.007477	-283.858055	11.329000
0.045071	-279.006870	11.429000
0.066490	-279.746339	11.529000
0.081004	-280.548936	11.629000
0.091081	-281.062758	11.729000
0.096676	-282.098488	11.829000
0.100292	-282.722787	11.929000
0.102083	-283.327250	12.029000
0.102699	-283.764971	12.129000
0.102399	-284.149969	12.229000
0.101503	-284.466533	12.329000
0.100167	-284.716628	12.429000
0.098506	-285.075382	12.529000
0.096584	-286.016629	12.629000
0.094460	-285.826646	12.729000
0.092259	-285.499807	12.829000
0.090052	-285.490252	12.929000
0.086354	-286.613175	13.029000
0.085233	-285.833338	13.129000
0.083027	-285.760467	13.229000
0.080662	-285.823694	13.329000
0.078240	-285.890949	13.429000
0.075805	-285.956367	13.529000
0.073313	-286.061929	13.629000
0.070870	-286.122986	13.729000
0.068392	-286.177754	13.829000
0.065957	-286.209015	13.929000
0.063440	-286.286791	14.029000
0.060886	-286.412799	14.129000
0.058447	-286.461272	14.229000
0.055918	-286.567231	14.329000
0.053389	-286.663956	14.429000
0.050802	-286.794862	14.529000
0.048528	-286.668440	14.629000
0.045655	-287.001615	14.729000
0.043082	-287.150711	14.829000
0.040479	-287.305220	14.929000
0.037818	-287.480419	15.029000
0.035108	-287.699664	15.129000
0.032366	-287.936254	15.229000
0.029607	-288.221622	15.329000
0.026738	-288.581776	15.429000
0.023687	-289.094579	15.529000
0.019553	-290.456308	15.629000
0.016219	-291.210292	15.729000
0.013724	-291.232551	15.829000
0.011225	-291.273882	15.929000
0.008793	-291.306310	16.029000
0.006288	-291.355441	16.129000
0.003805	-291.372695	16.229000
0.001406	-291.359001	16.329000
-0.001007	-291.579642	16.429000
-0.003385	-292.350223	16.529000
-0.004256	-290.141904	16.629000
-0.004242	-287.971266	16.729000
-0.004205	-286.025232	16.829000
-0.004160	-284.051632	16.929000
-0.004186	-282.112230	17.029000
-0.004143	-280.169983	17.129000
-0.004071	-278.153783	17.229000
-0.004021	-276.197974	17.329000
-0.004067	-274.270474	17.429000
-0.004058	-272.286832	17.529000
-0.003966	-270.275617	17.629000
-0.003960	-268.315839	17.729000
-0.003909	-267.102436	17.829000
-0.003801	-264.995793	17.929000
-0.003833	-262.514412	18.029000
-0.003790	-260.365994	18.129000
-0.003839	-258.417428	18.229000
-0.003753	-256.428903	18.329000
-0.003671	-254.461466	18.429000
-0.003671	-252.519888	18.529000
-0.003716	-250.588949	18.629000
-0.003683	-248.602487	18.729000
-0.003570	-246.593655	18.829000
-0.003579	-244.638347	18.929000
-0.003501	-242.661147	19.029000
-0.003407	-240.717230	19.129000
-0.003483	-238.797007	19.229000
-0.003438	-236.814506	19.329000
-0.003377	-234.852266	19.429000
-0.003395	-232.845320	19.529000
-0.003327	-230.832474	19.629000
-0.003276	-228.851234	19.729000
-0.003241	-226.894169	19.829000
-0.003205	-224.915899	19.929000
-0.003202	-222.941359	20.029000
-0.003140	-220.960703	20.129000
-0.003077	-218.965362	20.229000
-0.003002	-217.006058	20.329000
-0.003039	-215.076414	20.429000
-0.002991	-213.083127	20.529000
-0.002940	-211.107086	20.629000
-0.002953	-209.155850	20.729000
-0.002890	-207.280903	20.829000
-0.002815	-206.046358	20.929000
-0.002800	-205.535739	21.029000
-0.002796	-205.664110	21.129000
-0.002824	-206.267500	21.229000
-0.002867	-207.274124	21.329000
-0.002906	-208.545943	21.429000
-0.002912	-209.988007	21.529000
-0.002889	-211.583658	21.629000
-0.002964	-213.275517	21.729000
-0.002992	-215.057495	21.829000
-0.002924	-216.847267	21.929000
-0.003000	-218.708259	22.029000
-0.003029	-220.585330	22.129000
-0.003147	-222.532367	22.229000
-0.003134	-224.449458	22.329000
-0.003132	-226.392201	22.429000
-0.003158	-228.341633	22.529000
-0.003203	-230.309435	22.629000
-0.003289	-232.295989	22.729000
-0.003286	-234.253003	22.829000
-0.003306	-236.212104	22.929000
-0.003330	-238.906545	23.029000
-0.003265	-240.750409	23.129000
-0.003385	-242.316258	23.230000
-0.003464	-243.983714	23.329000
-0.003447	-245.913872	23.429000
-0.003504	-247.925186	23.529000
-0.003585	-249.945174	23.629000
-0.003575	-251.938233	23.729000
-0.003583	-253.890961	23.829000
-0.003636	-255.874880	23.929000
-0.003706	-257.872829	24.029000
-0.003746	-259.887441	24.129000
-0.003759	-261.833886	24.229000
-0.003756	-263.771428	24.329000
-0.003793	-265.743937	24.429000
-0.003898	-267.731099	24.529000
-0.003912	-269.711962	24.629000
-0.003983	-271.692912	24.729000
-0.004055	-273.689309	24.829000
-0.004029	-275.649605	24.929000
-0.004016	-277.635249	25.029000
-0.004108	-279.602494	25.129000
-0.004218	-281.599269	25.229000
-0.004226	-283.582438	25.329000
-0.004221	-285.543662	25.429000
-0.002266	-285.925767	25.529000
0.000822	-285.414177	25.629000
0.003058	-285.522844	25.729000
0.005291	-285.677407	25.829000
0.007529	-285.822455	25.929000
0.009820	-285.934254	26.029000
0.012155	-286.026412	26.129000
0.014657	-286.001844	26.229000
0.018877	-284.537695	26.329000
0.021483	-284.414292	26.429000
0.023912	-284.429511	26.529000
0.026337	-284.435622	26.629000
0.028711	-284.474732	26.729000
0.031279	-284.376184	26.829000
0.033418	-284.587191	26.929000
0.035833	-284.606189	27.029000
0.038148	-284.701630	27.129000
0.040560	-284.708875	27.229000
0.042951	-284.759035	27.329000
0.045378	-284.780032	27.429000
0.048229	-284.498515	27.529000
0.050172	-284.842350	27.629000
0.052549	-284.882552	27.729000
0.054929	-284.914903	27.829000
0.057310	-284.969147	27.929000
0.059789	-284.947230	28.029000
0.062172	-284.982345	28.129000
0.064568	-285.683896	28.229000
0.066916	-285.696069	28.329000
0.069328	-285.250837	28.429000
0.071766	-285.007477	28.529000
0.074181	-285.048463	28.629000
0.076581	-285.081781	28.729000
0.079076	-285.064138	28.829000
0.081489	-285.059703	28.929000
0.083963	-285.066230	29.029000
0.085979	-285.394662	29.129000
0.088735	-285.146019	29.229000
0.091185	-285.144865	29.329000
0.093644	-285.131972	29.429000
0.096088	-285.143418	29.529000
0.098498	-285.144733	29.629000
0.100966	-285.126700	29.729000
0.103377	-285.141997	29.829000
0.105819	-285.123299	29.929000
0.108208	-285.171380	30.029000
0.110664	-285.145106	30.129000
0.113108	-285.157748	30.229000
0.115584	-285.104170	30.329000
0.118204	-284.941007	30.429000
0.120454	-285.115859	30.529000
0.122929	-285.088297	30.629000
0.125401	-285.034931	30.729000
