0.000180	-5.714166	18.502000
0.000251	-9.251912	18.602000
-0.000721	-73.828452	18.702000
-0.001968	-151.690032	18.802000
-0.003013	-215.779627	18.902000
-0.003849	-265.949575	19.002000
0.051255	-257.621673	19.102000
0.072728	-256.234295	19.202000
0.087118	-257.402614	19.302000
0.098106	-258.661147	19.402000
0.106261	-259.874885	19.503000
0.111548	-260.687054	19.602000
0.114780	-261.284351	19.702000
0.116285	-261.827841	19.802000
0.116634	-262.348770	19.902000
0.116016	-262.953083	20.002000
0.114840	-263.360489	20.102000
0.113443	-263.444198	20.202000
0.111738	-263.669792	20.302000
0.109772	-263.880147	20.402000
0.107627	-264.042798	20.502000
0.105390	-264.168762	20.602000
0.103120	-264.322422	20.702000
0.100875	-264.400396	20.802000
0.098668	-264.446007	20.902000
0.096230	-264.550528	21.002000
0.093682	-264.614817	21.102000
0.091224	-264.680313	21.202000
0.088760	-264.726835	21.302000
0.086447	-264.693788	21.402000
0.082738	-265.689133	21.502000
0.081451	-264.885783	21.602000
0.079035	-264.859676	21.702000
0.076454	-264.929002	21.802000
0.074005	-264.954396	21.902000
0.071498	-264.971277	22.002000
0.068993	-265.036196	22.102000
0.066379	-265.090510	22.202000
0.063813	-265.086259	22.302000
0.061309	-265.144919	22.402000
0.058737	-265.201363	22.502000
0.056267	-265.225148	22.602000
0.053772	-265.291042	22.702000
0.051298	-265.344246	22.802000
0.048624	-265.502501	22.902000
0.046140	-265.500778	23.002000
0.043590	-265.895911	23.102000
0.041145	-266.453283	23.202000
0.038805	-266.219548	23.302000
0.036361	-265.884493	23.402000
0.033929	-265.978124	23.502000
0.031621	-265.991770	23.602000
0.028782	-266.332669	23.702000
0.026049	-266.566496	23.802000
0.023478	-266.723429	23.902000
0.020561	-267.141506	24.002000
0.017703	-267.592467	24.102000
0.013483	-268.995417	24.202000
0.009563	-270.158664	24.302000
0.007162	-270.236079	24.402000
0.004774	-270.269509	24.502000
0.002342	-270.307839	24.602000
-0.000182	-270.336842	24.702000
-0.002642	-270.323060	24.802000
-0.003948	-269.405103	24.902000
-0.003941	-267.410252	25.002000
-0.003831	-265.438263	25.102000
-0.003832	-263.488896	25.202000
-0.003811	-261.518023	25.302000
-0.003809	-259.513073	25.402000
-0.003767	-257.484943	25.502000
-0.003680	-255.502797	25.602000
-0.003621	-253.572943	25.702000
-0.003642	-251.611626	25.802000
-0.003658	-249.695895	25.902000
-0.003545	-247.725518	26.002000
-0.003495	-245.720466	26.102000
-0.003512	-243.743521	26.202000
-0.003385	-241.801989	26.302000
-0.003350	-239.910707	26.402000
-0.003377	-237.987330	26.502000
-0.003326	-235.980458	26.602000
-0.003291	-233.994927	26.702000
-0.003271	-231.981487	26.802000
-0.003169	-229.934346	26.902000
-0.003176	-227.960284	27.002000
-0.003123	-225.889546	27.102000
-0.003132	-223.905242	27.202000
-0.003105	-221.860244	27.302000
-0.003000	-219.833450	27.402000
-0.002950	-217.861214	27.502000
-0.002958	-215.906924	27.602000
-0.002967	-213.921345	27.702000
-0.002896	-211.914948	27.802000
-0.002876	-209.973169	27.902000
-0.002888	-208.014691	28.002000
-0.002800	-206.053579	28.102000
-0.002821	-204.089548	28.202000
-0.002793	-202.086079	28.302000
-0.002715	-200.826870	28.402000
-0.002724	-198.805538	28.502000
-0.002642	-196.543678	28.602000
-0.002671	-195.181096	28.702000
-0.002666	-194.695243	28.802000
-0.002686	-194.852268	28.902000
-0.002653	-195.560210	29.002000
-0.002662	-196.648388	29.102000
-0.002792	-197.916712	29.202000
-0.002776	-199.333058	29.302000
-0.002799	-200.901686	29.402000
-0.002825	-202.618829	29.502000
-0.002855	-204.471068	29.602000
-0.002890	-206.354027	29.702000
-0.002988	-208.262059	29.802000
-0.002973	-210.161476	29.902000
-0.002996	-212.077095	30.002000
-0.003070	-214.026669	30.102000
-0.003061	-215.911722	30.202000
-0.003070	-217.841725	30.302000
-0.003126	-219.772491	30.402000
-0.003194	-221.721916	30.502000
-0.003229	-223.701491	30.602000
-0.003246	-225.691208	30.702000
-0.003303	-227.724476	30.802000
-0.003282	-229.788386	30.902000
-0.003406	-231.819503	31.002000
-0.003378	-233.718806	31.102000
-0.003402	-235.689256	31.202000
-0.003474	-237.678341	31.302000
-0.003449	-239.660480	31.402000
-0.003398	-241.543924	31.502000
-0.003525	-243.476669	31.602000
-0.003559	-245.279751	31.702000
-0.003576	-247.140980	31.802000
-0.003695	-249.126965	31.902000
-0.003660	-251.079834	32.002000
-0.003625	-252.978151	32.102000
-0.003659	-254.859775	32.202000
-0.003733	-256.801406	32.302000
-0.003769	-258.820450	32.402000
-0.003752	-260.798576	32.502000
-0.003762	-262.760198	32.602000
-0.003760	-264.666533	32.702000
-0.001336	-264.557638	32.802000
0.001440	-264.184788	32.902000
0.003877	-264.155545	33.002000
0.006268	-264.202373	33.102000
0.008731	-264.215969	33.202000
0.013204	-262.625025	33.302000
0.016074	-262.203847	33.402000
0.018398	-262.303014	33.502000
0.020726	-262.781932	33.602000
0.023068	-263.268504	33.702000
0.025168	-263.303158	33.802000
0.027331	-262.887817	33.902000
0.029644	-262.930310	34.002000
0.032244	-262.884212	34.102000
0.034326	-263.151482	34.202000
0.036655	-263.251497	34.302000
0.039106	-263.285535	34.402000
0.041371	-263.417016	34.502000
0.043661	-263.521027	34.602000
0.045967	-263.570953	34.702000
0.048051	-263.786109	34.802000
0.050508	-263.762707	34.902000
0.052900	-263.796986	35.002000
0.055239	-263.866848	35.102000
0.057613	-263.915918	35.202000
0.060103	-263.991400	35.302000
0.062627	-263.959940	35.402000
0.064903	-264.073637	35.502000
0.067274	-264.149825	35.602000
0.069708	-264.154257	35.702000
0.072036	-264.279658	35.802000
0.074394	-264.345434	35.902000
0.076800	-264.285406	36.002000
0.079175	-264.350868	36.102000
0.081582	-264.381462	36.202000
0.085469	-263.304731	36.302000
0.086213	-264.542405	36.402000
0.088788	-264.445773	36.502000
0.091150	-264.472951	36.602000
0.093448	-264.487042	36.702000
0.095759	-264.511672	36.802000
0.098098	-264.517812	36.902000
0.100442	-264.534023	37.002000
0.102895	-264.532321	37.102000
0.105201	-264.549930	37.202000
0.107607	-264.549644	37.302000
0.109995	-264.561407	37.402000
0.112415	-264.552867	37.502000
0.114656	-264.709289	37.602000
0.117323	-264.530438	37.702000
0.119862	-264.519005	37.802000
0.122336	-264.503514	37.902000
0.124797	-264.553952	38.002000
0.127349	-264.396278	38.102000
0.129875	-264.318865	38.202000
0.132515	-264.193518	38.302000
0.134946	-264.197525	38.402000
0.139366	-262.565956	38.502000
