-0.000399	-12.490964	8.272000
0.000241	-13.161944	8.372000
-0.000595	-67.076112	8.472000
-0.001801	-143.466824	8.572000
-0.002885	-207.439010	8.672000
-0.003711	-255.804803	8.772000
0.039228	-256.472808	8.872000
0.069355	-257.305344	8.972000
0.092725	-258.717599	9.072000
0.107751	-259.460617	9.172000
0.117461	-260.699369	9.273000
0.116059	-261.558946	9.372000
0.115615	-262.823926	9.472000
0.115594	-263.183541	9.572000
0.115330	-263.075881	9.672000
0.114762	-263.208989	9.772000
0.113664	-263.836359	9.872000
0.112280	-263.635734	9.972000
0.110394	-263.841308	10.072000
0.108429	-263.954636	10.172000
0.106348	-264.061248	10.272000
0.104218	-264.180198	10.372000
0.102066	-264.222116	10.472000
0.099759	-264.302084	10.572000
0.097427	-264.335072	10.672000
0.094969	-264.418225	10.772000
0.092619	-264.447087	10.872000
0.090300	-264.473730	10.972000
0.087853	-264.484461	11.072000
0.085616	-264.320097	11.172000
0.083045	-264.482473	11.272000
0.080508	-264.603102	11.372000
0.078059	-264.608293	11.472000
0.075564	-264.630501	11.572000
0.073105	-264.667020	11.672000
0.070567	-264.693350	11.772000
0.068170	-264.673492	11.872000
0.065584	-264.729681	11.972000
0.063045	-264.808765	12.072000
0.060593	-264.790158	12.172000
0.058049	-264.806595	12.272000
0.055580	-264.835352	12.372000
0.053078	-264.911287	12.472000
0.050422	-265.036787	12.572000
0.047880	-265.079450	12.672000
0.045467	-265.090127	12.772000
0.042911	-265.171450	12.872000
0.040409	-265.267952	12.972000
0.037838	-265.351666	13.072000
0.035275	-265.487436	13.172000
0.032773	-265.587763	13.272000
0.030081	-265.786362	13.372000
0.027353	-265.964108	13.472000
0.024457	-266.202882	13.572000
0.021576	-266.516364	13.672000
0.018756	-266.897973	13.772000
0.015546	-267.590368	13.872000
0.010811	-269.442427	13.972000
0.008210	-269.568267	14.072000
0.005630	-269.643639	14.172000
0.002981	-269.715968	14.272000
0.000397	-269.735948	14.372000
-0.001994	-269.724258	14.472000
-0.003775	-269.205633	14.572000
-0.003886	-267.731716	14.672000
-0.003801	-266.110828	14.772000
-0.003758	-263.765461	14.872000
-0.003756	-261.383877	14.972000
-0.003777	-259.405311	15.072000
-0.003759	-257.450117	15.172000
-0.003688	-255.371834	15.272000
-0.003609	-253.399715	15.372000
-0.003647	-251.403333	15.472000
-0.003662	-249.401475	15.572000
-0.003571	-247.420010	15.672000
-0.003554	-245.483509	15.772000
-0.003550	-243.868820	15.872000
-0.003429	-241.861640	15.972000
-0.003424	-239.840652	16.072000
-0.003462	-237.873146	16.172000
-0.003399	-235.869469	16.272000
-0.003381	-233.950756	16.372000
-0.003383	-231.919962	16.472000
-0.003280	-229.670570	16.572000
-0.003291	-227.755162	16.672000
-0.003247	-225.785826	16.772000
-0.003223	-223.821804	16.872000
-0.003219	-221.935225	16.972000
-0.003107	-219.934806	17.072000
-0.003035	-217.928268	17.172000
-0.003043	-215.957681	17.272000
-0.003044	-214.014836	17.372000
-0.002967	-211.992563	17.472000
-0.002949	-210.030852	17.572000
-0.002952	-208.087028	17.672000
-0.002865	-205.978301	17.772000
-0.002842	-203.956096	17.872000
-0.002795	-201.939227	17.972000
-0.002797	-199.992844	18.072000
-0.002740	-197.980293	18.172000
-0.002663	-195.981027	18.272000
-0.002644	-194.250753	18.372000
-0.002643	-193.078252	18.472000
-0.002646	-192.643028	18.572000
-0.002645	-192.899653	18.672000
-0.002635	-193.669402	18.772000
-0.002638	-194.745549	18.872000
-0.002631	-195.999249	18.972000
-0.002689	-197.459923	19.072000
-0.002720	-199.021038	19.172000
-0.002733	-200.655049	19.272000
-0.002722	-202.370193	19.372000
-0.002756	-204.323199	19.472000
-0.002816	-207.136295	19.572000
-0.002898	-208.430942	19.672000
-0.002869	-209.880204	19.772000
-0.002876	-212.063555	19.872000
-0.002918	-214.486588	19.972000
-0.002898	-216.307113	20.072000
-0.002912	-217.698131	20.172000
-0.002995	-219.556797	20.272000
-0.003068	-221.590325	20.372000
-0.003111	-223.580146	20.472000
-0.003148	-225.604864	20.572000
-0.003206	-227.631815	20.672000
-0.003172	-229.591844	20.772000
-0.003292	-231.599231	20.872000
-0.003284	-233.537627	20.972000
-0.003292	-235.512001	21.072000
-0.003387	-237.498610	21.172000
-0.003386	-239.441042	21.272000
-0.003340	-241.396068	21.372000
-0.003463	-243.369866	21.472000
-0.003487	-245.323440	21.572000
-0.003548	-247.329811	21.672000
-0.003644	-249.363072	21.772000
-0.003646	-251.377803	21.872000
-0.003631	-253.291964	21.972000
-0.003668	-255.202434	22.072000
-0.003757	-257.110984	22.172000
-0.003808	-259.081492	22.272000
-0.003794	-261.048647	22.372000
-0.003824	-263.017951	22.472000
-0.003808	-264.948191	22.572000
-0.000798	-264.379912	22.672000
0.002792	-263.426486	22.772000
0.005264	-263.457666	22.872000
0.007683	-263.513157	22.972000
0.010954	-262.867852	23.072000
0.015074	-261.522196	23.172000
0.017104	-261.795258	23.272000
0.019352	-261.888680	23.372000
0.021665	-261.994886	23.472000
0.024067	-262.070183	23.572000
0.026303	-262.225559	23.672000
0.028595	-262.349561	23.772000
0.030767	-262.584617	23.872000
0.033069	-262.709540	23.972000
0.035547	-262.674974	24.072000
0.037809	-262.829415	24.172000
0.040171	-262.901561	24.272000
0.042549	-262.993897	24.372000
0.044933	-263.068625	24.472000
0.047383	-263.101897	24.572000
0.049996	-263.018679	24.672000
0.052071	-263.283616	24.772000
0.054334	-263.347654	24.872000
0.056620	-263.425018	24.972000
0.059079	-263.479888	25.072000
0.061410	-264.356460	25.172000
0.063759	-264.183035	25.273000
0.066037	-263.828224	25.372000
0.068350	-263.689819	25.472000
0.070727	-263.721168	25.572000
0.073033	-263.775053	25.672000
0.075502	-263.773120	25.772000
0.077920	-263.815126	25.872000
0.080318	-263.848367	25.972000
0.082599	-263.941483	26.072000
0.084098	-264.639376	26.172000
0.087472	-263.944982	26.272000
0.089901	-263.927978	26.372000
0.092250	-263.957839	26.472000
0.094680	-263.975268	26.572000
0.097126	-263.981559	26.672000
0.099590	-263.974206	26.772000
0.101967	-264.006138	26.872000
0.104424	-264.016554	26.972000
0.106867	-263.995408	27.072000
0.109339	-264.027638	27.172000
0.111787	-263.976888	27.272000
0.114070	-264.148429	27.372000
0.116744	-263.969123	27.472000
0.119181	-263.972566	27.572000
0.121613	-263.919186	27.672000
0.124056	-263.926411	27.772000
0.126570	-263.845268	27.872000
0.129073	-263.791730	27.972000
0.131687	-263.652015	28.072000
0.134325	-263.478106	28.172000
0.138750	-261.810349	28.272000
