0.000061	-10.209078	8.275000
0.000298	-10.018075	8.375000
-0.000103	-37.442569	8.475000
-0.000750	-79.179850	8.575000
-0.001263	-112.344441	8.675000
-0.001680	-137.352358	8.775000
-0.001985	-156.074574	8.875000
-0.002176	-170.469986	8.975000
-0.002393	-181.744179	9.075000
-0.002555	-190.644690	9.175000
-0.002663	-197.817348	9.275000
-0.002750	-203.409133	9.375000
-0.002837	-207.924846	9.475000
-0.002865	-211.800616	9.575000
-0.002937	-215.188176	9.675000
-0.002941	-218.323988	9.775000
-0.003030	-221.077306	9.875000
-0.003097	-223.453912	9.975000
-0.003130	-225.805689	10.075000
-0.003140	-228.100409	10.175000
-0.003205	-230.314675	10.275000
-0.003276	-232.464863	10.375000
-0.003266	-234.552085	10.475000
-0.003334	-236.663605	10.575000
-0.003361	-238.765602	10.675000
-0.003306	-240.748525	10.775000
-0.003427	-242.789672	10.875000
-0.003480	-244.691263	10.975000
-0.003479	-246.634152	11.075000
-0.003569	-248.681653	11.175000
-0.003638	-250.713606	11.275000
-0.003583	-252.727572	11.375000
-0.003620	-254.639532	11.475000
-0.003697	-256.628161	11.575000
-0.003761	-258.564350	11.675000
0.000335	-257.210490	11.775000
0.003895	-256.296097	11.875000
0.006208	-256.395732	11.975000
0.009268	-255.872313	12.075000
0.013710	-254.247491	12.175000
0.015757	-254.596370	12.275000
0.017797	-255.468351	12.375000
0.020052	-255.750430	12.475000
0.022172	-255.554041	12.575000
0.024418	-255.347511	12.675000
0.026440	-255.667072	12.775000
0.028732	-255.803280	12.875000
0.030996	-256.017677	12.975000
0.033483	-256.032351	13.075000
0.035515	-256.352765	13.175000
0.037756	-256.528627	13.275000
0.040050	-256.669431	13.375000
0.042252	-256.880630	13.475000
0.044575	-256.973566	13.575000
0.046865	-257.109920	13.675000
0.049036	-257.314521	13.775000
0.051355	-257.404240	13.875000
0.053643	-257.553399	13.975000
0.055978	-257.613313	14.075000
0.058261	-257.742600	14.175000
0.060585	-257.803113	14.275000
0.062985	-257.918065	14.375000
0.065228	-258.005312	14.475000
0.067581	-258.056047	14.575000
0.069881	-258.131264	14.675000
0.072170	-258.214886	14.775000
0.074491	-258.311386	14.875000
0.076863	-258.331853	14.975000
0.079245	-258.374440	15.075000
0.081528	-258.479591	15.175000
0.085234	-257.578250	15.275000
0.086337	-258.509888	15.375000
0.088749	-258.525235	15.475000
0.091112	-258.591432	15.575000
0.093540	-258.659380	15.675000
0.095944	-258.617480	15.775000
0.098330	-258.655734	15.875000
0.100750	-258.661355	15.975000
0.103229	-258.668764	16.075000
0.105577	-258.680351	16.175000
0.107897	-258.704294	16.275000
0.110326	-258.716971	16.375000
0.112717	-258.787415	16.475000
0.115213	-258.696986	16.575000
0.117701	-258.660486	16.675000
0.120127	-258.649264	16.775000
0.122566	-258.667496	16.875000
0.125108	-258.573944	16.975000
0.127576	-258.509475	17.075000
0.130140	-258.400839	17.175000
0.132834	-258.182556	17.275000
0.137845	-256.143707	17.375000
0.139373	-256.832913	17.475000
0.141574	-257.113867	17.575000
0.143875	-257.920570	17.675000
0.146164	-257.747524	17.775000
0.148523	-257.330077	17.875000
0.150876	-257.378715	17.975000
0.153161	-257.478022	18.075000
0.155510	-257.586870	18.175000
0.157844	-257.709541	18.275000
0.159918	-257.835508	18.375000
0.161355	-257.903618	18.475000
0.161926	-257.967209	18.575000
0.161772	-257.933714	18.675000
0.161081	-257.908370	18.775000
0.159939	-257.840903	18.875000
0.158528	-257.753150	18.975000
0.156835	-257.652159	19.075000
0.154974	-257.555640	19.175000
0.152981	-257.455539	19.275000
0.150953	-257.338986	19.375000
0.148855	-257.231405	19.475000
0.146740	-257.120705	19.575000
0.144527	-257.055478	19.675000
0.142252	-256.903496	19.775000
0.140009	-256.805881	19.875000
0.137779	-256.698144	19.975000
0.135592	-256.600050	20.075000
0.133265	-256.513734	20.175000
0.130918	-256.420078	20.275000
0.128598	-256.333554	20.375000
0.126319	-256.244557	20.475000
0.123993	-256.170647	20.575000
0.121648	-256.115533	20.675000
0.119333	-256.031743	20.775000
0.116982	-255.970736	20.875000
0.114592	-255.933279	20.975000
0.112172	-255.885757	21.075000
0.109777	-255.852293	21.175000
0.107336	-255.833741	21.275000
0.102235	-258.029562	21.375000
0.097908	-259.547971	21.475000
0.095696	-259.386044	21.575000
0.093332	-259.323710	21.675000
0.090914	-259.308373	21.775000
0.088505	-259.314441	21.875000
0.086079	-259.335786	21.975000
0.083525	-259.399230	22.075000
0.081056	-259.409046	22.175000
0.078665	-259.363463	22.275000
0.076178	-259.409524	22.375000
0.073764	-259.407053	22.475000
0.071332	-259.413088	22.575000
0.068829	-259.459031	22.675000
0.066361	-259.457550	22.775000
0.063998	-260.098507	22.875000
0.061469	-260.201541	22.975000
0.058893	-259.746390	23.075000
0.056343	-259.566365	23.175000
0.053960	-259.551183	23.275000
0.051513	-259.559120	23.375000
0.048859	-259.741558	23.475000
0.046603	-259.648537	23.575000
0.044155	-259.697083	23.675000
0.041639	-259.756006	23.775000
0.039136	-259.785525	23.875000
0.036566	-259.925199	23.975000
0.034052	-259.975056	24.075000
0.031581	-260.015684	24.175000
0.028819	-260.235411	24.275000
0.026192	-260.386245	24.375000
0.023505	-260.619907	24.475000
0.020804	-260.836460	24.575000
0.017904	-261.240511	24.675000
0.015016	-261.635799	24.775000
0.010470	-263.340558	24.875000
0.007255	-263.933095	24.975000
0.004771	-263.981583	25.075000
0.002262	-264.034770	25.175000
-0.000194	-264.041959	25.275000
-0.002605	-264.036550	25.375000
-0.003736	-263.015350	25.475000
-0.003703	-261.044943	25.575000
-0.003715	-259.055775	25.675000
-0.003681	-257.055700	25.776000
-0.003616	-255.073684	25.875000
-0.003568	-253.119332	25.975000
-0.003575	-251.171639	26.075000
-0.003562	-249.224028	26.175000
-0.003458	-247.193578	26.275000
-0.003446	-245.191079	26.375000
-0.003419	-243.198406	26.475000
-0.003285	-241.157545	26.575000
-0.003353	-239.262163	26.675000
-0.003347	-237.289894	26.775000
-0.003280	-235.287864	26.875000
-0.003282	-233.342422	26.975000
-0.003235	-231.378628	27.075000
-0.003149	-229.396353	27.175000
-0.003178	-227.485086	27.276000
-0.003150	-225.512745	27.375000
-0.003129	-223.543990	27.475000
-0.003100	-221.552022	27.575000
-0.003025	-219.546026	27.675000
-0.002968	-217.574989	27.775000
-0.003008	-215.654771	27.875000
-0.003013	-213.692105	27.975000
-0.002923	-212.165785	28.075000
-0.002910	-210.528366	28.175000
-0.002946	-208.275703	28.275000
