-0.000873	-6.774737	7.936000
0.000255	-10.063274	8.036000
-0.000686	-71.172797	8.137000
-0.001887	-146.566871	8.236000
-0.002927	-209.137869	8.336000
-0.002307	-256.216955	8.436000
0.055221	-245.338558	8.536000
0.084443	-247.208618	8.636000
0.105422	-248.346484	8.736000
0.119661	-249.416821	8.836000
0.129320	-250.483844	8.936000
0.135474	-250.915366	9.036000
0.141473	-249.593935	9.136000
0.142322	-250.953552	9.236000
0.142858	-251.473194	9.336000
0.142769	-251.918056	9.437000
0.142117	-251.927708	9.536000
0.141062	-251.842875	9.636000
0.139706	-251.817475	9.736000
0.138049	-251.789510	9.836000
0.136266	-251.736854	9.936000
0.134334	-251.683485	10.036000
0.132284	-251.626861	10.136000
0.130156	-251.561942	10.236000
0.128035	-251.482740	10.336000
0.125808	-251.427174	10.436000
0.123558	-251.367594	10.536000
0.121252	-251.316915	10.636000
0.118963	-251.261981	10.736000
0.116644	-251.212480	10.836000
0.114346	-251.173550	10.936000
0.111993	-251.149064	11.036000
0.109634	-251.134967	11.136000
0.106161	-252.033434	11.236000
0.099455	-255.452820	11.336000
0.097364	-255.216441	11.436000
0.095036	-255.130955	11.536000
0.092598	-255.551456	11.636000
0.091009	-255.247568	11.736000
0.087371	-255.757695	11.836000
0.085106	-255.254703	11.936000
0.082674	-256.078859	12.036000
0.080163	-256.030515	12.136000
0.077678	-255.317722	12.236000
0.075241	-255.342728	12.336000
0.072804	-255.391761	12.436000
0.070386	-255.415323	12.536000
0.068031	-255.371007	12.636000
0.065494	-255.493131	12.736000
0.063077	-255.528671	12.836000
0.060611	-255.546543	12.936000
0.058152	-255.573277	13.036000
0.055667	-255.616728	13.136000
0.052398	-256.231728	13.236000
0.050685	-255.722618	13.336000
0.048216	-255.772843	13.436000
0.045720	-255.817298	13.536000
0.043072	-255.987727	13.636000
0.040565	-256.031273	13.736000
0.038068	-256.099845	13.836000
0.035852	-255.984089	13.936000
0.032891	-256.382392	14.036000
0.030275	-256.528443	14.136000
0.027608	-256.693252	14.236000
0.025047	-256.811956	14.336000
0.022112	-257.206787	14.436000
0.019367	-257.472362	14.536000
0.016237	-258.015362	14.636000
0.013028	-258.635247	14.736000
0.007477	-261.139496	14.836000
0.004617	-261.477693	14.936000
0.002143	-261.531197	15.036000
-0.000353	-261.597369	15.136000
-0.002775	-261.593664	15.236000
-0.003751	-260.404123	15.336000
-0.003752	-258.423840	15.436000
-0.003711	-256.441548	15.536000
-0.003642	-254.449650	15.636000
-0.003632	-252.554046	15.736000
-0.003671	-250.943765	15.836000
-0.003618	-248.992078	15.936000
-0.003525	-246.848184	16.036000
-0.003548	-244.857810	16.136000
-0.003489	-242.862521	16.236000
-0.003393	-240.853119	16.336000
-0.003458	-238.620064	16.436000
-0.003419	-236.659626	16.536000
-0.003388	-234.706827	16.636000
-0.003426	-232.759496	16.736000
-0.003336	-230.874568	16.836000
-0.003270	-229.578709	16.936000
-0.003264	-227.392665	17.036000
-0.003241	-224.874750	17.136000
-0.003254	-222.788994	17.236000
-0.003161	-220.796499	17.336000
-0.003092	-218.845250	17.436000
-0.003044	-216.912198	17.536000
-0.003089	-214.990922	17.636000
-0.003061	-213.023906	17.736000
-0.002981	-211.055782	17.836000
-0.002991	-209.073464	17.936000
-0.002945	-207.213580	18.036000
-0.002884	-205.987401	18.136000
-0.002881	-205.483899	18.236000
-0.002904	-205.614639	18.336000
-0.002865	-206.227795	18.436000
-0.002936	-207.233908	18.536000
-0.002978	-208.500416	18.636000
-0.002985	-209.953446	18.736000
-0.002941	-211.545733	18.836000
-0.003024	-213.244769	18.936000
-0.003058	-215.046595	19.036000
-0.002992	-216.821919	19.136000
-0.003046	-218.656791	19.236000
-0.003073	-220.533371	19.336000
-0.003166	-222.463881	19.436000
-0.003154	-224.406441	19.536000
-0.003198	-226.342962	19.636000
-0.003220	-228.284257	19.736000
-0.003229	-230.253902	19.836000
-0.003320	-232.237025	19.936000
-0.003293	-234.189981	20.036000
-0.003327	-236.156249	20.136000
-0.003387	-238.139339	20.236000
-0.003317	-240.051599	20.336000
-0.003328	-241.993655	20.436000
-0.003445	-243.985992	20.536000
-0.003456	-245.941296	20.636000
-0.003523	-247.936149	20.736000
-0.003587	-249.919273	20.836000
-0.003549	-251.889849	20.936000
-0.003550	-253.848360	21.036000
-0.003649	-255.835970	21.136000
-0.002552	-256.877622	21.236000
0.001393	-255.687614	21.336000
0.004096	-255.490997	21.436000
0.006654	-255.367441	21.536000
0.012322	-252.739675	21.636000
0.014792	-252.715517	21.736000
0.016887	-252.967909	21.836000
0.019216	-253.064489	21.936000
0.021550	-253.156725	22.036000
0.023825	-254.066258	22.136000
0.025870	-254.174198	22.236000
0.028274	-253.680953	22.336000
0.030596	-253.595494	22.436000
0.032948	-253.690148	22.536000
0.035077	-253.930219	22.636000
0.037587	-253.881257	22.736000
0.039939	-254.000062	22.836000
0.042246	-254.088375	22.936000
0.044564	-254.163596	23.036000
0.046978	-254.192177	23.136000
0.049274	-254.308179	23.236000
0.051782	-254.264966	23.336000
0.053225	-254.952524	23.436000
0.056335	-254.495381	23.536000
0.058752	-254.519829	23.636000
0.061091	-254.587746	23.736000
0.063442	-254.638584	23.836000
0.065845	-254.659546	23.936000
0.068167	-254.770982	24.036000
0.070617	-254.759225	24.136000
0.072958	-254.830758	24.236000
0.075359	-254.814792	24.336000
0.077799	-254.822166	24.436000
0.080199	-254.859779	24.536000
0.082643	-254.853786	24.636000
0.085001	-254.898630	24.736000
0.087527	-254.837129	24.836000
0.091203	-253.932411	24.936000
0.092298	-254.897666	25.036000
0.094705	-254.936460	25.136000
0.097139	-254.927419	25.236000
0.099591	-254.925946	25.336000
0.101998	-254.942605	25.436000
0.104455	-254.922346	25.536000
0.106895	-254.922629	25.636000
0.109358	-254.897240	25.736000
0.111810	-254.880431	25.836000
0.114274	-254.867097	25.936000
0.116739	-254.827214	26.036000
0.119179	-254.830946	26.136000
0.121679	-254.776892	26.236000
0.124165	-254.735051	26.336000
0.126658	-254.710177	26.436000
0.129227	-254.613126	26.536000
0.131755	-254.524743	26.636000
0.134359	-254.361495	26.736000
0.137792	-253.624831	26.836000
0.142269	-251.973823	26.936000
0.143934	-252.557734	27.036000
0.146174	-252.707235	27.136000
0.148469	-252.810766	27.236000
0.150812	-253.413018	27.336000
0.153076	-253.752694	27.436000
0.155342	-253.521521	27.536000
0.157621	-253.217338	27.636000
0.159908	-253.333205	27.736000
0.162262	-253.480129	27.836000
0.164545	-253.643526	27.936000
