-0.000449	-10.467302	8.444000
0.000341	-9.598245	8.544000
-0.000059	-36.576192	8.644000
-0.000720	-76.455734	8.744000
-0.001222	-110.066036	8.844000
-0.001616	-136.629712	8.944000
-0.001998	-157.093231	9.044000
-0.002262	-172.770394	9.144000
-0.002439	-185.002072	9.246000
-0.002575	-194.513445	9.344000
-0.002747	-201.898550	9.444000
-0.002854	-208.044986	9.544000
-0.002901	-213.156798	9.644000
-0.002914	-217.502396	9.744000
-0.003063	-221.414417	9.844000
-0.003104	-224.918326	9.944000
-0.003161	-228.076237	10.044000
-0.003224	-231.113809	10.144000
-0.003260	-233.966091	10.244000
-0.003286	-236.732117	10.344000
-0.003306	-239.410727	10.444000
-0.003359	-241.998278	10.544000
-0.003440	-244.588925	10.644000
-0.003445	-247.140784	10.744000
-0.003562	-249.716673	10.844000
-0.003551	-252.230217	10.944000
-0.003567	-254.766395	11.044000
-0.003642	-257.234610	11.144000
-0.003726	-259.756689	11.244000
-0.003720	-262.231754	11.344000
-0.003689	-264.670124	11.444000
-0.003790	-267.154529	11.544000
-0.003857	-269.644750	11.644000
-0.003909	-272.129878	11.744000
-0.003945	-274.638301	11.844000
-0.003938	-277.082161	11.944000
-0.004041	-279.802520	12.044000
-0.004117	-283.032110	12.144000
-0.004076	-285.132526	12.244000
-0.004152	-286.971586	12.344000
-0.004160	-289.352946	12.444000
-0.004250	-291.845675	12.544000
-0.004277	-294.339104	12.644000
-0.004373	-296.876452	12.744000
-0.004333	-299.335689	12.844000
-0.004370	-301.791744	12.944000
-0.004482	-304.341592	13.044000
-0.004521	-306.790900	13.144000
-0.004487	-309.228342	13.244000
-0.004519	-311.685748	13.344000
-0.004615	-314.192893	13.444000
-0.004661	-316.642262	13.544000
-0.004670	-319.104248	13.644000
-0.004782	-321.605862	13.744000
-0.004783	-324.094966	13.844000
-0.004765	-326.529805	13.944000
-0.004891	-329.021856	14.044000
-0.004931	-331.543112	14.144000
-0.004916	-333.933707	14.244000
-0.004934	-336.403405	14.344000
-0.004994	-338.855196	14.444000
-0.005094	-341.345120	14.544000
-0.005129	-343.816352	14.644000
-0.005146	-346.278235	14.744000
-0.005213	-348.766774	14.844000
-0.005273	-351.249813	14.944000
-0.005254	-353.706729	15.044000
-0.005348	-356.224395	15.144000
-0.005354	-358.664764	15.245000
-0.005328	-361.102189	15.344000
-0.005407	-363.536743	15.444000
-0.005528	-366.032371	15.544000
-0.005578	-368.510408	15.644000
-0.005570	-370.966698	15.744000
-0.005602	-373.460922	15.844000
-0.005736	-375.949010	15.944000
-0.005742	-378.440025	16.044000
-0.005778	-380.909993	16.144000
-0.005702	-383.327867	16.244000
0.015673	-368.525972	16.344000
0.027076	-361.853426	16.444000
0.031142	-361.020026	16.544000
0.036311	-359.303292	16.644000
0.040299	-358.492793	16.744000
0.045343	-356.993776	16.844000
0.048752	-356.652352	16.944000
0.053714	-355.139286	17.044000
0.057567	-354.489857	17.144000
0.060907	-354.270552	17.244000
0.064985	-354.018516	17.344000
0.067878	-354.393712	17.444000
0.072001	-353.021477	17.544000
0.074827	-352.782558	17.644000
0.078861	-351.945592	17.744000
0.081677	-352.200308	17.844000
0.085946	-351.295934	17.944000
0.088370	-351.734099	18.044000
0.092406	-350.939924	18.144000
0.095033	-351.306607	18.244000
0.099052	-350.545740	18.344000
0.101482	-351.019034	18.444000
0.105140	-350.336108	18.544000
0.106520	-350.737842	18.644000
0.107330	-350.693632	18.744000
0.106493	-351.238813	18.844000
0.105652	-351.194867	18.944000
0.103108	-352.022633	19.044000
0.101171	-352.010003	19.144000
0.097532	-353.193943	19.244000
0.094755	-353.504218	19.344000
0.090976	-354.380125	19.444000
0.087402	-355.048617	19.544000
0.083748	-355.782313	19.644000
0.080068	-356.429717	19.744000
0.075618	-357.679589	19.844000
0.071928	-358.243439	19.944000
0.067416	-359.480638	20.044000
0.063454	-360.257238	20.144000
0.058594	-361.745791	20.244000
0.054271	-362.817121	20.344000
0.049488	-364.246825	20.444000
0.044868	-365.500385	20.544000
0.039717	-367.240563	20.644000
0.034211	-369.229781	20.744000
0.028308	-371.529689	20.844000
0.019800	-375.922470	20.944000
0.005164	-385.215309	21.044000
-0.000141	-387.031699	21.144000
-0.003813	-387.515209	21.244000
-0.005795	-386.678006	21.344000
-0.005707	-384.201899	21.444000
-0.005752	-381.762746	21.544000
-0.005719	-379.319474	21.644000
-0.005711	-376.847081	21.744000
-0.005660	-374.377851	21.844000
-0.005563	-371.877328	21.944000
-0.005528	-369.412879	22.044000
-0.005555	-366.961756	22.144000
-0.005447	-364.450113	22.244000
-0.005315	-361.972080	22.344000
-0.005313	-359.535081	22.444000
-0.005358	-357.338429	22.544000
-0.005294	-355.619893	22.644000
-0.005280	-352.613673	22.744000
-0.005206	-349.577519	22.844000
-0.005145	-347.105306	22.944000
-0.005118	-344.669792	23.044000
-0.005129	-342.231496	23.144000
-0.005008	-339.746897	23.244000
-0.004929	-337.315907	23.344000
-0.004923	-334.860712	23.444000
-0.004926	-332.436429	23.544000
-0.004896	-329.971372	23.644000
-0.004799	-327.484708	23.744000
-0.004765	-325.022767	23.844000
-0.004774	-322.572409	23.944000
-0.004715	-320.090777	24.044000
-0.004630	-317.618638	24.144000
-0.004637	-315.139014	24.244000
-0.004516	-312.660822	24.344000
-0.004498	-310.236836	24.444000
-0.004500	-307.791507	24.544000
-0.004502	-305.331661	24.644000
-0.004387	-302.827231	24.744000
-0.004329	-300.357322	24.844000
-0.004385	-297.920044	24.944000
-0.004284	-295.425082	25.044000
-0.004231	-292.946280	25.144000
-0.004191	-290.467275	25.244000
-0.004152	-288.010767	25.344000
-0.004089	-285.557851	25.444000
-0.004096	-283.082003	25.544000
-0.004086	-280.652181	25.644000
-0.003975	-278.133661	25.744000
-0.003917	-275.663083	25.844000
-0.003954	-273.223428	25.944000
-0.003883	-270.711984	26.044000
-0.003824	-268.250453	26.144000
-0.003704	-265.745239	26.244000
-0.003723	-263.330778	26.344000
-0.003710	-260.873689	26.444000
-0.003694	-258.405183	26.544000
-0.003592	-255.917766	26.644000
-0.003546	-253.451892	26.744000
-0.003585	-251.006698	26.844000
-0.003528	-248.510550	26.944000
-0.003454	-246.032127	27.044000
-0.003441	-243.589933	27.144000
-0.003295	-241.115279	27.244000
-0.003341	-238.710021	27.344000
-0.003302	-236.235109	27.444000
-0.003262	-233.748894	27.544000
-0.003221	-231.254322	27.644000
-0.003172	-228.778936	27.744000
-0.003171	-227.279841	27.844000
-0.003115	-224.549610	27.944000
-0.003043	-221.409460	28.044000
-0.002976	-218.799735	28.144000
-0.002956	-216.385144	28.244000
-0.002939	-213.998388	28.344000
-0.002855	-211.452470	28.444000
