0.000350	-7.464890	14.990000
0.000342	-7.037540	15.090000
-0.000038	-36.036113	15.190000
-0.000696	-76.550249	15.290000
-0.001264	-110.237489	15.390000
-0.001656	-136.681915	15.490000
-0.001965	-157.056946	15.590000
-0.002237	-172.741900	15.690000
-0.002448	-184.888020	15.790000
-0.002601	-194.372439	15.890000
-0.002735	-201.923552	15.990000
-0.002848	-208.034047	16.090000
-0.002910	-213.161754	16.190000
-0.002924	-217.512216	16.290000
-0.003079	-221.380447	16.390000
-0.003130	-224.905911	16.490000
-0.003103	-228.078722	16.590000
-0.003201	-231.069128	16.690000
-0.003273	-233.984375	16.790000
-0.003314	-236.725737	16.890000
-0.003277	-239.383285	16.990000
-0.003321	-241.992509	17.090000
-0.003474	-244.619468	17.190000
-0.003471	-247.139636	17.290000
-0.003541	-249.696545	17.390000
-0.003530	-252.210731	17.490000
-0.003605	-254.739935	17.590000
-0.003663	-257.230361	17.690000
-0.003678	-259.731454	17.790000
-0.003721	-262.220425	17.890000
-0.003720	-264.686991	17.990000
-0.003829	-267.142083	18.090000
-0.003851	-269.615977	18.190000
-0.003934	-272.122388	18.290000
-0.003972	-274.634367	18.390000
-0.003932	-277.085962	18.490000
-0.004044	-279.579405	18.590000
-0.004090	-282.036244	18.690000
-0.004086	-284.515491	18.790000
-0.004148	-286.987675	18.890000
-0.004210	-289.659474	18.990000
-0.004228	-292.901698	19.090000
-0.004252	-294.970737	19.190000
-0.004365	-296.868889	19.290000
-0.004373	-299.279633	19.390000
-0.004364	-301.734348	19.490000
-0.004428	-304.244003	19.590000
-0.004507	-306.762135	19.690000
-0.004516	-309.209917	19.790000
-0.004508	-311.647756	19.890000
-0.004581	-314.144140	19.990000
-0.004642	-316.599397	20.090000
-0.004722	-319.122809	20.190000
-0.004782	-321.609822	20.290000
-0.004754	-324.073773	20.390000
-0.004786	-326.501373	20.490000
-0.004891	-328.995544	20.590000
-0.004910	-331.473145	20.690000
-0.004921	-333.940209	20.790000
-0.004947	-336.399183	20.890000
-0.004978	-338.846188	20.990000
-0.005102	-341.378130	21.090000
-0.005142	-343.854122	21.190000
-0.005141	-346.269420	21.290000
-0.005164	-348.734954	21.390000
-0.005283	-351.242396	21.490000
-0.005293	-353.696591	21.590000
-0.005307	-356.174104	21.690000
-0.005291	-358.614910	21.790000
-0.005332	-361.075476	21.890000
-0.005450	-363.574404	21.990000
-0.005511	-366.034055	22.090000
-0.005533	-368.487693	22.190000
-0.005576	-370.961304	22.290000
-0.005611	-373.442436	22.390000
-0.005704	-375.937752	22.490000
-0.005686	-378.405411	22.590000
-0.005586	-380.743184	22.690000
0.001876	-377.213085	22.790000
0.005286	-376.926303	22.890000
0.015303	-371.269152	22.990000
0.024565	-366.279891	23.090000
0.029792	-364.546847	23.190000
0.034659	-363.070931	23.290000
0.039384	-361.745985	23.390000
0.043980	-360.513721	23.490000
0.048413	-359.438827	23.590000
0.051968	-358.977040	23.690000
0.056242	-357.981435	23.790000
0.060176	-357.285106	23.890000
0.063044	-357.370738	23.990000
0.067073	-356.615115	24.090000
0.071280	-355.684268	24.190000
0.074669	-356.238174	24.290000
0.077902	-355.994319	24.390000
0.081455	-355.073794	24.490000
0.085035	-354.358923	24.590000
0.088599	-353.949042	24.690000
0.091748	-353.863857	24.790000
0.095299	-353.497024	24.890000
0.098923	-353.002457	24.990000
0.101916	-352.910236	25.090000
0.103912	-352.853131	25.191000
0.104871	-352.682832	25.290000
0.104032	-353.233281	25.390000
0.103025	-353.283991	25.490000
0.100780	-353.859566	25.590000
0.098614	-354.078737	25.690000
0.095289	-354.986412	25.790000
0.092647	-355.123286	25.890000
0.088762	-356.135976	25.990000
0.085994	-356.230868	26.090000
0.080933	-357.946222	26.190000
0.077894	-358.163374	26.290000
0.074051	-358.891585	26.390000
0.069550	-360.186243	26.490000
0.066060	-360.566962	26.590000
0.060602	-362.472206	26.690000
0.057659	-362.501627	26.790000
0.052725	-364.069638	26.890000
0.047984	-365.382978	26.990000
0.043174	-366.832920	27.090000
0.038661	-368.091302	27.190000
0.033344	-369.962735	27.290000
0.027005	-372.558702	27.390000
0.018521	-376.914149	27.490000
0.005330	-385.076464	27.590000
-0.000084	-386.968231	27.690000
-0.003775	-387.469847	27.790000
-0.005780	-386.665888	27.890000
-0.005710	-384.202889	27.990000
-0.005766	-381.770158	28.090000
-0.005738	-379.335176	28.190000
-0.005724	-376.853403	28.290000
-0.005663	-374.372312	28.390000
-0.005610	-371.867475	28.490000
-0.005578	-369.422792	28.590000
-0.005533	-366.953320	28.690000
-0.005490	-364.477301	28.790000
-0.005396	-361.992158	28.890000
-0.005336	-359.532374	28.990000
-0.005336	-357.092876	29.090000
-0.005313	-354.648754	29.190000
-0.005328	-352.170174	29.290000
-0.005205	-349.687167	29.390000
-0.005148	-347.948622	29.490000
-0.005156	-345.460618	29.591000
-0.005152	-342.530689	29.690000
-0.005032	-339.707361	29.790000
-0.004944	-337.238742	29.890000
-0.004933	-334.818449	29.990000
-0.004943	-332.389770	30.090000
-0.004924	-329.945779	30.190000
-0.004835	-327.484907	30.290000
-0.004770	-325.036814	30.390000
-0.004803	-322.570984	30.490000
-0.004737	-320.093789	30.590000
-0.004662	-317.601563	30.690000
-0.004627	-315.136053	30.790000
-0.004525	-312.652469	30.890000
-0.004525	-310.220174	30.990000
-0.004527	-307.779531	31.090000
-0.004495	-305.333796	31.190000
-0.004381	-302.829951	31.290000
-0.004357	-300.365198	31.390000
-0.004392	-297.955181	31.490000
-0.004282	-295.401851	31.590000
-0.004217	-292.930019	31.690000
-0.004229	-290.499695	31.790000
-0.004168	-288.004710	31.890000
-0.004096	-285.560314	31.990000
-0.004080	-283.084781	32.090000
-0.004081	-280.621822	32.190000
-0.003995	-278.146601	32.290000
-0.003931	-275.653692	32.390000
-0.003957	-273.202586	32.490000
-0.003886	-270.717104	32.590000
-0.003851	-268.249905	32.690000
-0.003727	-265.760520	32.790000
-0.003696	-263.323277	32.890000
-0.003691	-260.881315	32.990000
-0.003697	-258.418826	33.090000
-0.003598	-255.924769	33.190000
-0.003541	-253.455445	33.290000
-0.003572	-251.020659	33.390000
-0.003514	-248.516205	33.490000
-0.003448	-246.027370	33.590000
-0.003451	-243.580831	33.690000
-0.003266	-241.066381	33.790000
-0.003319	-238.661569	33.890000
-0.003292	-236.206820	33.990000
-0.003289	-233.751197	34.090000
-0.003223	-231.256331	34.190000
-0.003148	-228.764583	34.290000
-0.003175	-226.335278	34.390000
-0.003119	-223.867062	34.490000
-0.003013	-221.365225	34.590000
-0.002986	-219.131653	34.690000
-0.002949	-217.429341	34.790000
-0.002935	-214.543270	34.890000
-0.002845	-211.412056	34.990000
