0.000184	-14.505533	8.580000
0.000216	-17.090862	8.680000
-0.000747	-81.688972	8.780000
-0.002125	-165.626701	8.880000
-0.003276	-236.005541	8.980000
-0.004172	-290.137066	9.080000
-0.004860	-330.296064	9.180000
-0.005390	-359.373066	9.280000
-0.000386	-375.651420	9.380000
0.036434	-360.333475	9.480000
0.053307	-356.617556	9.580000
0.063788	-354.750888	9.680000
0.070167	-353.846632	9.780000
0.073063	-354.085118	9.880000
0.075037	-353.831718	9.980000
0.074349	-354.752783	10.080000
0.074159	-354.695130	10.180000
0.071859	-355.875268	10.280000
0.070004	-356.384391	10.380000
0.067346	-357.185116	10.480000
0.065089	-357.573181	10.580000
0.061702	-358.730252	10.680000
0.058974	-359.231751	10.780000
0.055398	-360.399581	10.880000
0.052324	-361.077343	10.980000
0.048494	-362.326641	11.080000
0.044988	-363.281975	11.180000
0.041591	-364.178940	11.280000
0.036736	-366.139949	11.380000
0.033420	-366.914688	11.480000
0.028804	-368.697837	11.580000
0.023700	-370.903194	11.680000
0.013949	-376.765974	11.780000
0.005704	-381.413448	11.880000
0.001102	-383.235535	11.980000
-0.001793	-383.622900	12.080000
-0.004479	-383.901203	12.180000
-0.005755	-382.932814	12.280000
-0.005784	-381.008438	12.380000
-0.005711	-379.349075	12.480000
-0.005721	-377.983256	12.580000
-0.005702	-375.604785	12.680000
-0.005593	-372.986025	12.780000
-0.005564	-371.019926	12.880000
-0.005578	-369.090283	12.980000
-0.005534	-367.146708	13.080000
-0.005503	-365.177669	13.180000
-0.005426	-363.207059	13.280000
-0.005321	-361.255934	13.380000
-0.005319	-359.325438	13.480000
-0.005386	-357.407634	13.580000
-0.005334	-355.419514	13.680000
-0.005270	-353.447760	13.780000
-0.005278	-351.474848	13.880000
-0.005238	-349.515409	13.980000
-0.005191	-347.526611	14.080000
-0.005164	-345.576869	14.180000
-0.005109	-343.578442	14.280000
-0.005136	-341.617646	14.380000
-0.005074	-339.636139	14.480000
-0.004948	-337.658943	14.580000
-0.004913	-335.687276	14.680000
-0.004941	-333.761204	14.780000
-0.004932	-331.800142	14.880000
-0.004911	-329.818911	14.980000
-0.004865	-327.824768	15.080000
-0.004766	-325.833723	15.180000
-0.004764	-323.882123	15.280000
-0.004796	-321.922787	15.380000
-0.004732	-319.945642	15.480000
-0.004647	-317.929897	15.580000
-0.004657	-315.969007	15.680000
-0.004575	-314.008175	15.780000
-0.004530	-312.025954	15.880000
-0.004520	-310.087487	15.980000
-0.004494	-308.128516	16.080000
-0.004515	-306.156275	16.180000
-0.004462	-304.169387	16.280000
-0.004361	-302.176397	16.380000
-0.004332	-300.236753	16.480000
-0.004400	-298.270551	16.580000
-0.004354	-296.286493	16.680000
-0.004226	-294.288198	16.780000
-0.004227	-292.300938	16.880000
-0.004218	-290.343260	16.980000
-0.004150	-288.353359	17.080000
-0.004121	-286.415143	17.180000
-0.004075	-284.416153	17.280000
-0.004116	-282.453794	17.380000
-0.004047	-280.482766	17.480000
-0.003964	-278.474210	17.580000
-0.003937	-276.523893	17.680000
-0.003957	-275.177666	17.780000
-0.003949	-273.432498	17.880000
-0.003862	-270.923662	17.980000
-0.003868	-268.513874	18.080000
-0.003796	-266.545831	18.180000
-0.003706	-264.581482	18.280000
-0.003733	-262.672124	18.380000
-0.003693	-260.718007	18.480000
-0.003677	-258.748440	18.580000
-0.003670	-256.914668	18.680000
-0.003631	-255.677196	18.780000
-0.003609	-255.167363	18.880000
-0.003573	-255.273221	18.980000
-0.003632	-255.930198	19.080000
-0.003678	-256.936886	19.180000
-0.003710	-258.192156	19.280000
-0.003687	-259.629048	19.380000
-0.003685	-261.195013	19.480000
-0.003743	-262.923146	19.580000
-0.003698	-264.639362	19.680000
-0.003762	-266.478913	19.780000
-0.003847	-268.370889	19.880000
-0.003867	-270.230452	19.980000
-0.003925	-272.170842	20.080000
-0.003968	-274.119955	20.180000
-0.003940	-276.036455	20.280000
-0.003961	-277.992392	20.380000
-0.004029	-279.980728	20.480000
-0.004096	-281.921329	20.580000
-0.004114	-283.878931	20.680000
-0.004133	-285.852139	20.780000
-0.004141	-287.772302	20.880000
-0.004166	-289.768851	20.980000
-0.004252	-291.747740	21.080000
-0.004226	-293.691570	21.180000
-0.004319	-295.670850	21.280000
-0.004409	-297.691429	21.380000
-0.004346	-299.644599	21.480000
-0.004342	-301.605239	21.580000
-0.004446	-303.583632	21.680000
-0.004517	-305.579817	21.780000
-0.004494	-307.531837	21.880000
-0.004484	-309.497535	21.980000
-0.004530	-311.456702	22.080000
-0.004547	-313.420946	22.180000
-0.004617	-315.373977	22.280000
-0.004622	-317.339405	22.380000
-0.004722	-319.355416	22.480000
-0.004794	-321.338175	22.580000
-0.004736	-323.285151	22.680000
-0.004737	-325.255583	22.780000
-0.004821	-327.255099	22.880000
-0.004905	-329.563263	22.980000
-0.004883	-332.140986	23.080000
-0.004919	-333.576863	23.180000
-0.004928	-335.034442	23.280000
-0.004935	-337.001200	23.380000
-0.005002	-338.985011	23.480000
-0.005079	-341.008053	23.580000
-0.005108	-342.992863	23.680000
-0.005129	-344.969127	23.780000
-0.005162	-346.961143	23.880000
-0.005197	-348.943667	23.980000
-0.005255	-350.956135	24.080000
-0.005262	-352.914848	24.180000
-0.005319	-354.912745	24.280000
-0.005371	-356.879148	24.380000
-0.005285	-358.802117	24.480000
-0.005297	-360.772823	24.580000
-0.005404	-362.752127	24.680000
-0.005475	-364.724863	24.780000
-0.005506	-366.708250	24.880000
-0.005542	-368.682950	24.980000
-0.005571	-370.658940	25.080000
-0.005580	-372.633817	25.180000
-0.005648	-374.631003	25.280000
-0.005705	-376.610142	25.380000
-0.005723	-378.596147	25.480000
-0.005757	-380.577527	25.580000
0.001005	-377.083606	25.680000
0.004058	-376.609532	25.780000
0.009196	-374.434193	25.880000
0.018142	-369.155381	25.980000
0.024209	-366.268974	26.080000
0.028353	-364.905889	26.180000
0.031993	-363.914402	26.280000
0.035870	-362.786355	26.380000
0.039098	-362.163165	26.480000
0.042732	-361.218730	26.580000
0.045712	-360.791914	26.680000
0.049262	-359.854730	26.780000
0.052470	-359.208896	26.880000
0.055523	-358.731029	26.980000
0.058619	-358.231423	27.080000
0.061559	-357.799111	27.180000
0.064439	-357.425054	27.280000
0.067095	-357.249632	27.380000
0.070940	-356.131059	27.480000
0.072961	-356.479429	27.580000
0.076451	-355.623770	27.680000
0.078791	-355.731536	27.780000
0.081882	-355.242933	27.880000
0.086254	-353.765016	27.980000
0.087237	-354.774381	28.080000
0.090839	-354.145998	28.180000
0.092890	-355.167595	28.280000
0.096297	-353.822901	28.380000
0.098317	-353.623956	28.480000
0.101654	-352.889162	28.580000
