-0.002120	-7.304303	19.012000
0.000350	-6.284911	19.112000
-0.000067	-35.723264	19.212000
-0.000678	-76.106037	19.312000
-0.001255	-109.648680	19.412000
-0.001656	-135.799195	19.512000
-0.001967	-155.770363	19.612000
-0.002212	-171.048974	19.712000
-0.002426	-182.756616	19.812000
-0.002580	-191.810602	19.912000
-0.002654	-199.091649	20.012000
-0.002767	-204.550408	20.112000
-0.002864	-209.206463	20.212000
-0.002913	-213.110057	20.312000
-0.002946	-216.481677	20.412000
-0.002984	-219.422960	20.512000
-0.003068	-222.143662	20.612000
-0.003113	-224.701295	20.712000
-0.003172	-227.101509	20.812000
-0.003156	-229.331988	20.912000
-0.003214	-231.751337	21.012000
-0.003253	-234.515853	21.112000
-0.003328	-236.400479	21.212000
-0.003331	-237.887515	21.312000
-0.003285	-239.765075	21.412000
-0.003318	-241.787318	21.512000
-0.003450	-243.857614	21.612000
-0.003422	-245.847772	21.712000
-0.003487	-247.889474	21.812000
-0.003583	-249.923456	21.913000
-0.003556	-251.914248	22.013000
-0.003530	-253.941949	22.112000
-0.003618	-255.877493	22.212000
-0.003697	-257.885532	22.312000
-0.003689	-259.848098	22.412000
-0.003716	-261.847285	22.512000
-0.003731	-263.814351	22.612000
-0.003739	-265.778651	22.712000
-0.003823	-267.762878	22.812000
-0.003859	-269.730556	22.912000
-0.003922	-271.738919	23.012000
-0.003961	-273.789272	23.112000
-0.003923	-275.698966	23.212000
-0.003953	-277.676064	23.312000
-0.004041	-279.638039	23.412000
-0.004057	-281.623054	23.512000
-0.004089	-283.607357	23.612000
-0.004106	-285.596542	23.712000
-0.004151	-287.567123	23.812000
-0.004131	-289.539342	23.912000
-0.004227	-291.530040	24.012000
-0.004252	-293.517135	24.112000
-0.004308	-295.488374	24.212000
-0.004380	-297.495476	24.313000
-0.004365	-299.452929	24.412000
-0.004350	-301.436817	24.512000
-0.004421	-303.412400	24.612000
-0.004482	-305.385475	24.712000
-0.004529	-307.370213	24.812000
-0.004498	-309.334990	24.912000
-0.004494	-311.278845	25.012000
-0.004541	-313.267188	25.112000
-0.004649	-315.248476	25.212000
-0.004631	-317.199802	25.312000
-0.004679	-319.180476	25.412000
-0.004817	-321.208041	25.512000
-0.004772	-323.172425	25.612000
-0.004731	-325.130638	25.712000
-0.004822	-327.130703	25.812000
-0.004899	-329.116812	25.912000
-0.004929	-331.096247	26.012000
-0.004902	-333.050487	26.112000
-0.004916	-335.002499	26.212000
-0.004952	-337.496995	26.312000
-0.005031	-339.800148	26.412000
-0.005078	-341.247653	26.512000
-0.005150	-342.851975	26.612000
-0.005139	-344.801107	26.712000
-0.005144	-346.797096	26.812000
-0.005212	-348.791851	26.912000
-0.005296	-350.810524	27.012000
-0.005275	-352.790047	27.112000
-0.005288	-354.766142	27.212000
-0.005378	-356.771821	27.312000
-0.005339	-358.719011	27.412000
-0.005303	-360.682364	27.512000
-0.005378	-362.644094	27.612000
-0.005496	-364.642225	27.712000
-0.005559	-366.623324	27.812000
-0.005507	-368.588404	27.912000
-0.005563	-370.583644	28.012000
-0.005602	-372.557262	28.112000
-0.005671	-374.553345	28.212000
-0.005674	-376.550538	28.312000
-0.005725	-378.500847	28.412000
-0.005791	-380.489290	28.512000
-0.005719	-382.418843	28.612000
-0.005684	-384.375276	28.712000
-0.005765	-386.350638	28.812000
-0.005899	-388.354507	28.912000
-0.005952	-390.326286	29.012000
-0.005944	-392.160577	29.112000
-0.006004	-393.397755	29.212000
-0.005978	-393.890468	29.312000
-0.005981	-393.804969	29.416000
-0.005963	-394.154833	29.512000
0.008943	-380.839188	29.612000
0.033703	-359.088149	29.712000
0.027511	-362.652572	29.812000
0.020210	-366.928561	29.912000
0.007183	-375.824351	30.012000
0.001705	-378.861150	30.112000
-0.001625	-379.742735	30.212000
-0.004618	-380.133599	30.312000
-0.005686	-379.127726	30.412000
-0.005670	-377.217415	30.512000
-0.005693	-375.141260	30.612000
-0.005614	-373.028330	30.712000
-0.005544	-371.073961	30.812000
-0.005554	-369.154617	30.912000
-0.005531	-367.203900	31.012000
-0.005510	-365.248654	31.112000
-0.005415	-363.271006	31.212000
-0.005322	-361.322991	31.312000
-0.005307	-359.370756	31.412000
-0.005330	-358.050933	31.512000
-0.005326	-356.269038	31.612000
-0.005274	-353.751361	31.712000
-0.005279	-351.442574	31.812000
-0.005169	-349.455286	31.912000
-0.005154	-347.496049	32.012000
-0.005178	-345.583803	32.112000
-0.005076	-343.583801	32.212000
-0.005066	-341.616177	32.312000
-0.005042	-339.667931	32.412000
-0.004960	-337.809348	32.512000
-0.004884	-335.947755	32.612000
-0.004897	-334.071095	32.712000
-0.004907	-332.160090	32.812000
-0.004897	-330.079524	32.912000
-0.004817	-328.083475	33.012000
-0.004751	-325.837912	33.112000
-0.004754	-323.848121	33.212000
-0.004784	-321.903629	33.312000
-0.004727	-319.942845	33.412000
-0.004647	-317.947278	33.512000
-0.004642	-316.015281	33.612000
-0.004562	-314.023650	33.712000
-0.004517	-312.054025	33.812000
-0.004513	-310.121348	33.912000
-0.004474	-308.131516	34.012000
-0.004486	-306.217690	34.112000
-0.004451	-304.180388	34.212000
-0.004371	-302.190948	34.312000
-0.004311	-300.231387	34.412000
-0.004360	-298.297779	34.512000
-0.004354	-296.324729	34.612000
-0.004268	-294.316707	34.712000
-0.004210	-292.333399	34.812000
-0.004186	-290.370218	34.912000
-0.004154	-288.384095	35.012000
-0.004160	-286.448562	35.112000
-0.004077	-284.446414	35.212000
-0.004114	-282.505103	35.312000
-0.004072	-280.501692	35.412000
-0.003951	-278.492560	35.512000
-0.003931	-276.539286	35.612000
-0.003982	-274.597726	35.712000
-0.003955	-272.626343	35.812000
-0.003852	-270.613982	35.912000
-0.003856	-268.633484	36.012000
-0.003788	-266.660071	36.112000
-0.003699	-264.679651	36.212000
-0.003738	-262.758947	36.312000
-0.003712	-260.781403	36.412000
-0.003699	-258.799167	36.512000
-0.003652	-256.826662	36.612000
-0.003604	-255.289626	36.712000
-0.003567	-253.705746	36.812000
-0.003560	-251.354204	36.912000
-0.003525	-248.809894	37.012000
-0.003466	-246.833656	37.112000
-0.003473	-244.882292	37.212000
-0.003404	-242.920033	37.312000
-0.003267	-240.946877	37.412000
-0.003367	-239.075517	37.512000
-0.003349	-237.089098	37.612000
-0.003274	-235.103316	37.712000
-0.003281	-233.167568	37.812000
-0.003255	-231.160411	37.912000
-0.003163	-229.167830	38.012000
-0.003163	-227.224607	38.112000
-0.003124	-225.228832	38.212000
-0.003123	-223.289191	38.312000
-0.003044	-221.263960	38.412000
-0.003002	-219.270577	38.512000
-0.002964	-217.336762	38.612000
-0.002950	-215.379601	38.712000
-0.002943	-213.413460	38.812000
-0.002888	-211.441091	38.912000
-0.002906	-209.461383	39.013000
