0.000396	-5.956188	29.272000
0.000353	-8.100263	29.372000
-0.000374	-54.159178	29.472000
-0.001298	-112.878353	29.572000
-0.002062	-162.034422	29.672000
-0.002695	-200.489472	29.772000
-0.003196	-229.631611	29.872000
-0.003576	-251.541982	29.972000
-0.003798	-268.210852	30.072000
-0.004056	-280.855630	30.172000
-0.004227	-290.561290	30.272000
-0.004362	-298.120493	30.372000
-0.004438	-304.110393	30.472000
-0.004502	-309.047005	30.572000
-0.004579	-313.657746	30.672000
-0.004652	-317.497718	30.772000
-0.004736	-320.088756	30.872000
0.008841	-311.532756	30.972000
0.015154	-309.011505	31.072000
0.019072	-308.300549	31.172000
0.022872	-307.536586	31.272000
0.026605	-306.781786	31.372000
0.029601	-306.457535	31.472000
0.032977	-305.888865	31.572000
0.036433	-305.227631	31.672000
0.038834	-305.291863	31.772000
0.041691	-305.035562	31.872000
0.044454	-304.823706	31.972000
0.046532	-305.054550	32.072000
0.049916	-304.432704	32.172000
0.052829	-304.070455	32.272000
0.055336	-304.063810	32.372000
0.057928	-303.923905	32.472000
0.060831	-303.563000	32.572000
0.063018	-303.763864	32.672000
0.066014	-303.393565	32.772000
0.068732	-303.090800	32.872000
0.071360	-302.941381	32.972000
0.074019	-302.813136	33.072000
0.076629	-302.636272	33.172000
0.079352	-302.435683	33.272000
0.081926	-302.332876	33.372000
0.084586	-302.200677	33.472000
0.087215	-302.024019	33.572000
0.089699	-301.984070	33.672000
0.092358	-301.771969	33.772000
0.094918	-301.681360	33.872000
0.097575	-301.509697	33.972000
0.100065	-301.478627	34.072000
0.102745	-301.319428	34.172000
0.105377	-301.134765	34.272000
0.107826	-301.118542	34.372000
0.110359	-301.040937	34.472000
0.113137	-300.746162	34.572000
0.115359	-300.930404	34.672000
0.117959	-300.830726	34.772000
0.120504	-300.739136	34.872000
0.123114	-300.611933	34.972000
0.125527	-300.602581	35.072000
0.127930	-300.633611	35.172000
0.130410	-300.611451	35.272000
0.132933	-300.539383	35.372000
0.135387	-300.506855	35.472000
0.137875	-300.452649	35.572000
0.140363	-300.421459	35.672000
0.142801	-300.457546	35.772000
0.145341	-300.651990	35.872000
0.151411	-298.609364	35.972000
0.149195	-301.568250	36.072000
0.152688	-300.266840	36.172000
0.155118	-300.217501	36.272000
0.157658	-300.163683	36.372000
0.160201	-300.102851	36.472000
0.162810	-299.996324	36.572000
0.165362	-299.902961	36.672000
0.167848	-299.850227	36.772000
0.170275	-299.846919	36.872000
0.172939	-299.706859	36.972000
0.175540	-299.574238	37.072000
0.177974	-299.576835	37.172000
0.180556	-299.504032	37.272000
0.183400	-299.159374	37.372000
0.185015	-299.782587	37.472000
0.188804	-298.696421	37.572000
0.190874	-299.010572	37.672000
0.193679	-298.694508	37.772000
0.196061	-298.767878	37.872000
0.198874	-298.450447	37.972000
0.201635	-298.216022	38.072000
0.205029	-297.499758	38.172000
0.205742	-298.798678	38.272000
0.207855	-299.071760	38.372000
0.210203	-299.138598	38.472000
0.212559	-299.174766	38.572000
0.210486	-302.388630	38.672000
0.217401	-299.226657	38.772000
0.221350	-297.987610	38.872000
0.225543	-296.631443	38.972000
0.227607	-296.875461	39.072000
0.230189	-296.768192	39.172000
0.232515	-296.835691	39.272000
0.234624	-296.975127	39.372000
0.236016	-297.061693	39.472000
0.236726	-296.994831	39.572000
0.236676	-296.931946	39.672000
0.235687	-297.125818	39.772000
0.234582	-297.053918	39.872000
0.233228	-296.890083	39.972000
0.230745	-297.448816	40.072000
0.229934	-296.553196	40.172000
0.227678	-296.681688	40.272000
0.225413	-296.779166	40.372000
0.222410	-297.377919	40.472000
0.221613	-296.165761	40.572000
0.218916	-296.435515	40.672000
0.215614	-297.201987	40.772000
0.214099	-296.528258	40.872000
0.212071	-296.249495	40.972000
0.209661	-296.278842	41.072000
0.207467	-296.937739	41.172000
0.205239	-296.680450	41.272000
0.201898	-296.925957	41.372000
0.198922	-297.005221	41.472000
0.197534	-296.199112	41.572000
0.195860	-295.651505	41.672000
0.192984	-296.026202	41.772000
0.191197	-295.515416	41.872000
0.187667	-296.384191	41.972000
0.184698	-296.825902	42.072000
0.183324	-295.994848	42.172000
0.182053	-295.071861	42.272000
0.179341	-295.405438	42.372000
0.176338	-295.814744	42.472000
0.172697	-296.769750	42.572000
0.171281	-295.972327	42.672000
0.170321	-294.789102	42.772000
0.167274	-295.246054	42.872000
0.164358	-295.660978	42.972000
0.160497	-296.809703	43.072000
0.158130	-296.752020	43.172000
0.158730	-294.291118	43.272000
0.155376	-295.023674	43.372000
0.152504	-295.408148	43.472000
0.148113	-296.968079	43.572000
0.145478	-297.172174	43.672000
0.146742	-294.230299	43.772000
0.143348	-294.989488	43.872000
0.140231	-295.544211	43.972000
0.135571	-297.319510	44.072000
0.132827	-297.547543	44.172000
0.134664	-294.105135	44.272000
0.130694	-295.363810	44.372000
0.127640	-295.877612	44.472000
0.124381	-296.522439	44.572000
0.118635	-299.148362	44.672000
0.112735	-301.993375	44.772000
0.109918	-302.322630	44.872000
0.107152	-302.546108	44.972000
0.104518	-302.692647	45.072000
0.101846	-302.878839	45.172000
0.099192	-303.069712	45.272000
0.096509	-303.284174	45.372000
0.094013	-303.334643	45.472000
0.089781	-304.632980	45.572000
0.088464	-304.735601	45.672000
0.085715	-304.856095	45.772000
0.082888	-304.370733	45.872000
0.080219	-304.574369	45.972000
0.077441	-304.854921	46.072000
0.074685	-305.146926	46.172000
0.071887	-305.450584	46.272000
0.069098	-306.241268	46.372000
0.066179	-306.918063	46.472000
0.063426	-306.870178	46.572000
0.060388	-306.789846	46.672000
0.057487	-307.177649	46.772000
0.054537	-307.596908	46.872000
0.051565	-308.073317	46.972000
0.048565	-308.546211	47.072000
0.044757	-309.613437	47.172000
0.042126	-309.796743	47.272000
0.038944	-310.440824	47.372000
0.035588	-311.166053	47.472000
0.032150	-311.965729	47.572000
0.028570	-312.915625	47.672000
0.024990	-313.839328	47.772000
0.020861	-315.177282	47.872000
0.016529	-316.715599	47.972000
0.009095	-320.732347	48.072000
0.003036	-323.661059	48.172000
-0.000637	-324.624748	48.272000
-0.003605	-325.069715	48.372000
-0.004711	-324.007382	48.472000
-0.004800	-322.073084	48.572000
-0.004745	-320.061693	48.672000
-0.004626	-318.032251	48.772000
-0.004627	-316.056881	48.872000
-0.004599	-314.114626	48.972000
-0.004528	-312.128226	49.072000
-0.004475	-310.178232	49.172000
-0.004493	-308.216799	49.272000
