-0.002637	-6.821010	7.318000
0.000324	-9.312169	7.418000
-0.000629	-70.791005	7.518000
-0.001862	-146.599458	7.618000
-0.002896	-209.392004	7.718000
-0.003712	-257.538519	7.818000
-0.004320	-293.107441	7.918000
0.016342	-301.813268	8.018000
0.116748	-239.215469	8.118000
0.128793	-242.002187	8.218000
0.137253	-244.074961	8.318000
0.142291	-245.487012	8.418000
0.145230	-246.527346	8.518000
0.146952	-247.140282	8.618000
0.147730	-247.524117	8.718000
0.146173	-248.892256	8.818000
0.144673	-249.989398	8.918000
0.142685	-250.470915	9.018000
0.140108	-251.412707	9.118000
0.138034	-251.749124	9.218000
0.135444	-252.378332	9.318000
0.133510	-252.293008	9.418000
0.131089	-252.540787	9.518000
0.128591	-252.790023	9.618000
0.126158	-252.944484	9.718000
0.123611	-253.149042	9.818000
0.121152	-253.274405	9.918000
0.118627	-253.418345	10.018000
0.116121	-253.514328	10.118000
0.113632	-253.622526	10.218000
0.111135	-253.718510	10.318000
0.108584	-254.607123	10.418000
0.106037	-254.602365	10.518000
0.104079	-253.721636	10.618000
0.101130	-253.958594	10.718000
0.098585	-254.077792	10.818000
0.096077	-254.173671	10.918000
0.093622	-254.239689	11.018000
0.091103	-254.325622	11.118000
0.088661	-254.374085	11.218000
0.086248	-254.355919	11.318000
0.083706	-254.458631	11.418000
0.081233	-254.503484	11.518000
0.078870	-254.448129	11.618000
0.076227	-254.648498	11.718000
0.073736	-254.693342	11.818000
0.071296	-254.721167	11.918000
0.068732	-254.830870	12.018000
0.066237	-254.882700	12.118000
0.063710	-254.968923	12.218000
0.061952	-254.512732	12.318000
0.058669	-255.170921	12.418000
0.056153	-255.227260	12.518000
0.053501	-255.384383	12.618000
0.050973	-255.454449	12.718000
0.048388	-255.608849	12.818000
0.045761	-255.776519	12.918000
0.042691	-256.228136	13.018000
0.040485	-256.113343	13.118000
0.037734	-256.354086	13.218000
0.034930	-256.658029	13.318000
0.032437	-256.751090	13.418000
0.029275	-257.300718	13.518000
0.026375	-257.676190	13.618000
0.023163	-258.273285	13.718000
0.020316	-258.639241	13.818000
0.016895	-259.436443	13.918000
0.013137	-260.513724	14.018000
0.005690	-264.512804	14.118000
0.002341	-265.242349	14.218000
-0.000417	-265.492494	14.318000
-0.002980	-265.609815	14.418000
-0.003724	-264.280243	14.518000
-0.003752	-262.351723	14.618000
-0.003744	-260.387108	14.718000
-0.003746	-258.424119	14.818000
-0.003680	-256.419109	14.918000
-0.003610	-254.419052	15.018000
-0.003597	-252.460413	15.118000
-0.003630	-250.513104	15.218000
-0.003609	-248.520027	15.318000
-0.003507	-246.506989	15.418000
-0.003514	-244.555742	15.518000
-0.003489	-243.328226	15.618000
-0.003354	-241.238031	15.718000
-0.003429	-238.882255	15.818000
-0.003382	-236.618420	15.918000
-0.003349	-234.649950	16.018000
-0.003384	-232.705618	16.118000
-0.003305	-230.718686	16.218000
-0.003273	-228.737425	16.318000
-0.003243	-226.795186	16.418000
-0.003223	-224.831606	16.518000
-0.003226	-222.868543	16.618000
-0.003165	-220.874033	16.718000
-0.003109	-218.892913	16.818000
-0.003053	-216.937857	16.918000
-0.003077	-215.008352	17.018000
-0.003050	-213.038743	17.118000
-0.003006	-211.072631	17.218000
-0.003029	-209.094955	17.318000
-0.002966	-207.236236	17.418000
-0.002890	-205.997473	17.518000
-0.002899	-205.492726	17.618000
-0.002896	-205.628549	17.718000
-0.002889	-206.227861	17.818000
-0.002970	-207.233936	17.918000
-0.002988	-208.505766	18.018000
-0.002988	-209.953195	18.118000
-0.002966	-211.515337	18.218000
-0.003047	-213.234037	18.318000
-0.003073	-215.033291	18.418000
-0.003010	-216.810618	18.518000
-0.003060	-218.684318	18.618000
-0.003095	-220.521526	18.718000
-0.003195	-222.458902	18.818000
-0.003194	-224.398828	18.918000
-0.003211	-226.344752	19.018000
-0.003222	-228.307588	19.118000
-0.003258	-230.255625	19.218000
-0.003355	-232.252416	19.318000
-0.003322	-234.201106	19.418000
-0.003354	-236.156934	19.518000
-0.003406	-238.125019	19.618000
-0.003351	-240.055610	19.718000
-0.003408	-242.020826	19.818000
-0.003478	-243.985024	19.918000
-0.003460	-245.922319	20.018000
-0.003548	-247.943406	20.118000
-0.003620	-249.939682	20.218000
-0.003587	-251.896481	20.318000
-0.003583	-253.859643	20.418000
-0.003616	-255.810717	20.518000
-0.003720	-257.814331	20.618000
-0.003723	-259.785622	20.718000
-0.002275	-261.254012	20.818000
0.001942	-259.777114	20.918000
0.005296	-258.577733	21.018000
0.012811	-254.196319	21.118000
0.015256	-254.204977	21.218000
0.017679	-254.219908	21.318000
0.020169	-254.193730	21.418000
0.022799	-254.065694	21.518000
0.025471	-253.903276	21.618000
0.027717	-254.025475	21.718000
0.029898	-254.220234	21.818000
0.032583	-254.040322	21.918000
0.034942	-254.109141	22.018000
0.037376	-254.099929	22.118000
0.039767	-254.127084	22.218000
0.042746	-253.733886	22.318000
0.044566	-254.178725	22.418000
0.046978	-254.203766	22.518000
0.049351	-254.261885	22.618000
0.051784	-254.245892	22.718000
0.054205	-254.293446	22.818000
0.056565	-254.527741	22.918000
0.059028	-255.331307	23.018000
0.060434	-255.203044	23.118000
0.063689	-254.400298	23.218000
0.066057	-254.410729	23.318000
0.068529	-254.406072	23.418000
0.070946	-254.431196	23.518000
0.073377	-254.435623	23.618000
0.075774	-254.470737	23.718000
0.078084	-254.589966	23.818000
0.080634	-254.487006	23.918000
0.083055	-254.514548	24.018000
0.085461	-254.554742	24.118000
0.087909	-254.540785	24.218000
0.090291	-254.558597	24.318000
0.092684	-254.585968	24.418000
0.095125	-254.587231	24.518000
0.097570	-254.583799	24.618000
0.100027	-254.567827	24.718000
0.100440	-255.982930	24.818000
0.104862	-254.606588	24.918000
0.107248	-254.610784	25.018000
0.109671	-254.635345	25.118000
0.112160	-254.613837	25.218000
0.114554	-254.606866	25.318000
0.117038	-254.581430	25.418000
0.119478	-254.571967	25.518000
0.121916	-254.564797	25.618000
0.124347	-254.566645	25.718000
0.126893	-254.486768	25.818000
0.129353	-254.459645	25.918000
0.131832	-254.731828	26.018000
0.134072	-255.429273	26.118000
0.136739	-254.817049	26.218000
0.139483	-254.052302	26.318000
0.142337	-253.720505	26.418000
0.144969	-253.571350	26.518000
0.147996	-253.091449	26.618000
0.150633	-252.990363	26.718000
0.153002	-252.987391	26.818000
0.156191	-252.483036	26.918000
0.158372	-252.668569	27.018000
0.160408	-253.007383	27.118000
0.162987	-252.941962	27.218000
0.165244	-253.041330	27.318000
