0.000189	-9.006998	10.303000
0.000307	-10.561853	10.403000
-0.000347	-54.437709	10.503000
-0.001266	-112.612785	10.603000
-0.002036	-161.480037	10.703000
-0.002695	-199.609490	10.803000
-0.003185	-228.425725	10.903000
-0.003538	-250.046779	11.003000
-0.003791	-266.235695	11.103000
-0.004015	-278.371917	11.203000
-0.004168	-287.588834	11.303000
-0.004324	-294.612895	11.403000
-0.004364	-300.129794	11.503000
-0.004492	-304.670306	11.603000
-0.004497	-308.819652	11.703000
-0.004534	-311.709000	11.803000
-0.004587	-313.798923	11.903000
-0.004682	-315.908248	12.003000
-0.004690	-318.022657	12.103000
-0.004792	-319.981926	12.203000
-0.004869	-321.805677	12.303000
-0.004830	-323.534983	12.403000
-0.004845	-325.182160	12.503000
-0.004872	-326.801057	12.603000
-0.004943	-328.419962	12.703000
-0.005023	-329.998340	12.803000
-0.005036	-331.547135	12.903000
-0.005026	-333.077586	13.003000
-0.005006	-334.584131	13.103000
-0.005054	-336.081428	13.203000
-0.005068	-337.580876	13.303000
-0.005156	-339.093142	13.403000
-0.004547	-340.078431	13.503000
-0.002282	-339.734040	13.603000
-0.000982	-340.163374	13.703000
0.000334	-340.598504	13.803000
0.001790	-340.894473	13.903000
0.003561	-340.928813	14.003000
0.005547	-340.818054	14.103000
0.007454	-340.789152	14.203000
0.009225	-340.811032	14.303000
0.010996	-340.883741	14.403000
0.012702	-341.024097	14.503000
0.014294	-341.204561	14.603000
0.015840	-341.414039	14.703000
0.017369	-341.688544	14.803000
0.018831	-341.996344	14.903000
0.020243	-342.332772	15.003000
0.021552	-342.726785	15.103000
0.022935	-343.055391	15.203000
0.024260	-343.442442	15.303000
0.025585	-343.847105	15.403000
0.026911	-344.281840	15.503000
0.028202	-344.724480	15.603000
0.029471	-345.175021	15.703000
0.030740	-345.658433	15.803000
0.031954	-346.160317	15.903000
0.033167	-346.593194	16.003000
0.034443	-347.044970	16.103000
0.035681	-347.547867	16.203000
0.036908	-348.046077	16.303000
0.038092	-348.549903	16.403000
0.039279	-349.076467	16.503000
0.040475	-349.598297	16.603000
0.041667	-350.130427	16.703000
0.042747	-350.643603	16.803000
0.043877	-351.717793	16.903000
0.045025	-352.425873	17.003000
0.046182	-352.526690	17.103000
0.047372	-352.713205	17.203000
0.048529	-353.245281	17.303000
0.049704	-353.790111	17.403000
0.050840	-354.347741	17.503000
0.052034	-354.909904	17.603000
0.053141	-355.452971	17.703000
0.054294	-355.992528	17.803000
0.055463	-356.538457	17.903000
0.056611	-357.104798	18.003000
0.057725	-357.650278	18.103000
0.058924	-358.175156	18.203000
0.060097	-358.696993	18.303000
0.061249	-359.281806	18.403000
0.062272	-359.822817	18.503000
0.063397	-360.364083	18.603000
0.064517	-360.934947	18.703000
0.065705	-361.447791	18.803000
0.066863	-362.018523	18.903000
0.067967	-362.579364	19.003000
0.069104	-363.132504	19.103000
0.070249	-363.695143	19.203000
0.071356	-364.293491	19.303000
0.072458	-364.846092	19.403000
0.073581	-365.408015	19.503000
0.074738	-365.972047	19.603000
0.075855	-366.552466	19.703000
0.076973	-367.110055	19.803000
0.078126	-367.695438	19.903000
0.079228	-368.265257	20.003000
0.080360	-368.834696	20.103000
0.081376	-369.448502	20.203000
0.082485	-369.976077	20.303000
0.083550	-370.494911	20.403000
0.084237	-370.843115	20.503000
0.084517	-371.009193	20.603000
0.084459	-370.973003	20.703000
0.084085	-370.819285	20.803000
0.083523	-370.552077	20.903000
0.082768	-370.216851	21.003000
0.081932	-369.823443	21.103000
0.081052	-369.370081	21.203000
0.080173	-368.895159	21.303000
0.079166	-368.401372	21.403000
0.078098	-367.880466	21.503000
0.076981	-367.363615	21.603000
0.075943	-366.825159	21.703000
0.074829	-366.281439	21.803000
0.073710	-365.749957	21.903000
0.072574	-365.221712	22.003000
0.071421	-364.829104	22.103000
0.070295	-365.021458	22.203000
0.069111	-364.151271	22.303000
0.067958	-363.038800	22.403000
0.066819	-362.455976	22.503000
0.065670	-361.928033	22.603000
0.064478	-361.404248	22.703000
0.063365	-360.884886	22.803000
0.062225	-360.363151	22.903000
0.061120	-359.833114	23.003000
0.059984	-359.324844	23.103000
0.058806	-358.773834	23.203000
0.057594	-358.258949	23.303000
0.056425	-357.797128	23.403000
0.055251	-357.236285	23.503000
0.054046	-356.708676	23.603000
0.052862	-356.184491	23.703000
0.051745	-355.639981	23.803000
0.050595	-355.108428	23.903000
0.049418	-354.577876	24.003000
0.048255	-354.054030	24.103000
0.047067	-353.525166	24.203000
0.045889	-353.008364	24.303000
0.044690	-352.486546	24.403000
0.043532	-351.984811	24.503000
0.042335	-351.474795	24.603000
0.041224	-350.963985	24.703000
0.040050	-350.467505	24.803000
0.038895	-349.937887	24.903000
0.037658	-349.446636	25.003000
0.036473	-348.938918	25.103000
0.035279	-348.446318	25.203000
0.034047	-347.967261	25.303000
0.032807	-347.475267	25.403000
0.031585	-347.009675	25.503000
0.030334	-346.563460	25.603000
0.029033	-346.129024	25.703000
0.027797	-345.680827	25.803000
0.026484	-345.254173	25.903000
0.025170	-344.837689	26.003000
0.023823	-344.434833	26.103000
0.022505	-344.051928	26.203000
0.021126	-343.699620	26.303000
0.019751	-343.391068	26.403000
0.018289	-343.121499	26.503000
0.016761	-342.869503	26.603000
0.015149	-342.695669	26.703000
0.013462	-342.568443	26.803000
0.011663	-342.563328	26.903000
0.009641	-342.702240	27.003000
0.007364	-343.055362	27.103000
0.004710	-343.710891	27.203000
0.001953	-344.481114	27.303000
-0.000256	-345.297114	27.403000
-0.002201	-345.610792	27.503000
-0.003941	-345.126860	27.603000
-0.005102	-344.126944	27.703000
-0.005212	-342.746539	27.803000
-0.005181	-341.275434	27.903000
-0.005116	-339.796797	28.003000
-0.005079	-338.364001	28.103000
-0.005080	-336.886678	28.203000
-0.005046	-335.406348	28.303000
-0.005031	-333.949223	28.403000
-0.005029	-332.474641	28.503000
-0.005047	-331.009012	28.603000
-0.005055	-329.535029	28.703000
-0.005005	-328.047496	28.803000
-0.004943	-326.557567	28.903000
-0.004897	-325.086067	29.003000
-0.004897	-323.613509	29.103000
-0.004948	-322.143016	29.203000
-0.004898	-320.635581	29.303000
-0.004814	-319.166977	29.403000
-0.004758	-317.650769	29.503000
-0.004766	-316.164198	29.603000
-0.004725	-314.695232	29.703000
-0.004666	-313.210382	29.803000
-0.004614	-311.715670	29.903000
-0.004588	-310.710648	30.003000
-0.004591	-309.752971	30.103000
-0.004615	-307.274507	30.203000
-0.004586	-305.734877	30.303000
