-0.000105	-12.388352	9.140000
0.000293	-11.250954	9.240000
-0.000120	-36.450959	9.340000
-0.000709	-76.176110	9.440000
-0.001244	-109.428919	9.540000
-0.001672	-135.564986	9.640000
-0.001996	-155.774867	9.740000
-0.002248	-171.571194	9.840000
-0.002451	-182.967521	9.940000
-0.002582	-191.458336	10.040000
-0.002686	-198.705053	10.140000
-0.002808	-204.284862	10.240000
-0.002895	-208.896237	10.340000
-0.002931	-212.735656	10.440000
-0.002970	-216.113992	10.540000
-0.002991	-219.097575	10.640000
-0.003119	-222.081062	10.740000
-0.003173	-224.343400	10.840000
-0.003184	-226.720183	10.940000
-0.003178	-228.959491	11.040000
-0.003277	-231.207460	11.140000
-0.003328	-233.334505	11.240000
-0.003313	-235.430621	11.340000
-0.003399	-237.531468	11.440000
-0.003355	-239.541982	11.540000
-0.003332	-241.539494	11.640000
-0.003485	-243.576293	11.740000
-0.003468	-245.543217	11.840000
-0.003494	-247.561758	11.940000
-0.003615	-249.584989	12.040000
-0.003605	-251.580308	12.140000
-0.003595	-253.571832	12.240000
-0.003683	-255.553136	12.340000
-0.003726	-257.546104	12.440000
-0.003729	-259.530719	12.540000
-0.003748	-261.500094	12.640000
-0.003764	-263.497243	12.740000
-0.003755	-265.432927	12.840000
-0.003886	-267.427128	12.940000
-0.003864	-269.363413	13.040000
-0.003916	-271.376858	13.140000
-0.004039	-273.401751	13.240000
-0.004024	-275.371546	13.340000
-0.003988	-277.331612	13.441000
-0.004069	-279.307398	13.540000
-0.004137	-281.300164	13.640000
-0.004165	-283.309518	13.740000
-0.004186	-285.264340	13.840000
-0.004200	-287.233292	13.940000
-0.004167	-289.189551	14.040000
-0.004289	-291.190691	14.140000
-0.004319	-293.169605	14.240000
-0.004322	-295.146771	14.340000
-0.004437	-297.145484	14.440000
-0.004406	-299.108745	14.540000
-0.004367	-301.065340	14.640000
-0.004483	-303.080653	14.740000
-0.004535	-305.030826	14.840000
-0.004550	-307.025109	14.940000
-0.004550	-309.683974	15.040000
-0.004552	-311.547197	15.140000
-0.004579	-313.046657	15.240000
-0.004673	-314.825922	15.340000
-0.004695	-316.797605	15.440000
-0.004694	-318.782940	15.540000
-0.004824	-320.819584	15.640000
-0.004832	-322.820612	15.740000
-0.004800	-324.781163	15.840000
-0.004881	-326.776224	15.940000
-0.003731	-327.802205	16.040000
-0.001489	-327.949386	16.140000
-0.000038	-328.746516	16.240000
0.001373	-329.579166	16.340000
0.002979	-330.243908	16.440000
0.004739	-330.750575	16.540000
0.006863	-330.968096	16.640000
0.009448	-330.863858	16.740000
0.012229	-330.581173	16.840000
0.014930	-330.401624	16.940000
0.017468	-330.324560	17.040000
0.019861	-330.347863	17.140000
0.022132	-330.452446	17.240000
0.024355	-330.663367	17.340000
0.026525	-330.896664	17.440000
0.028577	-331.195338	17.540000
0.030587	-331.530537	17.640000
0.032560	-331.934057	17.741000
0.034468	-332.327905	17.840000
0.036322	-332.753521	17.940000
0.038130	-333.233548	18.040000
0.039948	-333.713855	18.140000
0.041801	-334.189343	18.240000
0.043615	-334.723701	18.340000
0.045420	-335.720884	18.440000
0.047156	-335.865710	18.540000
0.048867	-336.319152	18.640000
0.050628	-336.891353	18.740000
0.052400	-337.486721	18.840000
0.054128	-337.996476	18.940000
0.055828	-338.603760	19.040000
0.057495	-339.216151	19.140000
0.058984	-339.775004	19.240000
0.059977	-340.186602	19.340000
0.060389	-340.366651	19.440000
0.060229	-340.379251	19.540000
0.059673	-340.215493	19.640000
0.058841	-339.938040	19.740000
0.057730	-339.600568	19.840000
0.056507	-339.207594	19.940000
0.055112	-338.758871	20.040000
0.053579	-338.303351	20.140000
0.051935	-338.082535	20.240000
0.050342	-338.190334	20.340000
0.048555	-337.407256	20.440000
0.046762	-336.402806	20.540000
0.045057	-335.893639	20.640000
0.043255	-335.429376	20.740000
0.041435	-334.989265	20.840000
0.039615	-334.557614	20.940000
0.037720	-334.117098	21.040000
0.035834	-333.719082	21.140000
0.033943	-333.335055	21.240000
0.032037	-332.995949	21.340000
0.029998	-332.674721	21.440000
0.027948	-332.365805	21.540000
0.025785	-332.149741	21.640000
0.023503	-332.011997	21.740000
0.021130	-331.959375	21.840000
0.018667	-332.031365	21.940000
0.015831	-332.329331	22.040000
0.012691	-332.913084	22.140000
0.009107	-333.822313	22.240000
0.005747	-334.545242	22.340000
0.002956	-334.850156	22.440000
0.000376	-334.985306	22.540000
-0.002020	-334.968561	22.640000
-0.004138	-334.751119	22.740000
-0.004969	-333.456096	22.840000
-0.004968	-331.480529	22.940000
-0.004946	-329.503004	23.040000
-0.004904	-327.514313	23.140000
-0.004829	-325.527255	23.240000
-0.004803	-323.560447	23.340000
-0.004862	-321.610471	23.440000
-0.004778	-319.608954	23.540000
-0.004686	-317.591530	23.640000
-0.004711	-315.638006	23.740000
-0.004603	-313.660332	23.840000
-0.004532	-311.685795	23.940000
-0.004563	-309.740119	24.041000
-0.004558	-307.806600	24.140000
-0.004540	-305.820923	24.240000
-0.004474	-303.823831	24.340000
-0.004393	-301.835711	24.440000
-0.004360	-299.859489	24.540000
-0.004429	-297.915603	24.640000
-0.004384	-295.949288	24.740000
-0.004282	-293.915085	24.840000
-0.004274	-291.947896	24.940000
-0.004222	-289.997030	25.040000
-0.004182	-287.990960	25.141000
-0.004192	-286.069726	25.240000
-0.004154	-284.079708	25.340000
-0.004110	-282.099945	25.440000
-0.004087	-280.741721	25.540000
-0.004027	-278.775005	25.640000
-0.003987	-276.383744	25.740000
-0.004034	-274.118850	25.840000
-0.003963	-272.136985	25.940000
-0.003876	-270.144353	26.040000
-0.003903	-268.218356	26.140000
-0.003836	-266.240976	26.240000
-0.003741	-264.284214	26.340000
-0.003756	-262.331939	26.440000
-0.003749	-260.369251	26.540000
-0.003746	-258.390334	26.640000
-0.003692	-256.413862	26.740000
-0.003629	-254.427666	26.840000
-0.003577	-252.473650	26.940000
-0.003612	-250.526588	27.040000
-0.003583	-248.547992	27.140000
-0.003482	-246.525232	27.240000
-0.003479	-244.559823	27.340000
-0.003428	-242.572798	27.440000
-0.003313	-240.622785	27.540000
-0.003387	-238.699271	27.640000
-0.003373	-236.729420	27.740000
-0.003280	-234.729981	27.840000
-0.003299	-232.754303	27.940000
-0.003259	-230.742323	28.040000
-0.003165	-228.749476	28.140000
-0.003190	-226.812735	28.240000
-0.003177	-224.851137	28.340000
-0.003124	-222.855414	28.440000
-0.003059	-220.846978	28.540000
-0.003020	-218.873142	28.640000
-0.002948	-216.922114	28.740000
-0.003002	-214.991916	28.840000
-0.002951	-213.000430	28.940000
-0.002871	-211.003772	29.040000
-0.002938	-209.076899	29.140000
