0.000100	-9.184005	9.012000
0.000326	-8.623528	9.112000
-0.000111	-36.030961	9.212000
-0.000692	-76.123965	9.312000
-0.001229	-109.506186	9.412000
-0.001639	-135.667441	9.512000
-0.001995	-155.704123	9.612000
-0.002221	-170.889650	9.712000
-0.002419	-182.466295	9.812000
-0.002554	-191.499313	9.912000
-0.002689	-198.635008	10.012000
-0.002775	-204.288691	10.112000
-0.002871	-208.957463	10.212000
-0.002905	-212.827669	10.312000
-0.002891	-216.177179	10.412000
-0.002981	-219.152042	10.512000
-0.003073	-222.013802	10.612000
-0.003105	-225.206787	10.712000
-0.003145	-227.341346	10.812000
-0.003129	-229.056792	10.912000
-0.003226	-231.154040	11.012000
-0.003280	-233.327837	11.112000
-0.003269	-235.419978	11.212000
-0.003352	-237.527650	11.312000
-0.003334	-239.570219	11.412000
-0.003317	-241.573096	11.512000
-0.003473	-243.638735	11.612000
-0.003475	-245.602727	11.712000
-0.003510	-247.593523	11.812000
-0.003602	-249.630885	11.912000
-0.003592	-251.625002	12.012000
-0.003609	-253.643455	12.112000
-0.003657	-255.599504	12.212000
-0.003731	-257.604636	12.312000
-0.003749	-259.597648	12.412000
-0.003763	-261.563033	12.512000
-0.003782	-263.583407	12.612000
-0.003817	-265.499366	12.712000
-0.003914	-267.480256	12.812000
-0.003913	-269.458308	12.912000
-0.003947	-271.454173	13.012000
-0.004068	-273.515844	13.112000
-0.004039	-275.444122	13.212000
-0.004027	-277.396013	13.312000
-0.004106	-279.361959	13.412000
-0.004169	-281.367709	13.512000
-0.004230	-283.377916	13.612000
-0.004223	-285.335732	13.712000
-0.004254	-287.317562	13.812000
-0.004248	-289.287753	13.912000
-0.004345	-291.275239	14.012000
-0.004356	-293.267833	14.112000
-0.004411	-295.217533	14.212000
-0.004501	-297.214879	14.312000
-0.004480	-299.195426	14.412000
0.010565	-289.057207	14.512000
0.016794	-286.037728	14.612000
0.019084	-286.128794	14.712000
0.022006	-285.756270	14.812000
0.024891	-285.414619	14.912000
0.027563	-285.178170	15.012000
0.030438	-284.837291	15.112000
0.032943	-284.811624	15.212000
0.035405	-284.755003	15.312000
0.038152	-284.522395	15.412000
0.040674	-284.458253	15.512000
0.043309	-284.313028	15.612000
0.045137	-284.734728	15.712000
0.048267	-284.248440	15.812000
0.050915	-284.699026	15.912000
0.053406	-284.698103	16.012000
0.055728	-284.327551	16.112000
0.057318	-284.588276	16.212000
0.061034	-283.680957	16.312000
0.063457	-283.759598	16.412000
0.066076	-283.579816	16.512000
0.068661	-283.478858	16.612000
0.071365	-283.250780	16.712000
0.073769	-283.361616	16.812000
0.076478	-283.127259	16.912000
0.079060	-283.010644	17.012000
0.081618	-282.918005	17.112000
0.084287	-282.774073	17.212000
0.085167	-283.868546	17.312000
0.089211	-282.669721	17.412000
0.091782	-282.564187	17.512000
0.094369	-282.510311	17.612000
0.096843	-282.412103	17.712000
0.099410	-282.308321	17.812000
0.101870	-282.312089	17.912000
0.104477	-282.212299	18.012000
0.106953	-282.140916	18.112000
0.109474	-282.065955	18.212000
0.111938	-282.034125	18.312000
0.114431	-282.044299	18.412000
0.116802	-282.038686	18.512000
0.119371	-281.937634	18.612000
0.122016	-281.776971	18.712000
0.124344	-281.899293	18.812000
0.126858	-281.814605	18.912000
0.129295	-281.785253	19.012000
0.131593	-281.759373	19.112000
0.133026	-281.789618	19.212000
0.133599	-281.842567	19.312000
0.133423	-281.884867	19.412000
0.132543	-281.996624	19.512000
0.131343	-282.006695	19.612000
0.129625	-282.151179	19.712000
0.127711	-282.252536	19.812000
0.125679	-282.306864	19.912000
0.123428	-282.447538	20.012000
0.121122	-282.546302	20.112000
0.118616	-282.767888	20.212000
0.116270	-282.805504	20.312000
0.113789	-282.921701	20.412000
0.111228	-283.072930	20.512000
0.108473	-283.414213	20.612000
0.106084	-283.384333	20.712000
0.103545	-283.504394	20.812000
0.100757	-283.782716	20.912000
0.098291	-283.833505	21.012000
0.095684	-284.618276	21.112000
0.092901	-284.916141	21.212000
0.090233	-284.660173	21.312000
0.088311	-284.009533	21.412000
0.084810	-284.849771	21.512000
0.082216	-285.018892	21.612000
0.079426	-285.321034	21.712000
0.076839	-285.460915	21.812000
0.073987	-285.778163	21.912000
0.071043	-286.242272	22.012000
0.068314	-286.458193	22.112000
0.065554	-286.723678	22.212000
0.062708	-287.034526	22.312000
0.058688	-288.236234	22.412000
0.056927	-287.797980	22.512000
0.053943	-288.261355	22.612000
0.050860	-288.790491	22.712000
0.048046	-289.096207	22.812000
0.045260	-289.392392	22.912000
0.041818	-290.191918	23.012000
0.038649	-290.780847	23.112000
0.035143	-291.596578	23.212000
0.032098	-292.128786	23.312000
0.028516	-293.039392	23.412000
0.025006	-293.926951	23.512000
0.021219	-294.969988	23.612000
0.016773	-296.565969	23.712000
0.012223	-298.275336	23.812000
0.004986	-302.195208	23.912000
-0.001437	-305.400247	24.012000
-0.004208	-305.632428	24.112000
-0.004563	-303.944385	24.212000
-0.004471	-301.938626	24.312000
-0.004444	-299.971859	24.412000
-0.004497	-298.022675	24.512000
-0.004414	-296.021319	24.612000
-0.004333	-294.023402	24.712000
-0.004332	-292.045268	24.812000
-0.004239	-290.054883	24.912000
-0.004225	-288.091104	25.012000
-0.004194	-286.139065	25.112000
-0.004156	-284.132973	25.212000
-0.004160	-282.161983	25.312000
-0.004091	-280.178384	25.412000
-0.003992	-278.183672	25.512000
-0.003959	-276.219440	25.612000
-0.004015	-274.269166	25.712000
-0.003987	-272.284615	25.812000
-0.003889	-270.274641	25.912000
-0.003849	-268.297151	26.012000
-0.003778	-266.317779	26.112000
-0.003742	-264.341626	26.212000
-0.003736	-262.824324	26.313000
-0.003707	-261.160981	26.412000
-0.003703	-258.920260	26.512000
-0.003643	-256.393781	26.612000
-0.003571	-254.423050	26.712000
-0.003566	-252.474271	26.812000
-0.003600	-250.549245	26.912000
-0.003540	-248.541531	27.012000
-0.003454	-246.562973	27.112000
-0.003461	-244.598463	27.212000
-0.003414	-242.628434	27.312000
-0.003279	-240.643924	27.412000
-0.003365	-238.745782	27.512000
-0.003303	-236.761804	27.612000
-0.003282	-234.770035	27.712000
-0.003300	-232.806852	27.812000
-0.003234	-230.806273	27.912000
-0.003167	-228.823749	28.012000
-0.003142	-226.875030	28.112000
-0.003103	-224.876233	28.212000
-0.003140	-222.935467	28.312000
-0.003071	-220.910753	28.412000
-0.003014	-218.928281	28.512000
-0.002938	-216.970350	28.612000
-0.003010	-215.058730	28.712000
-0.002981	-213.085199	28.812000
-0.002915	-211.093703	28.912000
-0.002950	-209.136826	29.012000
