0.001421	-4.706433	12.145000
0.000426	-5.695142	12.245000
-0.000037	-35.262306	12.345000
-0.000667	-75.684450	12.445000
-0.001185	-109.257905	12.545000
-0.001602	-135.473272	12.645000
-0.001940	-155.532855	12.745000
-0.002186	-170.706623	12.845000
-0.002393	-182.598001	12.945000
-0.002541	-191.400763	13.045000
-0.002636	-198.531728	13.145000
-0.002738	-204.130739	13.245000
-0.002852	-208.828096	13.345000
-0.002907	-212.708008	13.445000
-0.002939	-216.083259	13.545000
-0.002961	-219.023199	13.645000
-0.003047	-221.757424	13.745000
-0.003099	-224.314820	13.845000
-0.003120	-226.688533	13.945000
-0.003140	-228.950554	14.045000
-0.003221	-231.149861	14.145000
-0.003272	-233.314159	14.245000
-0.003277	-235.386522	14.345000
-0.003360	-237.468228	14.445000
-0.003352	-239.508277	14.545000
-0.003342	-241.503431	14.645000
-0.003466	-243.544214	14.745000
-0.003494	-246.146549	14.845000
-0.003561	-248.181514	14.945000
-0.003617	-249.748370	15.045000
-0.003591	-251.446481	15.145000
-0.003616	-253.482259	15.245000
-0.003692	-255.457684	15.345000
-0.003794	-257.494748	15.445000
-0.003792	-259.488915	15.545000
-0.003801	-261.458886	15.645000
-0.003811	-263.452294	15.745000
-0.003823	-265.388286	15.845000
-0.003945	-267.390822	15.945000
-0.003963	-269.370898	16.045000
-0.003994	-271.372195	16.145000
-0.004090	-273.389605	16.245000
-0.004062	-275.345338	16.345000
-0.004060	-277.319178	16.445000
-0.004126	-279.282172	16.545000
-0.004187	-281.282427	16.645000
-0.004196	-283.288279	16.745000
-0.004199	-285.252610	16.845000
-0.004240	-287.237159	16.945000
-0.004254	-289.195042	17.045000
-0.004309	-291.160099	17.145000
-0.004357	-293.159778	17.245000
-0.004398	-295.320808	17.345000
-0.004484	-297.116789	17.445000
-0.004453	-299.077003	17.545000
-0.004420	-301.037576	17.645000
-0.004467	-303.033992	17.745000
-0.004556	-305.017315	17.845000
-0.004588	-307.003187	17.945000
-0.004573	-308.972644	18.045000
-0.004570	-310.926595	18.145000
-0.004595	-312.885212	18.245000
-0.004674	-314.867415	18.345000
-0.004678	-316.822142	18.445000
-0.004735	-318.810683	18.545000
-0.004802	-320.808200	18.645000
-0.004800	-322.800001	18.745000
-0.004786	-324.768826	18.845000
-0.004846	-326.744520	18.945000
-0.004915	-328.743142	19.045000
-0.004945	-330.706978	19.145000
-0.004927	-332.683386	19.245000
-0.004924	-334.641593	19.346000
-0.004959	-336.606410	19.445000
-0.004999	-338.581899	19.545000
0.005428	-332.130954	19.645000
0.017586	-324.293536	19.745000
0.017365	-326.467038	19.845000
0.019465	-326.721099	19.945000
0.022214	-327.167258	20.045000
0.024957	-326.896754	20.145000
0.027564	-326.272977	20.245000
0.030096	-325.950429	20.345000
0.032601	-325.948839	20.445000
0.034980	-325.999912	20.545000
0.037261	-326.112582	20.645000
0.039550	-326.288828	20.745000
0.041691	-326.509362	20.845000
0.043735	-326.770166	20.945000
0.045781	-327.064809	21.045000
0.047844	-327.368485	21.145000
0.049875	-327.708776	21.245000
0.051848	-328.074902	21.345000
0.053803	-328.472154	21.445000
0.055735	-328.867449	21.545000
0.057650	-329.269925	21.645000
0.059643	-329.674836	21.745000
0.061492	-330.148285	21.845000
0.063336	-330.628715	21.945000
0.065193	-331.063131	22.045000
0.067083	-331.510594	22.145000
0.068712	-331.958389	22.245000
0.069851	-332.250948	22.345000
0.070246	-332.409206	22.445000
0.070079	-332.592655	22.545000
0.069500	-332.396974	22.645000
0.068529	-332.134526	22.745000
0.067341	-331.902097	22.845000
0.065951	-331.607405	22.945000
0.064331	-331.312767	23.045000
0.062673	-331.002426	23.145000
0.060944	-330.607681	23.245000
0.059141	-330.277899	23.345000
0.057207	-329.940182	23.445000
0.055310	-329.578089	23.545000
0.053371	-329.252936	23.645000
0.051387	-328.932557	23.745000
0.049375	-328.630677	23.845000
0.047295	-328.355785	23.945000
0.045225	-328.093526	24.045000
0.043117	-327.877590	24.145000
0.041005	-327.837476	24.245000
0.038820	-327.503055	24.345000
0.036502	-327.399943	24.445000
0.034152	-327.790033	24.545000
0.031685	-327.813612	24.645000
0.029064	-327.556500	24.745000
0.026263	-327.831003	24.845000
0.023261	-328.268203	24.945000
0.019781	-329.107747	25.045000
0.016114	-330.132760	25.145000
0.012967	-331.125699	25.245000
0.010025	-331.921808	25.345000
0.007193	-331.854060	25.445000
0.004521	-331.539693	25.545000
0.002042	-331.623321	25.645000
-0.000355	-331.828254	25.745000
-0.002684	-332.302690	25.845000
-0.004666	-331.200281	25.945000
-0.004916	-329.384805	26.045000
-0.004824	-327.407121	26.145000
-0.004734	-325.425556	26.245000
-0.004729	-323.480097	26.345000
-0.004784	-321.544742	26.445000
-0.004718	-319.565419	26.545000
-0.004648	-317.553290	26.645000
-0.004637	-315.666336	26.745000
-0.004550	-313.863295	26.845000
-0.004513	-311.646915	26.945000
-0.004520	-309.705239	27.045000
-0.004513	-307.755437	27.145000
-0.004501	-305.920268	27.245000
-0.004430	-303.830357	27.345000
-0.004340	-301.780235	27.445000
-0.004340	-299.834058	27.545000
-0.004414	-297.894500	27.645000
-0.004342	-295.903200	27.745000
-0.004261	-293.903456	27.845000
-0.004276	-291.937255	27.945000
-0.004207	-289.965808	28.045000
-0.004202	-288.008976	28.145000
-0.004151	-286.080113	28.245000
-0.004130	-284.083602	28.345000
-0.004146	-282.083030	28.445000
-0.004104	-280.090978	28.545000
-0.004039	-278.120758	28.645000
-0.004002	-276.290074	28.745000
-0.004043	-274.260896	28.845000
-0.004027	-272.848423	28.945000
-0.003933	-271.002786	29.045000
-0.003912	-269.352894	29.145000
-0.003886	-267.381941	29.245000
-0.003800	-265.473902	29.345000
-0.003798	-263.018927	29.445000
-0.003778	-260.794578	29.545000
-0.003825	-258.464050	29.645000
-0.003741	-256.171503	29.745000
-0.003652	-254.229557	29.845000
-0.003641	-252.331528	29.946000
-0.003693	-250.449103	30.045000
-0.003631	-248.534362	30.145000
-0.003551	-246.747823	30.245000
-0.003535	-244.511715	30.345000
-0.003486	-242.758014	30.445000
-0.003385	-241.444313	30.545000
-0.003432	-239.141442	30.645000
-0.003413	-236.618896	30.745000
-0.003331	-234.623893	30.845000
-0.003345	-232.656254	30.945000
-0.003286	-230.682224	31.045000
-0.003233	-228.736823	31.145000
-0.003228	-227.376787	31.245000
-0.003169	-224.943678	31.345000
-0.003159	-222.814394	31.445000
-0.003100	-220.878696	31.545000
-0.003052	-218.851428	31.645000
-0.002963	-216.906710	31.745000
-0.002985	-214.968214	31.845000
-0.002955	-212.990120	31.945000
-0.002885	-211.007942	32.045000
-0.002922	-209.062814	32.145000
